1;1480;28760;14808;13952
1;1393;30409;15738;14671
1;1306;31462;16180;15282
1;1219;30357;15568;14789
1;1132;29863;15195;14668
1;1045;30461;15560;14901
1;958;30194;15614;14580
1;871;30580;15671;14909
1;784;31850;16336;15514
1;697;31203;16059;15144
1;610;29482;15114;14368
1;523;29093;14747;14346
1;436;28900;14769;14131
1;349;29338;14915;14423
1;262;29650;15320;14330
1;175;29295;15091;14204
1;88;30885;15756;15129
1;1;33488;17343;16145
1;1481;30422;15736;14686
1;1394;31158;16004;15154
1;1307;30438;15629;14809
1;1220;30013;15275;14738
1;1133;30586;15630;14956
1;1046;30241;15621;14620
1;959;30534;15651;14883
1;872;31538;16165;15373
1;785;30754;15789;14965
1;698;29215;14953;14262
1;611;28818;14596;14222
1;524;28645;14640;14005
1;437;28942;14696;14246
1;350;29381;15180;14201
1;263;29138;15007;14131
1;176;30771;15693;15078
1;89;33281;17240;16041
1;2;35789;18450;17339
1;1482;30861;15865;14996
1;1395;30030;15413;14617
1;1308;29823;15204;14619
1;1221;30383;15511;14872
1;1134;30105;15551;14554
1;1047;30330;15535;14795
1;960;31190;15970;15220
1;873;30019;15427;14592
1;786;28771;14696;14075
1;699;28586;14511;14075
1;612;28415;14527;13888
1;525;28605;14542;14063
1;438;28893;14915;13978
1;351;28933;14911;14022
1;264;30598;15593;15005
1;177;33142;17141;16001
1;90;35607;18327;17280
1;3;36203;18780;17423
1;1483;29710;15245;14465
1;1396;29400;14949;14451
1;1309;30104;15376;14728
1;1222;29909;15460;14449
1;1135;30027;15368;14659
1;1048;30816;15783;15033
1;961;29502;15141;14361
1;874;27976;14315;13661
1;787;28211;14342;13869
1;700;28184;14426;13758
1;613;28370;14437;13933
1;526;28692;14794;13898
1;439;28456;14695;13761
1;352;30335;15488;14847
1;265;32934;17026;15908
1;178;35453;18225;17228
1;91;36030;18716;17314
1;4;36990;19016;17974
1;1484;29046;14770;14276
1;1397;29674;15170;14504
1;1310;29663;15351;14312
1;1223;29816;15268;14548
1;1136;30521;15672;14849
1;1049;29173;14985;14188
1;962;27564;14119;13445
1;875;27522;13991;13531
1;788;27870;14252;13618
1;701;28194;14370;13824
1;614;28482;14684;13798
1;527;28252;14579;13673
1;440;29805;15221;14584
1;353;32617;16869;15748
1;266;35287;18129;17158
1;179;35904;18637;17267
1;92;36790;18904;17886
1;5;38297;19530;18767
1;1485;29320;14979;14341
1;1398;29298;15163;14135
1;1311;29590;15142;14448
1;1224;30250;15505;14745
1;1137;28857;14816;14041
1;1050;27229;13955;13274
1;963;27133;13793;13340
1;876;27266;13930;13336
1;789;27843;14170;13673
1;702;28307;14590;13717
1;615;28026;14459;13567
1;528;29606;15099;14507
1;441;32252;16643;15609
1;354;34963;17991;16972
1;267;35724;18560;17164
1;180;36689;18840;17849
1;93;38129;19445;18684
1;6;39981;20498;19483
1;1486;28993;14993;14000
1;1399;29258;14985;14273
1;1312;29914;15333;14581
1;1225;28564;14657;13907
1;1138;26920;13780;13140
1;1051;26815;13627;13188
1;964;26924;13761;13163
1;877;27264;13890;13374
1;790;28062;14475;13587
1;703;27852;14379;13473
1;616;29331;14963;14368
1;529;32075;16547;15528
1;442;34537;17817;16720
1;355;35454;18437;17017
1;268;36533;18763;17770
1;181;38009;19384;18625
1;94;39797;20386;19411
1;7;41068;21019;20049
1;1487;28996;14844;14152
1;1400;29534;15143;14391
1;1313;28325;14539;13786
1;1226;26674;13653;13021
1;1139;26584;13491;13093
1;1052;26678;13639;13039
1;965;26954;13744;13210
1;878;27494;14198;13296
1;791;27637;14241;13396
1;704;29178;14889;14289
1;617;31865;16432;15433
1;530;34325;17691;16634
1;443;35129;18242;16887
1;356;36286;18648;17638
1;269;37840;19272;18568
1;182;39683;20335;19348
1;95;40949;20966;19983
1;8;46153;23681;22472
1;1488;29248;15001;14247
1;1401;27966;14353;13613
1;1314;26456;13538;12918
1;1227;26423;13403;13020
1;1140;26484;13537;12947
1;1053;26755;13643;13112
1;966;27249;14079;13170
1;879;27135;13989;13146
1;792;28997;14802;14195
1;705;31723;16350;15373
1;618;34147;17607;16540
1;531;34942;18138;16804
1;444;35951;18487;17464
1;357;37657;19182;18475
1;270;39490;20243;19247
1;183;40860;20931;19929
1;96;45938;23569;22369
1;9;52584;26753;25831
1;1489;27687;14213;13474
1;1402;26198;13404;12794
1;1315;26230;13302;12928
1;1228;26336;13467;12869
1;1141;26576;13555;13021
1;1054;27058;13965;13093
1;967;26884;13855;13029
1;880;28527;14552;13975
1;793;31506;16240;15266
1;706;34018;17541;16477
1;619;34793;18062;16731
1;532;35773;18387;17386
1;445;37350;19080;18270
1;358;39271;20135;19136
1;271;40709;20861;19848
1;184;45843;23510;22333
1;97;52207;26452;25755
1;10;52641;26992;25649
1;1490;25924;13269;12655
1;1403;25935;13186;12749
1;1316;26085;13341;12744
1;1229;26394;13453;12941
1;1142;26794;13824;12970
1;1055;26657;13748;12909
1;968;28274;14419;13855
1;881;30996;15977;15019
1;794;33804;17408;16396
1;707;34642;17962;16680
1;620;35597;18300;17297
1;533;37203;18979;18224
1;446;39001;20014;18987
1;359;40518;20757;19761
1;272;45677;23414;22263
1;185;51874;26356;25518
1;98;52424;26866;25558
1;11;53811;27416;26395
1;1491;25630;13019;12611
1;1404;25742;13174;12568
1;1317;26062;13281;12781
1;1230;26571;13706;12865
1;1143;26377;13600;12777
1;1056;27970;14274;13696
1;969;30679;15805;14874
1;882;33265;17125;16140
1;795;34442;17842;16600
1;708;35453;18228;17225
1;621;37017;18884;18133
1;534;38860;19949;18911
1;447;40236;20610;19626
1;360;45412;23276;22136
1;273;51496;26225;25271
1;186;52125;26746;25379
1;99;53262;27085;26177
1;12;52618;26899;25719
1;1492;25498;13050;12448
1;1405;25766;13128;12638
1;1318;26283;13554;12729
1;1231;26177;13488;12689
1;1144;27743;14159;13584
1;1057;30394;15654;14740
1;970;32886;16923;15963
1;883;33917;17575;16342
1;796;35285;18124;17161
1;709;36858;18800;18058
1;622;38684;19859;18825
1;535;40061;20505;19556
1;448;45081;23124;21957
1;361;51055;25988;25067
1;274;51566;26432;25134
1;187;52618;26754;25864
1;100;52018;26581;25437
1;13;53434;27253;26181
1;1493;25533;13010;12523
1;1406;26027;13404;12623
1;1319;25969;13386;12583
1;1232;27574;14071;13503
1;1145;30200;15550;14650
1;1058;32638;16803;15835
1;971;33604;17421;16183
1;884;34779;17870;16909
1;797;36657;18687;17970
1;710;38518;19768;18750
1;623;39894;20398;19496
1;536;44877;23014;21863
1;449;50021;25427;24594
1;362;51156;26223;24933
1;275;51913;26475;25438
1;188;51290;26183;25107
1;101;52566;26770;25796
1;14;56206;28665;27541
1;1494;25809;13287;12522
1;1407;25727;13247;12480
1;1320;27343;13954;13389
1;1233;30021;15457;14564
1;1146;32451;16695;15756
1;1059;33361;17284;16077
1;972;34490;17718;16772
1;885;36140;18415;17725
1;798;38348;19686;18662
1;711;39745;20317;19428
1;624;44650;22902;21748
1;537;49707;25293;24414
1;450;50403;25832;24571
1;363;51245;26131;25114
1;276;50373;25748;24625
1;189;51866;26299;25567
1;102;55545;28239;27306
1;15;57641;29709;27932
1;1495;25486;13111;12375
1;1408;27075;13810;13265
1;1321;29757;15328;14429
1;1234;32257;16595;15662
1;1147;33163;17203;15960
1;1060;34237;17576;16661
1;973;35838;18270;17568
1;886;37787;19396;18391
1;799;39564;20227;19337
1;712;44465;22807;21658
1;625;49381;25113;24268
1;538;50063;25683;24380
1;451;49873;25438;24435
1;364;49695;25397;24298
1;277;51120;26023;25097
1;190;54694;27729;26965
1;103;56885;29192;27693
1;16;55902;28297;27605
1;1496;26855;13687;13168
1;1409;29472;15175;14297
1;1322;31978;16447;15531
1;1235;32955;17095;15860
1;1148;33996;17443;16553
1;1061;35615;18156;17459
1;974;37551;19279;18272
1;887;39070;19958;19112
1;800;44134;22630;21504
1;713;49160;24992;24168
1;626;49729;25501;24228
1;539;49282;25155;24127
1;452;48158;24517;23641
1;365;50185;25520;24665
1;278;53831;27371;26460
1;191;56060;28740;27320
1;104;55282;27967;27315
1;17;55055;27995;27060
1;1497;29237;15048;14189
1;1410;31719;16320;15399
1;1323;32719;16956;15763
1;1236;33799;17334;16465
1;1149;35400;18052;17348
1;1062;37328;19172;18156
1;975;38813;19835;18978
1;888;43668;22382;21286
1;801;48883;24797;24086
1;714;49486;25361;24125
1;627;48771;24945;23826
1;540;47518;24192;23326
1;453;48805;24700;24105
1;366;52832;26816;26016
1;279;55146;28349;26797
1;192;54336;27394;26942
1;105;54218;27486;26732
1;18;53854;27614;26240
1;1498;31212;16053;15159
1;1411;32306;16734;15572
1;1324;33409;17126;16283
1;1237;35129;17912;17217
1;1150;37036;19031;18005
1;1063;38447;19635;18812
1;976;43172;22134;21038
1;889;48157;24439;23718
1;802;49051;25139;23912
1;715;48439;24763;23676
1;628;46871;23878;22993
1;541;47996;24283;23713
1;454;51057;25865;25192
1;367;53891;27645;26246
1;280;53257;26909;26348
1;193;53550;27125;26425
1;106;53133;27168;25965
1;19;49980;25365;24615
1;1499;30910;16112;14798
1;1412;32479;16705;15774
1;1325;34279;17469;16810
1;1238;36258;18633;17625
1;1151;37601;19273;18328
1;1064;42078;21667;20411
1;977;46508;23745;22763
1;890;46940;24178;22762
1;803;47774;24398;23376
1;716;46465;23633;22832
1;629;47216;23889;23327
1;542;50063;25340;24723
1;455;51331;26227;25104
1;368;51917;26240;25677
1;281;52561;26671;25890
1;194;52513;26811;25702
1;107;48937;24748;24189
1;20;49076;25187;23889
1;1500;31285;16084;15201
1;1413;33474;17063;16411
1;1326;35424;18129;17295
1;1239;36941;18949;17992
1;1152;41333;21250;20083
1;1065;45710;23375;22335
1;978;45899;23664;22235
1;891;45811;23444;22367
1;804;45581;23168;22413
1;717;46626;23570;23056
1;630;49181;24964;24217
1;543;50116;25567;24549
1;456;49425;24890;24535
1;369;51269;26030;25239
1;282;51617;26314;25303
1;195;48211;24407;23804
1;108;48230;24609;23621
1;21;48091;24571;23520
1;1501;32106;16369;15737
1;1414;34528;17694;16834
1;1327;36070;18386;17684
1;1240;40809;20947;19862
1;1153;44991;22963;22028
1;1066;45185;23300;21885
1;979;44563;22817;21746
1;892;43333;22037;21296
1;805;45525;23050;22475
1;718;48371;24520;23851
1;631;49069;25072;23997
1;544;48153;24159;23994
1;457;48463;24586;23877
1;370;50316;25612;24704
1;283;47218;23959;23259
1;196;47664;24384;23280
1;109;46993;23903;23090
1;22;47225;23966;23259
1;1502;33001;16941;16060
1;1415;35080;17934;17146
1;1328;39605;20202;19403
1;1241;44196;22607;21589
1;1154;44381;22980;21401
1;1067;43574;22371;21203
1;980;41774;21280;20494
1;893;42923;21859;21064
1;806;46975;23739;23236
1;719;48306;24685;23621
1;632;47063;23609;23454
1;545;47204;23822;23382
1;458;47883;24516;23367
1;371;45949;23341;22608
1;284;46871;23954;22917
1;197;46479;23649;22830
1;110;46213;23330;22883
1;23;46406;23472;22934
1;1503;33130;17045;16085
1;1416;38241;19688;18553
1;1329;42701;21741;20960
1;1242;43442;22579;20863
1;1155;42472;21946;20526
1;1068;40627;20833;19794
1;981;40770;20903;19867
1;894;43604;22268;21336
1;807;46751;23807;22944
1;720;46354;23268;23086
1;633;46280;23371;22909
1;546;46666;23748;22918
1;459;44087;22349;21738
1;372;45633;23403;22230
1;285;45595;23205;22390
1;198;45841;23064;22777
1;111;45536;22967;22569
1;24;46218;23320;22898
1;1504;36276;18774;17502
1;1417;41233;21146;20087
1;1330;42063;21723;20340
1;1243;41779;21647;20132
1;1156;39882;20570;19312
1;1069;39782;20497;19285
1;982;41715;21418;20297
1;895;43093;22231;20862
1;808;44918;22473;22445
1;721;45529;23036;22493
1;634;45845;23234;22611
1;547;43064;21654;21410
1;460;43620;22365;21255
1;373;44489;22649;21840
1;286;45102;22634;22468
1;199;45168;22723;22445
1;112;45173;22692;22481
1;25;46167;23028;23139
1;1505;39178;20160;19018
1;1418;40718;21125;19593
1;1331;40770;20973;19797
1;1244;39354;20377;18977
1;1157;39300;20227;19073
1;1070;40959;21053;19906
1;983;41139;21224;19915
1;896;41165;20802;20363
1;809;44215;22308;21907
1;722;45180;22924;22256
1;635;42196;21142;21054
1;548;42429;21703;20726
1;461;42191;21480;20711
1;374;43572;22021;21551
1;287;44292;22269;22023
1;200;44940;22607;22333
1;113;45476;22721;22755
1;26;45844;22889;22955
1;1506;39040;20360;18680
1;1419;39394;20360;19034
1;1332;38422;19760;18662
1;1245;38794;19986;18808
1;1158;40327;20709;19618
1;1071;40100;20687;19413
1;984;39076;19766;19310
1;897;40008;20372;19636
1;810;43531;22066;21465
1;723;41310;20733;20577
1;636;41653;21213;20440
1;549;41286;20937;20349
1;462;41996;21193;20803
1;375;43410;21785;21625
1;288;44259;22177;22082
1;201;45269;22633;22636
1;114;45081;22417;22664
1;27;46469;23032;23437
1;1507;38011;19755;18256
1;1420;37360;19300;18060
1;1333;38070;19599;18471
1;1246;39951;20454;19497
1;1159;39510;20352;19158
1;1072;38100;19284;18816
1;985;38309;19492;18817
1;898;39675;20235;19440
1;811;39921;19939;19982
1;724;40907;20865;20042
1;637;40583;20545;20038
1;550;41381;20762;20619
1;463;42128;21116;21012
1;376;43511;21720;21791
1;289;44725;22297;22428
1;202;44711;22127;22584
1;115;45802;22543;23259
1;28;47698;23902;23796
1;1508;36272;18819;17453
1;1421;37133;19184;17949
1;1334;39687;20291;19396
1;1247;39427;20310;19117
1;1160;37884;19219;18665
1;1073;37777;19226;18551
1;986;38267;19458;18809
1;899;36741;18409;18332
1;812;39663;20117;19546
1;725;39988;20224;19764
1;638;40746;20421;20325
1;551;41645;20804;20841
1;464;42440;21147;21293
1;377;44105;22000;22105
1;290;44241;21799;22442
1;203;45510;22322;23188
1;116;46921;23318;23603
1;29;50299;25144;25155
1;1509;36242;18829;17413
1;1422;38776;19872;18904
1;1335;38944;20044;18900
1;1248;37811;19147;18664
1;1161;37425;19058;18367
1;1074;37723;19176;18547
1;987;35556;17798;17758
1;900;36601;18641;17960
1;813;39086;19715;19371
1;726;40215;20149;20066
1;639;41043;20523;20520
1;552;41837;20777;21060
1;465;43309;21602;21707
1;378;43729;21553;22176
1;291;45047;22048;22999
1;204;46550;23117;23433
1;117;49306;24537;24769
1;30;51822;25661;26161
1;1510;37966;19542;18424
1;1423;38025;19605;18420
1;1336;37537;18928;18609
1;1249;37279;18996;18283
1;1162;37356;18979;18377
1;1075;35007;17573;17434
1;988;35454;18011;17443
1;901;36401;18386;18015
1;814;39465;19746;19719
1;727;40619;20301;20318
1;640;41398;20548;20850
1;553;42788;21287;21501
1;466;43036;21183;21853
1;379;44392;21743;22649
1;292;45894;22736;23158
1;205;48913;24341;24572
1;118;50845;25174;25671
1;31;51373;25450;25923
1;1511;37361;19358;18003
1;1424;36726;18559;18167
1;1337;36906;18775;18131
1;1250;37244;18924;18320
1;1163;34660;17457;17203
1;1076;34962;17773;17189
1;989;35329;17835;17494
1;902;36905;18430;18475
1;815;39765;19794;19971
1;728;40951;20331;20620
1;641;42244;20955;21289
1;554;42686;20963;21723
1;467;43556;21310;22246
1;380;45134;22300;22834
1;293;48286;24001;24285
1;206;50530;25026;25504
1;119;50433;24988;25445
1;32;50666;25174;25492
1;1512;36115;18337;17778
1;1425;36047;18381;17666
1;1338;36717;18604;18113
1;1251;34378;17357;17021
1;1164;34530;17559;16971
1;1077;34824;17596;17228
1;990;35888;17858;18030
1;903;37392;18585;18807
1;816;40245;19987;20258
1;729;41770;20737;21033
1;642;42304;20778;21526
1;555;43090;21031;22059
1;468;44120;21752;22368
1;381;47425;23459;23966
1;294;49888;24708;25180
1;207;50117;24850;25267
1;120;49792;24637;25155
1;33;51099;25177;25922
1;1513;35538;18220;17318
1;1426;35880;18241;17639
1;1339;33934;17114;16820
1;1252;34284;17478;16806
1;1165;34425;17427;16998
1;1078;35297;17534;17763
1;991;36389;18053;18336
1;904;38113;18900;19213
1;817;41039;20312;20727
1;730;41850;20543;21307
1;643;42681;20808;21873
1;556;43673;21465;22208
1;469;46257;22808;23449
1;382;49205;24361;24844
1;295;49536;24529;25007
1;208;49396;24463;24933
1;121;50348;24698;25650
1;34;50939;24995;25944
1;1514;35410;18104;17306
1;1427;33120;16764;16356
1;1340;33791;17213;16578
1;1253;34152;17270;16882
1;1166;34876;17316;17560
1;1079;35866;17816;18050
1;992;37198;18409;18789
1;905;38893;19211;19682
1;818;41043;20100;20943
1;731;42297;20606;21691
1;644;43210;21215;21995
1;557;45762;22451;23311
1;470;47980;23680;24300
1;383;48807;24126;24681
1;296;48819;24164;24655
1;209;49906;24509;25397
1;122;50269;24599;25670
1;35;51290;25293;25997
1;1515;32750;16664;16086
1;1428;32836;16715;16121
1;1341;33451;16846;16605
1;1254;34460;17125;17335
1;1167;35325;17526;17799
1;1080;36599;18111;18488
1;993;37899;18705;19194
1;906;39010;19024;19986
1;819;41378;20074;21304
1;732;42607;20905;21702
1;645;45266;22128;23138
1;558;47420;23338;24082
1;471;47643;23441;24202
1;384;48043;23739;24304
1;297;49337;24254;25083
1;210;49628;24230;25398
1;123;50469;24738;25731
1;36;51360;25533;25827
1;1516;32502;16625;15877
1;1429;32704;16473;16231
1;1342;33874;16788;17086
1;1255;35033;17380;17653
1;1168;36165;17870;18295
1;1081;37372;18452;18920
1;994;38151;18560;19591
1;907;39656;19168;20488
1;820;41768;20437;21331
1;733;44762;21884;22878
1;646;46869;23047;23822
1;559;47054;23114;23940
1;472;46994;23119;23875
1;385;48508;23838;24670
1;298;49011;23932;25079
1;211;49970;24515;25455
1;124;50703;25173;25530
1;37;53183;26214;26969
1;1517;32417;16462;15955
1;1430;33259;16513;16746
1;1343;34536;17079;17457
1;1256;35867;17705;18162
1;1169;37036;18248;18788
1;1082;37648;18270;19378
1;995;38908;18741;20167
1;908;40245;19590;20655
1;821;43903;21343;22560
1;734;46478;22819;23659
1;647;46512;22808;23704
1;560;46410;22813;23597
1;473;47358;23140;24218
1;386;48210;23490;24720
1;299;49315;24197;25118
1;212;50132;24855;25277
1;125;52345;25676;26669
1;38;54218;26832;27386
1;1518;32935;16455;16480
1;1431;33991;16816;17175
1;1344;35391;17477;17914
1;1257;36782;18123;18659
1;1170;37323;18113;19210
1;1083;38472;18520;19952
1;996;39502;19189;20313
1;909;42396;20512;21884
1;822;45736;22305;23431
1;735;46100;22556;23544
1;648;45862;22522;23340
1;561;46783;22802;23981
1;474;47104;22843;24261
1;387;48599;23784;24815
1;300;49416;24484;24932
1;213;51849;25458;26391
1;126;53340;26260;27080
1;39;56462;27714;28748
1;1519;33616;16703;16913
1;1432;34850;17166;17684
1;1345;36255;17816;18439
1;1258;37054;17979;19075
1;1171;38064;18337;19727
1;1084;39134;19018;20116
1;997;41631;20070;21561
1;910;44272;21490;22782
1;823;45388;22078;23310
1;736;45482;22311;23171
1;649;46198;22484;23714
1;562;46503;22511;23992
1;475;47571;23166;24405
1;388;48652;24113;24539
1;301;51103;25124;25979
1;214;52820;26010;26810
1;127;55339;27006;28333
1;40;58100;28209;29891
1;1520;34536;17124;17412
1;1433;35699;17561;18138
1;1346;36576;17704;18872
1;1259;37832;18205;19627
1;1172;38752;18809;19943
1;1085;41188;19845;21343
1;998;43546;21103;22443
1;911;43998;21322;22676
1;824;44800;21828;22972
1;737;45813;22261;23552
1;650;45920;22183;23737
1;563;46856;22754;24102
1;476;47596;23438;24158
1;389;50273;24655;25618
1;302;52090;25662;26428
1;215;54801;26749;28052
1;128;57067;27542;29525
1;41;56433;27229;29204
1;1521;35448;17524;17924
1;1434;36053;17458;18595
1;1347;37448;17991;19457
1;1260;38539;18693;19846
1;1173;40815;19653;21162
1;1086;43088;20855;22233
1;999;43318;20920;22398
1;912;43504;21110;22394
1;825;45092;21781;23311
1;738;45527;21944;23583
1;651;46272;22424;23848
1;564;46928;23059;23869
1;477;49216;24017;25199
1;390;51250;25162;26088
1;303;54079;26432;27647
1;216;56582;27300;29282
1;129;55743;26851;28892
1;42;56513;27196;29317
1;1522;35724;17370;18354
1;1435;36925;17753;19172
1;1348;38105;18462;19643
1;1261;40484;19484;21000
1;1174;42718;20672;22046
1;1087;42841;20657;22184
1;1000;42798;20708;22090
1;913;43844;21095;22749
1;826;44872;21446;23426
1;739;45834;22164;23670
1;652;46313;22722;23591
1;565;48548;23615;24933
1;478;50178;24523;25655
1;391;53211;25922;27289
1;304;55818;26926;28892
1;217;55332;26590;28742
1;130;55880;26877;29003
1;43;53440;25591;27849
1;1523;36612;17670;18942
1;1436;37592;18215;19377
1;1349;40009;19204;20805
1;1262;42465;20529;21936
1;1175;42433;20430;22003
1;1088;42404;20495;21909
1;1001;43200;20743;22457
1;914;43696;20770;22926
1;827;45146;21690;23456
1;740;45857;22429;23428
1;653;47823;23219;24604
1;566;49441;24082;25359
1;479;52113;25291;26822
1;392;55103;26510;28593
1;305;54826;26316;28510
1;218;55412;26633;28779
1;131;53081;25480;27601
1;44;50267;24159;26108
1;1524;37358;18216;19142
1;1437;39487;18980;20507
1;1350;41948;20245;21703
1;1263;42059;20226;21833
1;1176;42076;20308;21768
1;1089;42743;20471;22272
1;1002;42979;20367;22612
1;915;43905;21012;22893
1;828;45143;21932;23211
1;741;47345;22939;24406
1;654;48653;23602;25051
1;567;51252;24767;26485
1;480;54181;25980;28201
1;393;54249;26011;28238
1;306;54566;26082;28484
1;219;52840;25405;27435
1;132;49663;23856;25807
1;45;47710;22776;24934
1;1525;39139;18866;20273
1;1438;41312;19952;21360
1;1351;41413;19866;21547
1;1264;41620;20078;21542
1;1177;42141;20142;21999
1;1090;42381;20076;22305
1;1003;43086;20588;22498
1;916;43800;21226;22574
1;829;46457;22381;24076
1;742;48054;23260;24794
1;655;50428;24289;26139
1;568;53370;25547;27823
1;481;53542;25641;27901
1;394;53745;25680;28065
1;307;52390;25230;27160
1;220;49164;23554;25610
1;133;46733;22257;24476
1;46;46468;22189;24279
1;1526;40941;19864;21077
1;1439;40971;19658;21313
1;1352;41110;19750;21360
1;1265;41778;19922;21856
1;1178;41914;19790;22124
1;1091;42656;20348;22308
1;1004;43179;20888;22291
1;917;45316;21784;23532
1;830;47294;22731;24563
1;743;49911;23964;25947
1;656;52608;25122;27486
1;569;53010;25302;27708
1;482;52792;25158;27634
1;395;51827;24894;26933
1;308;48614;23258;25356
1;221;46272;21975;24297
1;134;45725;21788;23937
1;47;43378;20560;22818
1;1527;40644;19559;21085
1;1440;40613;19482;21131
1;1353;41324;19634;21690
1;1266;41669;19619;22050
1;1179;42265;20116;22149
1;1092;42773;20632;22141
1;1005;44652;21431;23221
1;918;46084;22105;23979
1;831;49186;23474;25712
1;744;52080;24782;27298
1;657;52332;24868;27464
1;570;52043;24729;27314
1;483;51216;24485;26731
1;396;48021;22895;25126
1;309;45675;21628;24047
1;222;45273;21508;23765
1;135;43154;20510;22644
1;48;41709;19819;21890
1;1528;40301;19395;20906
1;1441;40840;19400;21440
1;1354;41215;19354;21861
1;1267;41932;19928;22004
1;1180;42341;20346;21995
1;1093;44182;21137;23045
1;1006;45465;21716;23749
1;919;48020;22894;25126
1;832;51382;24335;27047
1;745;51761;24513;27248
1;658;51376;24272;27104
1;571;50683;24115;26568
1;484;47378;22541;24837
1;397;44870;21165;23705
1;310;44715;21162;23553
1;223;42751;20222;22529
1;136;40867;19357;21510
1;49;43324;20395;22929
1;1529;40458;19240;21218
1;1442;40751;19101;21650
1;1355;41554;19681;21873
1;1268;42026;20147;21879
1;1181;43819;20919;22900
1;1094;44942;21390;23552
1;1007;47318;22500;24818
1;920;50121;23647;26474
1;833;51021;24035;26986
1;746;50851;23946;26905
1;659;50073;23681;26392
1;572;46889;22221;24668
1;485;44001;20645;23356
1;398;44114;20801;23313
1;311;42242;19911;22331
1;224;40408;19069;21339
1;137;42450;19918;22532
1;50;43150;20212;22938
1;1530;40435;18982;21453
1;1443;41033;19401;21632
1;1356;41565;19825;21740
1;1269;43504;20724;22780
1;1182;44564;21147;23417
1;1095;46864;22221;24643
1;1008;49371;23210;26161
1;921;49857;23414;26443
1;834;50133;23447;26686
1;747;49487;23281;26206
1;660;46264;21813;24451
1;573;43249;20170;23079
1;486;43333;20366;22967
1;399;41709;19597;22112
1;312;39817;18732;21085
1;225;41970;19632;22338
1;138;42504;19703;22801
1;51;42825;19888;22937
1;1531;40639;19234;21405
1;1444;41041;19546;21495
1;1357;43048;20416;22632
1;1270;44233;20927;23306
1;1183;46424;21927;24497
1;1096;48843;22866;25977
1;1009;49143;22989;26154
1;922;48947;22823;26124
1;835;48814;22813;26001
1;748;45707;21431;24276
1;661;42613;19737;22876
1;574;42591;19881;22710
1;487;41034;19194;21840
1;400;39154;18336;20818
1;313;41381;19286;22095
1;226;41853;19363;22490
1;139;41913;19388;22525
1;52;42387;19408;22979
1;1532;40672;19357;21315
1;1445;42512;20134;22378
1;1358;43752;20601;23151
1;1271;45984;21645;24339
1;1184;48335;22524;25811
1;1097;48614;22639;25975
1;1010;48266;22415;25851
1;923;47717;22197;25520
1;836;45096;20996;24100
1;749;42048;19351;22697
1;662;41969;19497;22472
1;575;40469;18843;21626
1;488;38393;17871;20522
1;401;40690;18880;21810
1;314;41128;18993;22135
1;227;41369;19036;22333
1;140;41996;19162;22834
1;53;38512;17495;21017
1;1533;42111;19934;22177
1;1446;43187;20289;22898
1;1359;45481;21289;24192
1;1272;47886;22202;25684
1;1185;48059;22292;25767
1;1098;47733;22082;25651
1;1011;47076;21822;25254
1;924;44110;20466;23644
1;837;41414;18914;22500
1;750;41358;19102;22256
1;663;39852;18410;21442
1;576;37741;17438;20303
1;489;39828;18361;21467
1;402;40404;18552;21852
1;315;40754;18665;22089
1;228;41771;19081;22690
1;141;38072;17324;20748
1;54;35638;16190;19448
1;1534;42728;20035;22693
1;1447;44816;20890;23926
1;1360;47348;21846;25502
1;1273;47583;21996;25587
1;1186;47148;21710;25438
1;1099;46468;21419;25049
1;1012;43419;20044;23375
1;925;40510;18424;22086
1;838;40743;18679;22064
1;751;39230;18002;21228
1;664;37071;16987;20084
1;577;39181;17892;21289
1;490;39564;18050;21514
1;403;40097;18306;21791
1;316;41386;18866;22520
1;229;37616;16988;20628
1;142;34922;15898;19024
1;55;34007;15311;18696
1;1535;44354;20637;23717
1;1448;46657;21449;25208
1;1361;46881;21534;25347
1;1274;46560;21318;25242
1;1187;45887;21041;24846
1;1100;42884;19694;23190
1;1013;39822;18019;21803
1;926;39778;18152;21626
1;839;38546;17572;20974
1;752;36412;16547;19865
1;665;38491;17437;21054
1;578;38836;17592;21244
1;491;39356;17889;21467
1;404;40759;18429;22330
1;317;37104;16642;20462
1;230;34452;15559;18893
1;143;33249;14939;18310
1;56;37330;16671;20659
1;1536;46130;21148;24982
1;1449;46281;21152;25129
1;1362;45933;20886;25047
1;1275;45383;20708;24675
1;1188;42340;19314;23026
1;1101;39302;17670;21632
1;1014;39189;17772;21417
1;927;37642;17065;20577
1;840;35770;16126;19644
1;753;37845;17010;20835
1;666;38075;17121;20954
1;579;38677;17428;21249
1;492;40049;17945;22104
1;405;36553;16258;20295
1;318;33950;15229;18721
1;231;32783;14642;18141
1;144;36396;16195;20201
1;57;32278;14452;17826
1;1537;45753;20833;24920
1;1450;45308;20488;24820
1;1363;44791;20312;24479
1;1276;41859;18982;22877
1;1189;38777;17332;21445
1;1102;38683;17428;21255
1;1015;37055;16695;20360
1;928;35004;15686;19318
1;841;37220;16575;20645
1;754;37442;16701;20741
1;667;37919;16959;20960
1;580;39383;17477;21906
1;493;35951;15849;20102
1;406;33418;14876;18542
1;319;32238;14295;17943
1;232;35844;15811;20033
1;145;31597;14148;17449
1;58;37542;16422;21120
1;1538;44776;20149;24627
1;1451;44190;19934;24256
1;1364;41361;18632;22729
1;1277;38311;17022;21289
1;1190;38156;17051;21105
1;1103;36522;16315;20207
1;1016;34438;15315;19123
1;929;36454;16087;20367
1;842;36807;16273;20534
1;755;37249;16495;20754
1;668;38625;16932;21693
1;581;35356;15463;19893
1;494;32853;14506;18347
1;407;31656;13946;17710
1;320;35279;15433;19846
1;233;31025;13737;17288
1;146;36585;15956;20629
1;59;40739;17699;23040
1;1539;43680;19595;24085
1;1452;40700;18216;22484
1;1365;37776;16646;21130
1;1278;37622;16682;20940
1;1191;36006;15946;20060
1;1104;33949;14982;18967
1;1017;35889;15709;20180
1;930;36080;15806;20274
1;843;36572;16062;20510
1;756;37885;16431;21454
1;669;34688;15016;19672
1;582;32220;14067;18153
1;495;31040;13580;17460
1;408;34680;15078;19602
1;321;30505;13385;17120
1;234;36020;15607;20413
1;147;39770;17179;22591
1;60;39070;17027;22043
1;1540;40199;17855;22344
1;1453;37233;16286;20947
1;1366;37058;16294;20764
1;1279;35489;15564;19925
1;1192;33502;14647;18855
1;1105;35368;15300;20068
1;1018;35491;15374;20117
1;931;35885;15576;20309
1;844;37227;15970;21257
1;757;34021;14558;19463
1;670;31473;13565;17908
1;583;30347;13110;17237
1;496;33884;14619;19265
1;409;29960;13027;16933
1;322;35217;15100;20117
1;235;39021;16702;22319
1;148;38550;16725;21825
1;61;37036;15916;21120
1;1541;36716;15933;20783
1;1454;36464;15871;20593
1;1367;35006;15182;19824
1;1280;33091;14345;18746
1;1193;34848;14927;19921
1;1106;34881;14934;19947
1;1019;35262;15165;20097
1;932;36534;15489;21045
1;845;33338;14145;19193
1;758;30875;13156;17719
1;671;29675;12654;17021
1;584;33171;14168;19003
1;497;29267;12565;16702
1;410;34460;14642;19818
1;323;38237;16227;22010
1;236;37918;16335;21583
1;149;36715;15691;21024
1;62;36723;15618;21105
1;1542;36016;15524;20492
1;1455;34431;14774;19657
1;1368;32574;13969;18605
1;1281;34254;14527;19727
1;1194;34271;14526;19745
1;1107;34667;14732;19935
1;1020;35877;15046;20831
1;933;32748;13745;19003
1;846;30222;12699;17523
1;759;29080;12281;16799
1;672;32458;13689;18769
1;585;28625;12143;16482
1;498;33647;14113;19534
1;411;37440;15731;21709
1;324;37237;15909;21328
1;237;36300;15411;20889
1;150;36448;15397;21051
1;63;37188;15639;21549
1;1543;33924;14426;19498
1;1456;32039;13611;18428
1;1369;33671;14134;19537
1;1282;33706;14141;19565
1;1195;34030;14306;19724
1;1108;35237;14620;20617
1;1021;32122;13292;18830
1;934;29608;12282;17326
1;847;28478;11876;16602
1;760;31731;13212;18519
1;673;27943;11676;16267
1;586;32816;13541;19275
1;499;36568;15177;21391
1;412;36428;15365;21063
1;325;35753;15038;20715
1;238;35996;15103;20893
1;151;36811;15331;21480
1;64;36195;14824;21371
1;1544;31522;13265;18257
1;1457;33024;13679;19345
1;1370;33047;13697;19350
1;1283;33381;13858;19523
1;1196;34563;14172;20391
1;1109;31495;12866;18629
1;1022;28987;11864;17123
1;935;27842;11431;16411
1;848;30968;12698;18270
1;761;27311;11250;16061
1;674;32012;13028;18984
1;587;35638;14575;21063
1;500;35574;14829;20745
1;413;34928;14532;20396
1;326;35371;14632;20739
1;239;36352;15023;21329
1;152;35850;14559;21291
1;65;36766;15154;21612
1;1545;32428;13283;19145
1;1458;32366;13243;19123
1;1371;32648;13379;19269
1;1284;33894;13748;20146
1;1197;30819;12426;18393
1;1110;28346;11427;16919
1;1023;27255;11043;16212
1;936;30258;12207;18051
1;849;26650;10802;15848
1;762;31255;12521;18734
1;675;34751;14002;20749
1;588;34658;14242;20416
1;501;34051;13951;20100
1;414;34589;14138;20451
1;327;35933;14653;21280
1;240;35484;14259;21225
1;153;36315;14875;21440
1;66;34951;14229;20722
1;1546;31709;12825;18884
1;1459;31941;12907;19034
1;1372;33108;13233;19875
1;1285;30160;11995;18165
1;1198;27732;11019;16713
1;1111;26672;10654;16018
1;1024;29553;11753;17800
1;937;26054;10409;15645
1;850;30545;12036;18509
1;763;33893;13452;20441
1;676;33776;13641;20135
1;589;33177;13379;19798
1;502;33708;13591;20117
1;415;35103;14127;20976
1;328;34857;13741;21116
1;241;35860;14528;21332
1;154;34364;13850;20514
1;67;32618;12960;19658
1;1547;31286;12485;18801
1;1460;32363;12763;19600
1;1373;29442;11526;17916
1;1286;27158;10650;16508
1;1199;26044;10278;15766
1;1112;28827;11272;17555
1;1025;25429;9983;15446
1;938;29781;11551;18230
1;851;33074;12915;20159
1;764;32919;13093;19826
1;677;32263;12790;19473
1;590;32792;13019;19773
1;503;34179;13535;20644
1;416;34040;13246;20794
1;329;35178;13940;21238
1;242;33921;13541;20380
1;155;32036;12665;19371
1;68;33698;13417;20281
1;1548;31640;12290;19350
1;1461;28731;11085;17646
1;1374;26472;10206;16266
1;1287;25455;9886;15569
1;1200;28113;10812;17301
1;1113;24812;9601;15211
1;1026;29067;11122;17945
1;939;32230;12394;19836
1;852;32013;12519;19494
1;765;31466;12305;19161
1;678;31910;12465;19445
1;591;33269;12966;20303
1;504;33107;12700;20407
1;417;34273;13373;20900
1;330;33244;12985;20259
1;243;31317;12135;19182
1;156;33136;13069;20067
1;69;33651;12965;20686
1;1549;28074;10687;17387
1;1462;25822;9805;16017
1;1375;24812;9491;15321
1;1288;27369;10367;17002
1;1201;24140;9181;14959
1;1114;28325;10666;17659
1;1027;31377;11860;19517
1;940;31176;11982;19194
1;853;30603;11780;18823
1;766;31027;11933;19094
1;679;32337;12398;19939
1;592;32201;12154;20047
1;505;33318;12798;20520
1;418;32294;12397;19897
1;331;30680;11654;19026
1;244;32342;12503;19839
1;157;32977;12539;20438
1;70;31614;12067;19547
1;1550;25162;9417;15745
1;1463;24192;9106;15086
1;1376;26620;9897;16723
1;1289;23478;8775;14703
1;1202;27545;10186;17359
1;1115;30544;11344;19200
1;1028;30309;11425;18884
1;941;29775;11285;18490
1;854;30113;11362;18751
1;767;31425;11868;19557
1;680;31185;11536;19649
1;593;32367;12236;20131
1;506;31321;11785;19536
1;419;29811;11151;18660
1;332;31468;11949;19519
1;245;32281;12070;20211
1;158;31112;11781;19331
1;71;31645;12135;19510
1;1551;23530;8681;14849
1;1464;25834;9438;16396
1;1377;22816;8361;14455
1;1290;26786;9729;17057
1;1203;29702;10838;18864
1;1116;29404;10874;18530
1;1029;28926;10780;18146
1;942;29202;10800;18402
1;855;30545;11378;19167
1;768;30238;10988;19250
1;681;31328;11636;19692
1;594;30295;11182;19113
1;507;28838;10611;18227
1;420;30439;11363;19076
1;333;31521;11561;19960
1;246;30140;11183;18957
1;159;30955;11699;19256
1;72;29305;10915;18390
1;1552;25076;9006;16070
1;1465;22118;7959;14159
1;1378;25979;9240;16739
1;1291;28812;10327;18485
1;1204;28504;10353;18151
1;1117;28115;10323;17792
1;1030;28356;10288;18068
1;943;29578;10831;18747
1;856;29266;10442;18824
1;769;30341;11051;19290
1;682;29243;10579;18664
1;595;27878;10045;17833
1;508;29298;10735;18563
1;421;30406;10929;19477
1;334;29225;10631;18594
1;247;30112;11198;18914
1;160;28641;10546;18095
1;73;29867;10720;19147
1;1553;21435;7590;13845
1;1466;25104;8737;16367
1;1379;27855;9783;18072
1;1292;27658;9878;17780
1;1205;27219;9807;17412
1;1118;27481;9792;17689
1;1031;28599;10268;18331
1;944;28322;9929;18393
1;857;29368;10521;18847
1;770;28205;10018;18187
1;683;26883;9495;17388
1;596;28187;10101;18086
1;509;29298;10349;18949
1;422;28169;10043;18126
1;335;29267;10678;18589
1;248;27625;9965;17660
1;161;29098;10367;18731
1;74;27265;9695;17570
1;1554;24281;8287;15994
1;1467;26912;9256;17656
1;1380;26736;9365;17371
1;1293;26322;9281;17041
1;1206;26544;9289;17255
1;1119;27607;9726;17881
1;1032;27347;9397;17950
1;945;28338;9905;18433
1;858;27131;9453;17678
1;771;25834;8940;16894
1;684;27016;9477;17539
1;597;28090;9681;18409
1;510;27046;9459;17587
1;423;28087;10044;18043
1;336;26648;9366;17282
1;249;28128;9772;18356
1;162;26529;9328;17201
1;75;24284;7479;16805
1;1555;25928;8738;17190
1;1468;25736;8832;16904
1;1381;25358;8753;16605
1;1294;25612;8790;16822
1;1207;26584;9190;17394
1;1120;26363;8872;17491
1;1033;27247;9315;17932
1;946;26033;8880;17153
1;859;24830;8414;16416
1;772;25917;8908;17009
1;685;26916;9078;17838
1;598;25861;8854;17007
1;511;26869;9430;17439
1;424;25466;8757;16709
1;337;27060;9137;17923
1;250;25467;8727;16740
1;163;23553;7145;16408
1;76;23086;6884;16202
1;1556;24724;8293;16431
1;1469;24386;8221;16165
1;1382;24596;8248;16348
1;1295;25596;8675;16921
1;1208;25353;8346;17007
1;1121;26132;8762;17370
1;1034;24987;8337;16650
1;947;23676;7832;15844
1;860;24788;8339;16449
1;773;25722;8478;17244
1;686;24648;8238;16410
1;599;25626;8825;16801
1;512;24308;8162;16146
1;425;25794;8541;17253
1;338;24361;8158;16203
1;251;22569;6675;15894
1;164;22218;6538;15680
1;77;20843;6166;14677
1;1557;23362;7681;15681
1;1470;23574;7710;15864
1;1383;24438;8105;16333
1;1296;24293;7808;16485
1;1209;25002;8209;16793
1;1122;23886;7778;16108
1;1035;22611;7333;15278
1;948;23629;7804;15825
1;861;24465;7851;16614
1;774;23449;7676;15773
1;687;24314;8176;16138
1;600;23061;7573;15488
1;513;24412;7910;16502
1;426;23150;7556;15594
1;339;21526;6180;15346
1;252;21286;6057;15229
1;165;19962;5788;14174
1;78;19668;5942;13726
1;1558;22531;7214;15317
1;1471;23264;7538;15726
1;1384;23172;7272;15900
1;1297;23850;7632;16218
1;1210;22754;7225;15529
1;1123;21499;6805;14694
1;1036;22425;7222;15203
1;949;23234;7286;15948
1;862;22223;7119;15104
1;775;23002;7595;15407
1;688;21743;6955;14788
1;601;23008;7291;15717
1;514;21831;6968;14863
1;427;20354;5728;14626
1;340;20281;5565;14716
1;253;18918;5328;13590
1;166;18847;5586;13261
1;79;17407;5102;12305
1;1559;22108;6994;15114
1;1472;21958;6717;15241
1;1385;22602;7064;15538
1;1298;21561;6703;14858
1;1211;20365;6305;14060
1;1124;21139;6597;14542
1;1037;21975;6725;15250
1;950;21019;6577;14442
1;863;21583;6947;14636
1;776;20482;6412;14070
1;689;21617;6669;14948
1;602;20408;6361;14047
1;515;19118;5264;13854
1;428;19052;5107;13945
1;341;17837;4848;12989
1;254;17732;5077;12655
1;167;16594;4777;11817
1;80;14792;4376;10416
1;1560;20702;6174;14528
1;1473;21283;6467;14816
1;1386;20348;6190;14158
1;1299;19187;5772;13415
1;1212;19851;6055;13796
1;1125;20666;6171;14495
1;1038;19728;6023;13705
1;951;20196;6351;13845
1;864;19201;5866;13335
1;777;20183;6070;14113
1;690;18994;5766;13228
1;603;17833;4779;13054
1;516;17770;4634;13136
1;429;16669;4442;12227
1;342;16541;4551;11990
1;255;15449;4288;11161
1;168;13961;4045;9916
1;81;12557;3641;8916
1;1561;19958;5896;14062
1;1474;19127;5671;13456
1;1387;17893;5264;12629
1;1300;18577;5525;13052
1;1213;19269;5636;13633
1;1126;18435;5468;12967
1;1039;18751;5752;12999
1;952;17835;5324;12511
1;865;18778;5501;13277
1;778;17580;5209;12371
1;691;16598;4305;12293
1;604;16394;4170;12224
1;517;15380;3980;11400
1;430;15304;4097;11207
1;343;14382;3853;10529
1;256;12968;3625;9343
1;169;11620;3290;8330
1;82;9804;2794;7010
1;1562;17811;5135;12676
1;1475;16608;4778;11830
1;1388;17262;4971;12291
1;1301;17922;5109;12813
1;1214;16998;4883;12115
1;1127;17358;5206;12152
1;1040;16520;4804;11716
1;953;17277;4930;12347
1;866;16181;4664;11517
1;779;15267;3879;11388
1;692;15020;3703;11317
1;605;14093;3550;10543
1;518;14003;3656;10347
1;431;13161;3419;9742
1;344;12016;3237;8779
1;257;10707;2888;7819
1;170;9003;2535;6468
1;83;7060;1880;5180
1;1563;15298;4279;11019
1;1476;15973;4464;11509
1;1389;16470;4578;11892
1;1302;15598;4367;11231
1;1215;15870;4655;11215
1;1128;15129;4314;10815
1;1041;15882;4433;11449
1;954;14798;4171;10627
1;867;13897;3421;10476
1;780;13679;3284;10395
1;693;12781;3141;9640
1;606;12693;3239;9454
1;519;11861;2996;8865
1;432;10935;2868;8067
1;345;9803;2545;7258
1;258;8215;2201;6014
1;171;6483;1709;4774
1;84;6089;1745;4344
1;1564;14589;3978;10611
1;1477;15082;4112;10970
1;1390;14136;3860;10276
1;1303;14472;4136;10336
1;1216;13686;3801;9885
1;1129;14441;3923;10518
1;1042;13334;3635;9699
1;955;12568;2991;9577
1;868;12353;2879;9474
1;781;11579;2738;8841
1;694;11350;2806;8544
1;607;10609;2612;7997
1;520;9842;2503;7339
1;433;8814;2244;6570
1;346;7413;1908;5505
1;259;5860;1491;4369
1;172;5548;1550;3998
1;85;6265;1732;4533
1;1565;70165;16919;53246
1;1478;67823;16293;51530
1;1391;65764;15743;50021
1;1304;63355;14781;48574
1;1217;60645;13923;46722
1;1130;57017;12895;44122
1;1043;53655;11791;41864
1;956;50328;11139;39189
1;869;47289;10673;36616
1;782;44286;10258;34028
1;695;41264;9723;31541
1;608;38575;9291;29284
1;521;36381;8808;27573
1;434;35212;8628;26584
1;347;34901;8663;26238
1;260;35812;9338;26474
1;173;37447;9992;27455
1;86;38201;10208;27993
1;1566;2808901;1297293;1511608
1;1479;2847904;1312186;1535718
1;1392;2888558;1329607;1558951
1;1305;2921262;1346257;1575005
1;1218;2943472;1355995;1587477
1;1131;2971905;1368891;1603014
1;1044;3003641;1383511;1620130
1;957;3052588;1407223;1645365
1;870;3141976;1450199;1691777
1;783;3183856;1473352;1710504
1;696;3212605;1487419;1725186
1;609;3249983;1506794;1743189
1;522;3289835;1528463;1761372
1;435;3355220;1562264;1792956
1;348;3398929;1584018;1814911
1;261;3431497;1601098;1830399
1;174;3454637;1613554;1841083
1;87;3486998;1630930;1856068
2;1480;9403;4883;4520
2;1393;9888;5126;4762
2;1306;9777;5086;4691
2;1219;9410;4872;4538
2;1132;8954;4551;4403
2;1045;9157;4679;4478
2;958;9139;4720;4419
2;871;9960;5046;4914
2;784;9505;4857;4648
2;697;8973;4606;4367
2;610;8279;4271;4008
2;523;7930;4023;3907
2;436;7667;3892;3775
2;349;7367;3782;3585
2;262;7103;3690;3413
2;175;7032;3630;3402
2;88;7197;3665;3532
2;1;7941;4101;3840
2;1481;9962;5161;4801
2;1394;9785;5088;4697
2;1307;9522;4931;4591
2;1220;9056;4613;4443
2;1133;9259;4739;4520
2;1046;9219;4746;4473
2;959;9977;5050;4927
2;872;9853;5030;4823
2;785;8921;4564;4357
2;698;8257;4256;4001
2;611;7900;4007;3893
2;524;7622;3878;3744
2;437;7336;3764;3572
2;350;7096;3688;3408
2;263;7008;3616;3392
2;176;7214;3667;3547
2;89;7927;4100;3827
2;2;8253;4258;3995
2;1482;9779;5088;4691
2;1395;9495;4915;4580
2;1308;9071;4634;4437
2;1221;9264;4734;4530
2;1134;9291;4796;4495
2;1047;10043;5073;4970
2;960;9775;4984;4791
2;873;9103;4629;4474
2;786;8181;4217;3964
2;699;7877;4000;3877
2;612;7607;3880;3727
2;525;7295;3746;3549
2;438;7031;3662;3369
2;351;6984;3608;3376
2;264;7197;3661;3536
2;177;7935;4089;3846
2;90;8249;4250;3999
2;3;8084;4172;3912
2;1483;9434;4899;4535
2;1396;9018;4604;4414
2;1309;9232;4737;4495
2;1222;9288;4804;4484
2;1135;10006;5042;4964
2;1048;9781;4995;4786
2;961;9009;4587;4422
2;874;8342;4281;4061
2;787;7860;4004;3856
2;700;7588;3870;3718
2;613;7297;3745;3552
2;526;7035;3658;3377
2;439;6931;3596;3335
2;352;7170;3647;3523
2;265;7899;4067;3832
2;178;8245;4247;3998
2;91;8085;4184;3901
2;4;8144;4281;3863
2;1484;8922;4559;4363
2;1397;9155;4705;4450
2;1310;9271;4805;4466
2;1223;9984;5045;4939
2;1136;9733;4991;4742
2;1049;8996;4578;4418
2;962;8247;4227;4020
2;875;7898;4027;3871
2;788;7571;3856;3715
2;701;7303;3762;3541
2;614;7029;3649;3380
2;527;6936;3588;3348
2;440;7105;3620;3485
2;353;7871;4059;3812
2;266;8210;4223;3987
2;179;8093;4182;3911
2;92;8125;4269;3856
2;5;8197;4173;4024
2;1485;9058;4651;4407
2;1398;9199;4771;4428
2;1311;9943;5028;4915
2;1224;9694;4968;4726
2;1137;8921;4551;4370
2;1050;8240;4236;4004
2;963;7813;3973;3840
2;876;7659;3870;3789
2;789;7290;3753;3537
2;702;7044;3653;3391
2;615;6930;3585;3345
2;528;7102;3606;3496
2;441;7856;4044;3812
2;354;8194;4222;3972
2;267;8067;4180;3887
2;180;8124;4269;3855
2;93;8188;4173;4015
2;6;8660;4445;4215
2;1486;9146;4731;4415
2;1399;9889;5008;4881
2;1312;9625;4927;4698
2;1225;8876;4535;4341
2;1138;8197;4218;3979
2;1051;7815;3980;3835
2;964;7614;3851;3763
2;877;7302;3748;3554
2;790;7076;3676;3400
2;703;6944;3598;3346
2;616;7087;3595;3492
2;529;7863;4043;3820
2;442;8179;4225;3954
2;355;8058;4174;3884
2;268;8102;4261;3841
2;181;8185;4174;4011
2;94;8642;4429;4213
2;7;8852;4545;4307
2;1487;9847;4979;4868
2;1400;9550;4894;4656
2;1313;8841;4519;4322
2;1226;8159;4192;3967
2;1139;7807;3969;3838
2;1052;7580;3819;3761
2;965;7265;3731;3534
2;878;7027;3644;3383
2;791;6950;3591;3359
2;704;7115;3609;3506
2;617;7892;4060;3832
2;530;8172;4223;3949
2;443;8064;4170;3894
2;356;8100;4265;3835
2;269;8172;4167;4005
2;182;8653;4434;4219
2;95;8852;4540;4312
2;8;9840;5034;4806
2;1488;9506;4872;4634
2;1401;8778;4475;4303
2;1314;8107;4157;3950
2;1227;7799;3958;3841
2;1140;7565;3804;3761
2;1053;7229;3710;3519
2;966;6988;3627;3361
2;879;6880;3554;3326
2;792;7116;3612;3504
2;705;7912;4069;3843
2;618;8190;4240;3950
2;531;8065;4166;3899
2;444;8102;4268;3834
2;357;8198;4183;4015
2;270;8626;4417;4209
2;183;8867;4551;4316
2;96;9823;5026;4797
2;9;11124;5706;5418
2;1489;8755;4458;4297
2;1402;8052;4126;3926
2;1315;7751;3926;3825
2;1228;7553;3798;3755
2;1141;7201;3697;3504
2;1054;6984;3612;3372
2;967;6841;3526;3315
2;880;7123;3614;3509
2;793;7926;4074;3852
2;706;8203;4250;3953
2;619;8099;4183;3916
2;532;8117;4264;3853
2;445;8192;4202;3990
2;358;8633;4419;4214
2;271;8865;4557;4308
2;184;9832;5033;4799
2;97;11089;5671;5418
2;10;11455;5826;5629
2;1490;8008;4103;3905
2;1403;7695;3909;3786
2;1316;7515;3787;3728
2;1229;7201;3701;3500
2;1142;6942;3590;3352
2;1055;6807;3513;3294
2;968;7098;3601;3497
2;881;7638;3956;3682
2;794;8218;4246;3972
2;707;8120;4190;3930
2;620;8142;4278;3864
2;533;8219;4209;4010
2;446;8644;4433;4211
2;359;8867;4562;4305
2;272;9825;5021;4804
2;185;11048;5662;5386
2;98;11437;5811;5626
2;11;12114;6190;5924
2;1491;7631;3873;3758
2;1404;7471;3765;3706
2;1317;7109;3655;3454
2;1230;6928;3586;3342
2;1143;6772;3496;3276
2;1056;7052;3575;3477
2;969;7611;3935;3676
2;882;8008;4149;3859
2;795;8134;4191;3943
2;708;8152;4282;3870
2;621;8235;4224;4011
2;534;8669;4437;4232
2;447;8889;4580;4309
2;360;9829;5027;4802
2;273;11001;5651;5350
2;186;11410;5800;5610
2;99;12012;6125;5887
2;12;11868;6042;5826
2;1492;7428;3743;3685
2;1405;7065;3634;3431
2;1318;6856;3544;3312
2;1231;6741;3482;3259
2;1144;7028;3561;3467
2;1057;7567;3918;3649
2;970;7964;4125;3839
2;883;8026;4107;3919
2;796;8168;4282;3886
2;709;8252;4227;4025
2;622;8698;4453;4245
2;535;8896;4577;4319
2;448;9849;5039;4810
2;361;10978;5632;5346
2;274;11341;5761;5580
2;187;11935;6084;5851
2;100;11769;5985;5784
2;13;12179;6195;5984
2;1493;7030;3622;3408
2;1406;6831;3525;3306
2;1319;6681;3452;3229
2;1232;7019;3556;3463
2;1145;7545;3899;3646
2;1058;7927;4103;3824
2;971;8000;4095;3905
2;884;8119;4255;3864
2;797;8274;4243;4031
2;710;8717;4458;4259
2;623;8898;4575;4323
2;536;9871;5059;4812
2;449;10832;5557;5275
2;362;11308;5747;5561
2;275;11817;6037;5780
2;188;11653;5926;5727
2;101;11994;6094;5900
2;14;12942;6703;6239
2;1494;6796;3500;3296
2;1407;6647;3434;3213
2;1320;6990;3544;3446
2;1233;7530;3898;3632
2;1146;7906;4087;3819
2;1059;7958;4064;3894
2;972;8094;4243;3851
2;885;8124;4153;3971
2;798;8755;4487;4268
2;711;8925;4587;4338
2;624;9892;5075;4817
2;537;10838;5566;5272
2;450;11226;5709;5517
2;363;11732;6000;5732
2;276;11487;5856;5631
2;189;11861;6005;5856
2;102;12811;6614;6197
2;15;13245;6766;6479
2;1495;6613;3420;3193
2;1408;6947;3519;3428
2;1321;7497;3877;3620
2;1234;7898;4085;3813
2;1147;7945;4056;3889
2;1060;8062;4221;3841
2;973;8081;4131;3950
2;886;8583;4407;4176
2;799;8956;4612;4344
2;712;9897;5076;4821
2;625;10841;5566;5275
2;538;11228;5713;5515
2;451;11504;5895;5609
2;364;11393;5816;5577
2;277;11743;5977;5766
2;190;12667;6527;6140
2;103;13114;6678;6436
2;16;12805;6519;6286
2;1496;6916;3503;3413
2;1409;7458;3862;3596
2;1322;7843;4053;3790
2;1235;7911;4040;3871
2;1148;8028;4200;3828
2;1061;8046;4119;3927
2;974;8561;4400;4161
2;887;8787;4527;4260
2;800;9891;5068;4823
2;713;10858;5574;5284
2;626;11236;5719;5517
2;539;11440;5864;5576
2;452;11146;5660;5486
2;365;11576;5884;5692
2;278;12531;6470;6061
2;191;12987;6594;6393
2;104;12714;6469;6245
2;17;12792;6512;6280
2;1497;7426;3847;3579
2;1410;7814;4039;3775
2;1323;7875;4026;3849
2;1236;8000;4182;3818
2;1149;8013;4096;3917
2;1062;8541;4382;4159
2;975;8747;4506;4241
2;888;9753;4982;4771
2;801;10864;5570;5294
2;714;11212;5705;5507
2;627;11385;5851;5534
2;540;11050;5613;5437
2;453;11336;5741;5595
2;366;12358;6369;5989
2;279;12828;6532;6296
2;192;12533;6350;6183
2;105;12641;6424;6217
2;18;12550;6465;6085
2;1498;7766;4023;3743
2;1411;7857;4008;3849
2;1324;7918;4129;3789
2;1237;8014;4094;3920
2;1150;8553;4375;4178
2;1063;8706;4484;4222
2;976;9696;4956;4740
2;889;10819;5481;5338
2;802;11196;5706;5490
2;715;11363;5838;5525
2;628;10990;5590;5400
2;541;11217;5688;5529
2;454;12030;6201;5829
2;367;12595;6402;6193
2;280;12349;6274;6075
2;193;12537;6366;6171
2;106;12481;6383;6098
2;19;12887;6464;6423
2;1499;7680;3922;3758
2;1412;7811;4080;3731
2;1325;7884;4018;3866
2;1238;8462;4305;4157
2;1151;8602;4433;4169
2;1064;9566;4893;4673
2;977;10552;5366;5186
2;890;12625;6231;6394
2;803;11354;5820;5534
2;716;10956;5555;5401
2;629;11113;5631;5482
2;542;11892;6117;5775
2;455;12147;6152;5995
2;368;12134;6169;5965
2;281;12420;6308;6112
2;194;12372;6303;6069
2;107;12726;6335;6391
2;20;14142;6973;7169
2;1500;7705;4026;3679
2;1413;7791;3978;3813
2;1326;8310;4218;4092
2;1239;8515;4373;4142
2;1152;9503;4866;4637
2;1065;10508;5351;5157
2;978;12491;6167;6324
2;891;13118;6478;6640
2;804;10842;5492;5350
2;717;11044;5581;5463
2;630;11783;6075;5708
2;543;11984;6053;5931
2;456;11689;5923;5766
2;369;12247;6212;6035
2;282;12309;6242;6067
2;195;12595;6272;6323
2;108;13975;6847;7128
2;21;13762;6737;7025
2;1501;7628;3904;3724
2;1414;8183;4169;4014
2;1327;8341;4256;4085
2;1240;9461;4829;4632
2;1153;10466;5316;5150
2;1066;12492;6168;6324
2;979;12913;6389;6524
2;892;12524;6116;6408
2;805;10911;5525;5386
2;718;11715;6011;5704
2;631;11834;5990;5844
2;544;11524;5805;5719
2;457;11713;5923;5790
2;370;12189;6139;6050
2;283;12494;6242;6252
2;196;13858;6800;7058
2;109;13460;6560;6900
2;22;13524;6552;6972
2;1502;8033;4085;3948
2;1415;8241;4221;4020
2;1328;9259;4689;4570
2;1241;10378;5268;5110
2;1154;12446;6154;6292
2;1067;12846;6352;6494
2;980;12293;6010;6283
2;893;12698;6185;6513
2;806;11526;5871;5655
2;719;11807;5965;5842
2;632;11387;5726;5661
2;545;11521;5787;5734
2;458;11775;5955;5820
2;371;12306;6138;6168
2;284;13773;6749;7024
2;197;13358;6511;6847
2;110;13236;6381;6855
2;23;12940;6315;6625
2;1503;8009;4132;3877
2;1416;9163;4681;4482
2;1329;10194;5116;5078
2;1242;12405;6122;6283
2;1155;12841;6353;6488
2;1068;12292;6008;6284
2;981;12330;6027;6303
2;894;13028;6496;6532
2;807;11628;5837;5791
2;720;11397;5719;5678
2;633;11439;5721;5718
2;546;11607;5822;5785
2;459;12035;5972;6063
2;372;13593;6661;6932
2;285;13296;6487;6809
2;198;13204;6343;6861
2;111;12715;6178;6537
2;24;12720;6255;6465
2;1504;8971;4605;4366
2;1417;10162;5118;5044
2;1330;12309;6017;6292
2;1243;12856;6350;6506
2;1156;12354;6036;6318
2;1069;12391;6051;6340
2;982;12779;6360;6419
2;895;13282;6472;6810
2;808;11288;5594;5694
2;721;11510;5737;5773
2;634;11638;5793;5845
2;547;11924;5856;6068
2;460;13259;6463;6796
2;373;13250;6432;6818
2;286;13170;6295;6875
2;199;12690;6134;6556
2;112;12458;6091;6367
2;25;12425;6011;6414
2;1505;10030;5039;4991
2;1418;12350;6030;6320
2;1331;12880;6299;6581
2;1244;12391;6065;6326
2;1157;12556;6099;6457
2;1070;13042;6464;6578
2;983;13091;6339;6752
2;896;13150;6389;6761
2;809;11487;5670;5817
2;722;11794;5862;5932
2;635;11937;5799;6138
2;548;13233;6429;6804
2;461;13025;6314;6711
2;374;13083;6269;6814
2;287;12796;6144;6652
2;200;12555;6142;6413
2;113;12290;5964;6326
2;26;11901;5848;6053
2;1506;12419;6062;6357
2;1419;12996;6312;6684
2;1332;12514;6057;6457
2;1245;12680;6149;6531
2;1158;13205;6485;6720
2;1071;13315;6429;6886
2;984;12999;6259;6740
2;897;13155;6414;6741
2;810;11790;5832;5958
2;723;12034;5817;6217
2;636;13305;6402;6903
2;549;13020;6289;6731
2;462;12927;6182;6745
2;375;12856;6149;6707
2;288;12703;6174;6529
2;201;12397;6012;6385
2;114;11785;5757;6028
2;27;12127;5850;6277
2;1507;13106;6374;6732
2;1420;12767;6171;6596
2;1333;12836;6171;6665
2;1246;13509;6593;6916
2;1159;13532;6516;7016
2;1072;13268;6386;6882
2;985;13101;6382;6719
2;898;13439;6638;6801
2;811;11957;5711;6246
2;724;13366;6428;6938
2;637;13085;6298;6787
2;550;12956;6160;6796
2;463;12780;6113;6667
2;376;12884;6235;6649
2;289;12586;6087;6499
2;202;11882;5771;6111
2;115;12029;5754;6275
2;28;12522;6298;6224
2;1508;12934;6271;6663
2;1421;13111;6272;6839
2;1334;13858;6722;7136
2;1247;13810;6630;7180
2;1160;13554;6497;7057
2;1073;13411;6500;6911
2;986;13372;6563;6809
2;899;12275;5985;6290
2;812;13241;6300;6941
2;725;13177;6329;6848
2;638;13043;6181;6862
2;551;12846;6108;6738
2;464;12883;6245;6638
2;377;12721;6138;6583
2;290;12059;5823;6236
2;203;12100;5768;6332
2;116;12403;6194;6209
2;29;13141;6546;6595
2;1509;13403;6461;6942
2;1422;14159;6877;7282
2;1335;14096;6732;7364
2;1248;13888;6641;7247
2;1161;13673;6619;7054
2;1074;13619;6666;6953
2;987;12273;5989;6284
2;900;12296;6056;6240
2;813;13135;6271;6864
2;726;13139;6219;6920
2;639;12923;6145;6778
2;552;12888;6229;6659
2;465;12780;6174;6606
2;378;12237;5904;6333
2;291;12223;5807;6416
2;204;12484;6230;6254
2;117;12984;6451;6533
2;30;13663;6863;6800
2;1510;14388;7017;7371
2;1423;14375;6917;7458
2;1336;14164;6753;7411
2;1249;14020;6801;7219
2;1162;13796;6727;7069
2;1075;12460;6094;6366
2;988;12206;6043;6163
2;901;12068;5977;6091
2;814;13163;6227;6936
2;727;13033;6202;6831
2;640;12970;6273;6697
2;553;12822;6179;6643
2;466;12290;5933;6357
2;379;12300;5844;6456
2;292;12579;6258;6321
2;205;12993;6443;6550
2;118;13481;6769;6712
2;31;13288;6602;6686
2;1511;14575;7069;7506
2;1424;14436;6924;7512
2;1337;14208;6918;7290
2;1250;14042;6860;7182
2;1163;12540;6136;6404
2;1076;12322;6092;6230
2;989;11986;5950;6036
2;902;12124;5894;6230
2;815;12984;6144;6840
2;728;13005;6285;6720
2;641;12841;6165;6676
2;554;12361;5955;6406
2;467;12289;5828;6461
2;380;12615;6264;6351
2;293;13055;6464;6591
2;206;13509;6785;6724
2;119;13112;6514;6598
2;32;12941;6440;6501
2;1512;14581;7048;7533
2;1425;14388;7037;7351
2;1338;14096;6877;7219
2;1251;12700;6234;6466
2;1164;12357;6110;6247
2;1077;12044;5985;6059
2;990;12025;5829;6196
2;903;12052;5837;6215
2;816;13009;6301;6708
2;729;12894;6188;6706
2;642;12379;5963;6416
2;555;12307;5837;6470
2;468;12515;6223;6292
2;381;13064;6449;6615
2;294;13556;6822;6734
2;207;13107;6510;6597
2;120;12758;6313;6445
2;33;12819;6308;6511
2;1513;14532;7144;7388
2;1426;14200;6969;7231
2;1339;12754;6254;6500
2;1252;12427;6166;6261
2;1165;12106;6023;6083
2;1078;12033;5842;6191
2;991;11868;5763;6105
2;904;12030;5942;6088
2;817;12846;6137;6709
2;730;12430;5980;6450
2;643;12359;5847;6512
2;556;12500;6182;6318
2;469;12923;6363;6560
2;382;13570;6825;6745
2;295;13135;6516;6619
2;208;12731;6296;6435
2;121;12686;6214;6472
2;34;12590;6116;6474
2;1514;14296;7111;7185
2;1427;12769;6289;6480
2;1340;12379;6137;6242
2;1253;12183;6073;6110
2;1166;12057;5856;6201
2;1079;11876;5771;6105
2;992;11896;5876;6020
2;905;11932;5817;6115
2;818;12331;5903;6428
2;731;12401;5879;6522
2;644;12487;6170;6317
2;557;12934;6350;6584
2;470;13422;6746;6676
2;383;13140;6509;6631
2;296;12764;6320;6444
2;209;12640;6203;6437
2;122;12495;6062;6433
2;35;12865;6297;6568
2;1515;12838;6377;6461
2;1428;12334;6146;6188
2;1341;12037;5985;6052
2;1254;12095;5906;6189
2;1167;11848;5761;6087
2;1080;11843;5868;5975
2;993;11779;5747;6032
2;906;11499;5544;5955
2;819;12284;5801;6483
2;732;12446;6129;6317
2;645;12923;6314;6609
2;558;13392;6703;6689
2;471;13012;6425;6587
2;384;12722;6296;6426
2;297;12644;6231;6413
2;210;12406;6006;6400
2;123;12700;6188;6512
2;36;12700;6203;6497
2;1516;12398;6205;6193
2;1429;11995;6007;5988
2;1342;11973;5827;6146
2;1255;11906;5811;6095
2;1168;11831;5849;5982
2;1081;11749;5763;5986
2;994;11378;5479;5899
2;907;11560;5548;6012
2;820;12342;6050;6292
2;733;12909;6305;6604
2;646;13377;6695;6682
2;559;12961;6400;6561
2;472;12591;6214;6377
2;385;12537;6185;6352
2;298;12335;5968;6367
2;211;12645;6167;6478
2;124;12574;6136;6438
2;37;13153;6379;6774
2;1517;12046;6095;5951
2;1430;11918;5809;6109
2;1343;11822;5743;6079
2;1256;11859;5869;5990
2;1169;11735;5748;5987
2;1082;11341;5439;5902
2;995;11412;5456;5956
2;908;11540;5617;5923
2;821;12776;6206;6570
2;734;13370;6689;6681
2;647;12933;6377;6556
2;560;12540;6190;6350
2;473;12381;6083;6298
2;386;12203;5899;6304
2;299;12546;6125;6421
2;212;12494;6090;6404
2;125;12994;6273;6721
2;38;13938;6832;7106
2;1518;11900;5855;6045
2;1431;11765;5751;6014
2;1344;11746;5809;5937
2;1257;11728;5742;5986
2;1170;11286;5404;5882
2;1083;11383;5452;5931
2;996;11414;5542;5872
2;909;11708;5619;6089
2;822;13245;6569;6676
2;735;12930;6356;6574
2;648;12466;6140;6326
2;561;12350;6057;6293
2;474;12050;5818;6232
2;387;12451;6066;6385
2;300;12422;6056;6366
2;213;12895;6237;6658
2;126;13774;6718;7056
2;39;14130;6741;7389
2;1519;11726;5756;5970
2;1432;11664;5760;5904
2;1345;11569;5632;5937
2;1258;11287;5418;5869
2;1171;11331;5428;5903
2;1084;11376;5547;5829
2;997;11547;5518;6029
2;910;12086;5895;6191
2;823;12806;6255;6551
2;736;12473;6156;6317
2;649;12302;6032;6270
2;562;11965;5769;6196
2;475;12289;5956;6333
2;388;12326;6021;6305
2;301;12785;6202;6583
2;214;13668;6677;6991
2;127;13895;6591;7304
2;40;14630;6945;7685
2;1520;11636;5787;5849
2;1433;11470;5599;5871
2;1346;11184;5341;5843
2;1259;11298;5397;5901
2;1172;11286;5501;5785
2;1085;11469;5482;5987
2;998;11892;5781;6111
2;911;11640;5571;6069
2;824;12353;6056;6297
2;737;12286;6018;6268
2;650;11908;5736;6172
2;563;12194;5904;6290
2;476;12142;5899;6243
2;389;12644;6116;6528
2;302;13581;6639;6942
2;215;13796;6558;7238
2;128;14415;6806;7609
2;41;14114;6571;7543
2;1521;11472;5624;5848
2;1434;11097;5302;5795
2;1347;11209;5331;5878
2;1260;11271;5502;5769
2;1173;11416;5464;5952
2;1086;11832;5739;6093
2;999;11535;5514;6021
2;912;11460;5554;5906
2;825;12162;5917;6245
2;738;11896;5722;6174
2;651;12110;5854;6256
2;564;12048;5844;6204
2;477;12474;6006;6468
2;390;13448;6559;6889
2;303;13689;6515;7174
2;216;14348;6793;7555
2;129;13973;6498;7475
2;42;14210;6624;7586
2;1522;11052;5286;5766
2;1435;11123;5296;5827
2;1348;11087;5372;5715
2;1261;11382;5445;5937
2;1174;11769;5699;6070
2;1087;11463;5467;5996
2;1000;11293;5464;5829
2;913;11234;5411;5823
2;826;11766;5598;6168
2;739;12036;5801;6235
2;652;11939;5775;6164
2;565;12394;5946;6448
2;478;13276;6456;6820
2;391;13571;6439;7132
2;304;14211;6728;7483
2;217;13917;6466;7451
2;130;14108;6578;7530
2;43;13366;6182;7184
2;1523;11069;5293;5776
2;1436;10985;5330;5655
2;1349;11239;5345;5894
2;1262;11723;5662;6061
2;1175;11360;5409;5951
2;1088;11220;5415;5805
2;1001;11098;5337;5761
2;914;10959;5172;5787
2;827;11899;5680;6219
2;740;11885;5718;6167
2;653;12290;5882;6408
2;566;13153;6378;6775
2;479;13366;6321;7045
2;392;14117;6663;7454
2;305;13874;6426;7448
2;218;14020;6532;7488
2;131;13344;6198;7146
2;44;12605;5887;6718
2;1524;10964;5362;5602
2;1437;11178;5339;5839
2;1350;11542;5537;6005
2;1263;11301;5372;5929
2;1176;11189;5393;5796
2;1089;11008;5279;5729
2;1002;10817;5088;5729
2;915;11085;5271;5814
2;828;11758;5608;6150
2;741;12232;5849;6383
2;654;13021;6284;6737
2;567;13207;6216;6991
2;480;13973;6573;7400
2;393;13786;6376;7410
2;306;13877;6443;7434
2;219;13292;6183;7109
2;132;12459;5812;6647
2;45;12123;5727;6396
2;1525;11133;5341;5792
2;1438;11421;5483;5938
2;1351;11103;5246;5857
2;1264;11095;5339;5756
2;1177;10873;5193;5680
2;1090;10685;5014;5671
2;1003;10905;5174;5731
2;916;10956;5149;5807
2;829;12050;5716;6334
2;742;12903;6195;6708
2;655;13085;6132;6953
2;568;13869;6524;7345
2;481;13735;6344;7391
2;394;13758;6385;7373
2;307;13266;6184;7082
2;220;12389;5768;6621
2;133;11893;5598;6295
2;46;11824;5558;6266
2;1526;11383;5502;5881
2;1439;11018;5212;5806
2;1352;10927;5218;5709
2;1265;10771;5124;5647
2;1178;10580;4938;5642
2;1091;10823;5136;5687
2;1004;10820;5065;5755
2;917;11318;5322;5996
2;830;12755;6064;6691
2;743;12973;6052;6921
2;656;13744;6443;7301
2;569;13688;6324;7364
2;482;13629;6315;7314
2;395;13187;6126;7061
2;308;12322;5742;6580
2;221;11811;5550;6261
2;134;11670;5478;6192
2;47;11153;5147;6006
2;1527;10945;5183;5762
2;1440;10822;5149;5673
2;1353;10669;5048;5621
2;1266;10529;4895;5634
2;1179;10726;5077;5649
2;1092;10731;5008;5723
2;1005;11159;5239;5920
2;918;11943;5620;6323
2;831;12838;5947;6891
2;744;13667;6394;7273
2;657;13593;6248;7345
2;570;13516;6239;7277
2;483;13142;6102;7040
2;396;12237;5690;6547
2;309;11736;5492;6244
2;222;11572;5415;6157
2;135;11126;5147;5979
2;48;10814;4912;5902
2;1528;10776;5139;5637
2;1441;10590;5023;5567
2;1354;10401;4806;5595
2;1267;10636;5026;5610
2;1180;10646;4953;5693
2;1093;11033;5157;5876
2;1006;11800;5524;6276
2;919;12047;5532;6515
2;832;13532;6291;7241
2;745;13533;6215;7318
2;658;13398;6163;7235
2;571;13067;6026;7041
2;484;12154;5654;6500
2;397;11599;5403;6196
2;310;11494;5365;6129
2;223;11058;5096;5962
2;136;10635;4813;5822
2;49;11489;5277;6212
2;1529;10526;4988;5538
2;1442;10283;4742;5541
2;1355;10518;4943;5575
2;1268;10583;4908;5675
2;1181;10948;5099;5849
2;1094;11668;5445;6223
2;1007;11860;5428;6432
2;920;12745;5865;6880
2;833;13392;6111;7281
2;746;13290;6086;7204
2;659;12952;5927;7025
2;572;12094;5607;6487
2;485;11443;5297;6146
2;398;11389;5286;6103
2;311;10970;5040;5930
2;224;10517;4745;5772
2;137;11301;5178;6123
2;50;11384;5213;6171
2;1530;10262;4748;5514
2;1443;10406;4892;5514
2;1356;10448;4803;5645
2;1269;10848;5034;5814
2;1182;11573;5370;6203
2;1095;11737;5360;6377
2;1008;12581;5762;6819
2;921;12761;5744;7017
2;834;13161;5972;7189
2;747;12869;5856;7013
2;660;12022;5554;6468
2;573;11317;5213;6104
2;486;11272;5232;6040
2;399;10876;4976;5900
2;312;10438;4683;5755
2;225;11191;5119;6072
2;138;11237;5098;6139
2;51;11165;5075;6090
2;1531;10337;4868;5469
2;1444;10351;4762;5589
2;1357;10725;4948;5777
2;1270;11465;5297;6168
2;1183;11654;5293;6361
2;1096;12435;5671;6764
2;1009;12590;5639;6951
2;922;12454;5563;6891
2;835;12763;5779;6984
2;748;11879;5440;6439
2;661;11196;5125;6071
2;574;11128;5135;5993
2;487;10766;4905;5861
2;400;10307;4612;5695
2;313;11088;5053;6035
2;226;11082;5021;6061
2;139;10943;4953;5990
2;52;11258;4963;6295
2;1532;10277;4719;5558
2;1445;10604;4899;5705
2;1358;11319;5194;6125
2;1271;11558;5223;6335
2;1184;12302;5582;6720
2;1097;12462;5536;6926
2;1010;12274;5456;6818
2;923;12251;5479;6772
2;836;11780;5345;6435
2;749;11080;5042;6038
2;662;11015;5058;5957
2;575;10661;4855;5806
2;488;10150;4518;5632
2;401;10961;4977;5984
2;314;10909;4943;5966
2;227;10815;4877;5938
2;140;11193;4913;6280
2;53;10117;4378;5739
2;1533;10523;4862;5661
2;1446;11203;5130;6073
2;1359;11419;5111;6308
2;1272;12206;5506;6700
2;1185;12344;5458;6886
2;1098;12152;5379;6773
2;1011;12101;5395;6706
2;924;11207;5042;6165
2;837;10980;4959;6021
2;750;10885;4970;5915
2;663;10517;4742;5775
2;576;10058;4447;5611
2;489;10787;4873;5914
2;402;10750;4847;5903
2;315;10714;4811;5903
2;228;11124;4885;6239
2;141;10022;4346;5676
2;54;9273;4086;5187
2;1534;11085;5053;6032
2;1447;11251;4986;6265
2;1360;12057;5400;6657
2;1273;12231;5388;6843
2;1186;11984;5262;6722
2;1099;11956;5307;6649
2;1012;11012;4923;6089
2;925;10355;4586;5769
2;838;10774;4884;5890
2;751;10397;4653;5744
2;664;9918;4355;5563
2;577;10652;4751;5901
2;490;10580;4732;5848
2;403;10581;4733;5848
2;316;11078;4854;6224
2;229;9921;4275;5646
2;142;9109;4027;5082
2;55;8697;3744;4953
2;1535;11184;4960;6224
2;1448;11936;5331;6605
2;1361;12013;5256;6757
2;1274;11831;5155;6676
2;1187;11804;5208;6596
2;1100;10881;4848;6033
2;1013;10203;4499;5704
2;926;10110;4476;5634
2;839;10253;4550;5703
2;752;9782;4249;5533
2;665;10507;4647;5860
2;578;10429;4633;5796
2;491;10457;4658;5799
2;404;10948;4754;6194
2;317;9816;4196;5620
2;230;8998;3945;5053
2;143;8526;3654;4872
2;56;9207;3969;5238
2;1536;11807;5261;6546
2;1449;11867;5176;6691
2;1362;11662;5034;6628
2;1275;11666;5106;6560
2;1188;10736;4741;5995
2;1101;10054;4393;5661
2;1014;9944;4373;5571
2;927;9701;4287;5414
2;840;9642;4150;5492
2;753;10370;4543;5827
2;666;10249;4518;5731
2;579;10297;4555;5742
2;492;10830;4660;6170
2;405;9701;4110;5591
2;318;8908;3880;5028
2;231;8425;3584;4841
2;144;8987;3861;5126
2;57;7924;3437;4487
2;1537;11745;5099;6646
2;1450;11534;4935;6599
2;1363;11491;4967;6524
2;1276;10611;4647;5964
2;1189;9925;4314;5611
2;1102;9838;4295;5543
2;1015;9568;4202;5366
2;928;9027;3814;5213
2;841;10248;4448;5800
2;754;10112;4428;5684
2;667;10143;4440;5703
2;580;10691;4565;6126
2;493;9608;4037;5571
2;406;8780;3792;4988
2;319;8315;3509;4806
2;232;8842;3768;5074
2;145;7759;3366;4393
2;58;8691;3711;4980
2;1538;11413;4863;6550
2;1451;11338;4868;6470
2;1364;10494;4571;5923
2;1277;9825;4248;5577
2;1190;9694;4187;5507
2;1103;9436;4094;5342
2;1016;8896;3735;5161
2;929;9610;4093;5517
2;842;9993;4335;5658
2;755;9998;4342;5656
2;668;10538;4441;6097
2;581;9476;3954;5522
2;494;8694;3736;4958
2;407;8187;3436;4751
2;320;8745;3707;5038
2;233;7628;3280;4348
2;146;8488;3622;4866
2;59;9522;4078;5444
2;1539;11235;4799;6436
2;1452;10316;4456;5860
2;1365;9671;4153;5518
2;1278;9542;4084;5458
2;1191;9293;3996;5297
2;1104;8760;3657;5103
2;1017;9472;3994;5478
2;930;9376;3991;5385
2;843;9837;4228;5609
2;756;10337;4297;6040
2;669;9319;3850;5469
2;582;8551;3634;4917
2;495;8056;3340;4716
2;408;8623;3630;4993
2;321;7542;3216;4326
2;234;8365;3552;4813
2;147;9317;3968;5349
2;60;8873;3862;5011
2;1540;10202;4369;5833
2;1453;9525;4049;5476
2;1366;9386;3977;5409
2;1279;9190;3910;5280
2;1192;8633;3555;5078
2;1105;9327;3886;5441
2;1018;9208;3878;5330
2;931;9173;3909;5264
2;844;10190;4189;6001
2;757;9172;3744;5428
2;670;8363;3487;4876
2;583;7910;3243;4667
2;496;8474;3538;4936
2;409;7440;3156;4284
2;322;8220;3450;4770
2;235;9143;3862;5281
2;148;8766;3791;4975
2;61;9163;3830;5333
2;1541;9389;3950;5439
2;1454;9246;3873;5373
2;1367;9042;3797;5245
2;1280;8523;3476;5047
2;1193;9194;3796;5398
2;1106;9065;3788;5277
2;1019;9008;3810;5198
2;932;9639;3891;5748
2;845;9018;3659;5359
2;758;8199;3375;4824
2;671;7736;3117;4619
2;584;8346;3451;4895
2;497;7310;3061;4249
2;410;8044;3352;4692
2;323;8983;3771;5212
2;236;8604;3691;4913
2;149;9095;3780;5315
2;62;8992;3766;5226
2;1542;9146;3803;5343
2;1455;8910;3710;5200
2;1368;8389;3384;5005
2;1281;9051;3696;5355
2;1194;8892;3677;5215
2;1107;8867;3715;5152
2;1020;9462;3769;5693
2;933;8577;3448;5129
2;846;8052;3268;4784
2;759;7581;3005;4576
2;672;8181;3337;4844
2;585;7164;2966;4198
2;498;7899;3257;4642
2;411;8824;3678;5146
2;324;8464;3592;4872
2;237;8994;3698;5296
2;150;8939;3707;5232
2;63;9211;3800;5411
2;1543;8783;3629;5154
2;1456;8238;3273;4965
2;1369;8900;3587;5313
2;1282;8742;3576;5166
2;1195;8701;3612;5089
2;1108;9307;3664;5643
2;1021;8416;3331;5085
2;934;7747;3110;4637
2;847;7465;2932;4533
2;760;8018;3221;4797
2;673;7020;2860;4160
2;586;7741;3138;4603
2;499;8677;3580;5097
2;412;8296;3483;4813
2;325;8871;3622;5249
2;238;8836;3651;5185
2;151;9131;3722;5409
2;64;8874;3633;5241
2;1544;8121;3193;4928
2;1457;8741;3481;5260
2;1370;8584;3471;5113
2;1283;8548;3510;5038
2;1196;9132;3553;5579
2;1109;8243;3216;5027
2;1022;7589;3009;4580
2;935;7167;2806;4361
2;848;7860;3104;4756
2;761;6873;2771;4102
2;674;7594;3040;4554
2;587;8475;3453;5022
2;500;8185;3410;4775
2;413;8686;3504;5182
2;326;8700;3547;5153
2;239;9015;3642;5373
2;152;8807;3560;5247
2;65;8754;3566;5188
2;1545;8564;3364;5200
2;1458;8406;3354;5052
2;1371;8370;3406;4964
2;1284;8936;3433;5503
2;1197;8052;3100;4952
2;1110;7398;2877;4521
2;1023;7040;2720;4320
2;936;7369;2857;4512
2;849;6739;2673;4066
2;762;7422;2934;4488
2;675;8279;3319;4960
2;588;8000;3297;4703
2;501;8485;3374;5111
2;414;8537;3446;5091
2;327;8946;3563;5383
2;240;8719;3482;5237
2;153;8635;3494;5141
2;66;8208;3375;4833
2;1546;8249;3263;4986
2;1459;8194;3289;4905
2;1372;8749;3314;5435
2;1285;7881;2994;4887
2;1198;7255;2776;4479
2;1111;6905;2632;4273
2;1024;7200;2751;4449
2;937;6262;2431;3831
2;850;7296;2838;4458
2;763;8072;3187;4885
2;676;7828;3182;4646
2;589;8287;3234;5053
2;502;8345;3329;5016
2;415;8770;3446;5324
2;328;8577;3354;5223
2;241;8530;3412;5118
2;154;8080;3286;4794
2;67;7459;2949;4510
2;1547;8032;3186;4846
2;1460;8562;3193;5369
2;1373;7686;2866;4820
2;1286;7098;2676;4422
2;1199;6735;2536;4199
2;1112;7040;2653;4387
2;1025;6106;2328;3778
2;938;6786;2603;4183
2;851;7904;3063;4841
2;764;7642;3054;4588
2;677;8108;3109;4999
2;590;8120;3191;4929
2;503;8606;3340;5266
2;416;8396;3241;5155
2;329;8402;3291;5111
2;242;7957;3207;4750
2;155;7321;2884;4437
2;68;7548;3060;4488
2;1548;8393;3078;5315
2;1461;7507;2760;4747
2;1374;6897;2550;4347
2;1287;6580;2431;4149
2;1200;6881;2549;4332
2;1113;5972;2256;3716
2;1026;6612;2502;4110
2;939;7409;2827;4582
2;852;7457;2933;4524
2;765;7923;2989;4934
2;678;7917;3055;4862
2;591;8405;3207;5198
2;504;8226;3133;5093
2;417;8205;3166;5039
2;330;7844;3092;4752
2;243;7146;2763;4383
2;156;7426;2976;4450
2;69;7784;3028;4756
2;1549;7354;2669;4685
2;1462;6711;2435;4276
2;1375;6404;2318;4086
2;1288;6686;2431;4255
2;1201;5814;2162;3652
2;1114;6443;2392;4051
2;1027;7212;2718;4494
2;940;6984;2713;4271
2;853;7737;2873;4864
2;766;7708;2925;4783
2;679;8189;3056;5133
2;592;7988;2983;5005
2;505;8002;3041;4961
2;418;7603;2937;4666
2;331;7003;2652;4351
2;244;7250;2850;4400
2;157;7656;2941;4715
2;70;7203;2713;4490
2;1550;6550;2334;4216
2;1463;6249;2216;4033
2;1376;6507;2310;4197
2;1289;5665;2065;3600
2;1202;6296;2293;4003
2;1115;7031;2601;4430
2;1028;6782;2585;4197
2;941;7321;2728;4593
2;854;7497;2790;4707
2;767;7966;2920;5046
2;680;7724;2822;4902
2;593;7822;2930;4892
2;506;7399;2806;4593
2;419;6816;2544;4272
2;332;7070;2718;4352
2;245;7481;2818;4663
2;158;7100;2649;4451
2;71;7381;2910;4471
2;1551;6109;2127;3982
2;1464;6303;2195;4108
2;1377;5523;1972;3551
2;1290;6111;2184;3927
2;1203;6835;2482;4353
2;1116;6592;2463;4129
2;1029;7112;2596;4516
2;942;7099;2616;4483
2;855;7772;2814;4958
2;768;7458;2669;4789
2;681;7579;2772;4807
2;594;7157;2657;4500
2;507;6625;2433;4192
2;420;6842;2599;4243
2;333;7324;2705;4619
2;246;6882;2511;4371
2;159;7216;2808;4408
2;72;6806;2554;4252
2;1552;6136;2114;4022
2;1465;5369;1892;3477
2;1378;5930;2074;3856
2;1291;6606;2354;4252
2;1204;6391;2349;4042
2;1117;6932;2488;4444
2;1030;6910;2487;4423
2;943;7406;2678;4728
2;856;7248;2552;4696
2;769;7347;2627;4720
2;682;6925;2507;4418
2;595;6435;2308;4127
2;508;6610;2469;4141
2;421;7071;2562;4509
2;334;6697;2392;4305
2;247;7008;2684;4324
2;160;6657;2485;4172
2;73;6799;2473;4326
2;1553;5234;1825;3409
2;1466;5738;1966;3772
2;1379;6400;2233;4167
2;1292;6207;2237;3970
2;1205;6726;2364;4362
2;1118;6697;2364;4333
2;1031;7167;2543;4624
2;944;6952;2413;4539
2;857;7135;2503;4632
2;770;6685;2386;4299
2;683;6207;2173;4034
2;596;6372;2329;4043
2;509;6852;2458;4394
2;422;6472;2255;4217
2;335;6850;2571;4279
2;248;6403;2351;4052
2;161;6613;2388;4225
2;74;6330;2221;4109
2;1554;5568;1879;3689
2;1467;6201;2126;4075
2;1380;5991;2110;3881
2;1293;6524;2243;4281
2;1206;6473;2258;4215
2;1119;6920;2425;4495
2;1032;6681;2275;4406
2;945;6799;2338;4461
2;858;6444;2256;4188
2;771;5970;2050;3920
2;684;6113;2190;3923
2;597;6568;2304;4264
2;510;6241;2149;4092
2;423;6562;2399;4163
2;336;6200;2215;3985
2;249;6399;2250;4149
2;162;6172;2134;4038
2;75;5591;1742;3849
2;1555;5986;2012;3974
2;1468;5783;2000;3783
2;1381;6315;2136;4179
2;1294;6234;2130;4104
2;1207;6655;2287;4368
2;1120;6420;2135;4285
2;1033;6559;2223;4336
2;946;6122;2120;4002
2;859;5738;1924;3814
2;772;5863;2059;3804
2;685;6307;2177;4130
2;598;5971;2017;3954
2;511;6278;2264;4014
2;424;5914;2068;3846
2;337;6163;2108;4055
2;250;5926;1997;3929
2;163;5415;1663;3752
2;76;5280;1493;3787
2;1556;5559;1880;3679
2;1469;6086;2006;4080
2;1382;5990;2008;3982
2;1295;6417;2168;4249
2;1208;6180;2014;4166
2;1121;6322;2108;4214
2;1034;5889;1998;3891
2;947;5430;1784;3646
2;860;5604;1930;3674
2;773;6012;2037;3975
2;686;5733;1894;3839
2;599;5995;2108;3887
2;512;5663;1940;3723
2;425;5888;1973;3915
2;338;5689;1864;3825
2;251;5196;1564;3632
2;164;5107;1426;3681
2;77;4648;1229;3419
2;1557;5850;1897;3953
2;1470;5741;1878;3863
2;1383;6126;2015;4111
2;1296;5906;1879;4027
2;1209;6070;1992;4078
2;1122;5624;1858;3766
2;1035;5197;1680;3517
2;948;5180;1755;3425
2;861;5709;1881;3828
2;774;5482;1764;3718
2;687;5690;1958;3732
2;600;5370;1790;3580
2;513;5610;1851;3759
2;426;5425;1733;3692
2;339;4993;1459;3534
2;252;4907;1325;3582
2;165;4443;1159;3284
2;78;4214;1116;3098
2;1558;5499;1776;3723
2;1471;5847;1881;3966
2;1384;5645;1766;3879
2;1297;5824;1870;3954
2;1210;5358;1726;3632
2;1123;4920;1549;3371
2;1036;4929;1620;3309
2;949;5415;1732;3683
2;862;5205;1642;3563
2;775;5405;1835;3570
2;688;5090;1656;3434
2;601;5303;1708;3595
2;514;5146;1617;3529
2;427;4745;1350;3395
2;340;4703;1238;3465
2;253;4205;1054;3151
2;166;4043;1050;2993
2;79;3696;1006;2690
2;1559;5576;1742;3834
2;1472;5370;1627;3743
2;1385;5505;1731;3774
2;1298;5079;1590;3489
2;1211;4695;1457;3238
2;1124;4662;1494;3168
2;1037;5137;1600;3537
2;950;4806;1496;3310
2;863;5076;1670;3406
2;776;4805;1535;3270
2;689;4987;1578;3409
2;602;4801;1482;3319
2;515;4465;1251;3214
2;428;4430;1122;3308
2;341;3974;956;3018
2;254;3837;976;2861
2;167;3550;954;2596
2;80;3110;871;2239
2;1560;5062;1491;3571
2;1473;5190;1576;3614
2;1386;4788;1477;3311
2;1299;4432;1338;3094
2;1212;4368;1381;2987
2;1125;4829;1469;3360
2;1038;4523;1376;3147
2;951;4689;1498;3191
2;864;4502;1381;3121
2;777;4675;1443;3232
2;690;4476;1350;3126
2;603;4174;1137;3037
2;516;4156;1028;3128
2;429;3720;874;2846
2;342;3564;859;2705
2;255;3331;869;2462
2;168;2947;821;2126
2;81;2565;703;1862
2;1561;4913;1459;3454
2;1474;4522;1358;3164
2;1387;4120;1214;2906
2;1300;4085;1264;2821
2;1213;4496;1307;3189
2;1126;4227;1261;2966
2;1039;4350;1367;2983
2;952;4127;1254;2873
2;865;4361;1322;3039
2;778;4135;1214;2921
2;691;3888;1018;2870
2;604;3832;923;2909
2;517;3483;784;2699
2;430;3320;773;2547
2;343;3077;773;2304
2;256;2732;730;2002
2;169;2385;635;1750
2;82;2003;559;1444
2;1562;4199;1226;2973
2;1475;3848;1108;2740
2;1388;3807;1147;2660
2;1301;4167;1187;2980
2;1214;3915;1137;2778
2;1127;4026;1253;2773
2;1040;3828;1126;2702
2;953;3980;1166;2814
2;866;3831;1099;2732
2;779;3591;916;2675
2;692;3501;802;2699
2;605;3175;688;2487
2;518;3055;678;2377
2;431;2842;703;2139
2;344;2545;654;1891
2;257;2224;564;1660
2;170;1841;510;1331
2;83;1421;406;1015
2;1563;3582;1014;2568
2;1476;3522;1033;2489
2;1389;3809;1064;2745
2;1302;3591;1025;2566
2;1215;3702;1141;2561
2;1128;3500;1019;2481
2;1041;3658;1068;2590
2;954;3461;990;2471
2;867;3276;819;2457
2;780;3209;713;2496
2;693;2917;613;2304
2;606;2766;591;2175
2;519;2546;619;1927
2;432;2336;573;1763
2;345;2015;492;1523
2;258;1701;431;1270
2;171;1310;365;945
2;84;1116;327;789
2;1564;3233;940;2293
2;1477;3463;948;2515
2;1390;3262;896;2366
2;1303;3382;1032;2350
2;1216;3147;901;2246
2;1129;3337;961;2376
2;1042;3146;874;2272
2;955;2978;726;2252
2;868;2912;622;2290
2;781;2636;540;2096
2;694;2471;525;1946
2;607;2304;552;1752
2;520;2105;510;1595
2;433;1833;444;1389
2;346;1520;370;1150
2;259;1181;328;853
2;172;1017;280;737
2;85;1177;301;876
2;1565;16630;4051;12579
2;1478;15936;3910;12026
2;1391;15424;3758;11666
2;1304;14759;3442;11317
2;1217;14123;3245;10878
2;1130;13172;2899;10273
2;1043;12149;2552;9597
2;956;11205;2312;8893
2;869;10432;2175;8257
2;782;9644;2128;7516
2;695;8868;2011;6857
2;608;8128;1923;6205
2;521;7566;1753;5813
2;434;7354;1776;5578
2;347;6960;1634;5326
2;260;7208;1800;5408
2;173;7435;1861;5574
2;86;7673;1925;5748
2;1566;805367;369481;435886
2;1479;805173;367972;437201
2;1392;805380;367252;438128
2;1305;807523;368847;438676
2;1218;806106;367921;438185
2;1131;806308;368036;438272
2;1044;805915;367700;438215
2;957;811515;370353;441162
2;870;824193;376675;447518
2;783;826445;378913;447532
2;696;826306;379065;447241
2;609;828191;380558;447633
2;522;831237;382594;448643
2;435;838556;386357;452199
2;348;841748;388106;453642
2;261;843320;389212;454108
2;174;845292;390423;454869
2;87;850668;393465;457203
3;1480;1234;641;593
3;1393;1230;642;588
3;1306;1348;642;706
3;1219;1295;642;653
3;1132;1322;677;645
3;1045;1369;681;688
3;958;1293;684;609
3;871;1198;637;561
3;784;1455;721;734
3;697;1379;701;678
3;610;1360;695;665
3;523;1468;759;709
3;436;1467;723;744
3;349;1477;736;741
3;262;1586;794;792
3;175;1537;770;767
3;88;1703;851;852
3;1;1828;918;910
3;1481;1209;629;580
3;1394;1323;623;700
3;1307;1288;643;645
3;1220;1318;671;647
3;1133;1352;678;674
3;1046;1281;684;597
3;959;1211;644;567
3;872;1293;668;625
3;785;1360;690;670
3;698;1349;688;661
3;611;1455;745;710
3;524;1448;714;734
3;437;1464;727;737
3;350;1567;783;784
3;263;1529;767;762
3;176;1682;838;844
3;89;1819;918;901
3;2;1940;983;957
3;1482;1281;607;674
3;1395;1259;626;633
3;1308;1286;656;630
3;1221;1329;665;664
3;1134;1251;675;576
3;1047;1174;617;557
3;960;1282;667;615
3;873;1230;621;609
3;786;1325;677;648
3;699;1440;740;700
3;612;1431;705;726
3;525;1438;715;723
3;438;1539;767;772
3;351;1513;761;752
3;264;1683;840;843
3;177;1801;906;895
3;90;1932;976;956
3;3;1971;1011;960
3;1483;1242;611;631
3;1396;1254;640;614
3;1309;1325;661;664
3;1222;1223;654;569
3;1135;1147;607;540
3;1048;1246;647;599
3;961;1205;601;604
3;874;1149;592;557
3;787;1424;732;692
3;700;1416;699;717
3;613;1415;707;708
3;526;1519;748;771
3;439;1503;756;747
3;352;1666;838;828
3;265;1786;898;888
3;178;1906;959;947
3;91;1969;1008;961
3;4;1985;1064;921
3;1484;1221;620;601
3;1397;1295;647;648
3;1310;1209;645;564
3;1223;1132;600;532
3;1136;1232;635;597
3;1049;1163;586;577
3;962;1144;591;553
3;875;1270;653;617
3;788;1401;684;717
3;701;1400;700;700
3;614;1498;733;765
3;527;1481;744;737
3;440;1638;819;819
3;353;1771;895;876
3;266;1890;948;942
3;179;1957;1000;957
3;92;1978;1056;922
3;5;2070;1045;1025
3;1485;1276;641;635
3;1398;1188;638;550
3;1311;1126;596;530
3;1224;1207;626;581
3;1137;1140;573;567
3;1050;1117;575;542
3;963;1251;641;610
3;876;1270;632;638
3;789;1373;686;687
3;702;1470;722;748
3;615;1461;730;731
3;528;1622;805;817
3;441;1750;883;867
3;354;1868;941;927
3;267;1947;996;951
3;180;1967;1053;914
3;93;2058;1037;1021
3;6;2250;1121;1129
3;1486;1169;629;540
3;1399;1099;582;517
3;1312;1176;613;563
3;1225;1131;567;564
3;1138;1082;559;523
3;1051;1227;627;600
3;964;1255;628;627
3;877;1285;640;645
3;790;1455;713;742
3;703;1438;719;719
3;616;1598;790;808
3;529;1736;871;865
3;442;1845;929;916
3;355;1929;990;939
3;268;1956;1045;911
3;181;2052;1033;1019
3;94;2237;1118;1119
3;7;2372;1222;1150
3;1487;1083;574;509
3;1400;1150;601;549
3;1313;1126;558;568
3;1226;1068;555;513
3;1139;1208;621;587
3;1052;1233;620;613
3;965;1266;631;635
3;878;1374;685;689
3;791;1434;715;719
3;704;1578;781;797
3;617;1709;857;852
3;530;1834;920;914
3;443;1911;982;929
3;356;1941;1036;905
3;269;2043;1025;1018
3;182;2221;1109;1112
3;95;2377;1225;1152
3;8;2582;1340;1242
3;1488;1136;595;541
3;1401;1103;550;553
3;1314;1061;556;505
3;1227;1195;612;583
3;1140;1217;612;605
3;1053;1248;620;628
3;966;1362;682;680
3;879;1356;687;669
3;792;1566;774;792
3;705;1702;851;851
3;618;1826;918;908
3;531;1896;969;927
3;444;1919;1024;895
3;357;2027;1013;1014
3;270;2205;1102;1103
3;183;2363;1220;1143
3;96;2571;1334;1237
3;9;2929;1458;1471
3;1489;1087;542;545
3;1402;1056;550;506
3;1315;1185;609;576
3;1228;1200;601;599
3;1141;1239;618;621
3;1054;1349;678;671
3;967;1342;683;659
3;880;1504;750;754
3;793;1681;842;839
3;706;1822;920;902
3;619;1881;963;918
3;532;1911;1018;893
3;445;2018;1016;1002
3;358;2186;1094;1092
3;271;2358;1214;1144
3;184;2570;1330;1240
3;97;2910;1444;1466
3;10;3021;1557;1464
3;1490;1043;547;496
3;1403;1174;605;569
3;1316;1191;599;592
3;1229;1218;604;614
3;1142;1331;670;661
3;1055;1325;675;650
3;968;1494;744;750
3;881;1661;828;833
3;794;1802;906;896
3;707;1865;953;912
3;620;1892;1001;891
3;533;2008;1011;997
3;446;2177;1089;1088
3;359;2337;1197;1140
3;272;2559;1328;1231
3;185;2895;1442;1453
3;98;3019;1554;1465
3;11;3021;1550;1471
3;1491;1158;596;562
3;1404;1167;593;574
3;1317;1203;596;607
3;1230;1313;666;647
3;1143;1304;666;638
3;1056;1486;736;750
3;969;1633;817;816
3;882;1757;868;889
3;795;1853;950;903
3;708;1879;994;885
3;621;1979;1000;979
3;534;2171;1087;1084
3;447;2327;1190;1137
3;360;2544;1321;1223
3;273;2880;1431;1449
3;186;3001;1544;1457
3;99;3002;1535;1467
3;12;2971;1517;1454
3;1492;1151;585;566
3;1405;1196;589;607
3;1318;1302;663;639
3;1231;1295;663;632
3;1144;1476;733;743
3;1057;1617;801;816
3;970;1729;853;876
3;883;1809;932;877
3;796;1866;984;882
3;709;1966;990;976
3;622;2153;1074;1079
3;535;2320;1184;1136
3;448;2525;1312;1213
3;361;2850;1415;1435
3;274;2974;1532;1442
3;187;2962;1515;1447
3;100;2936;1493;1443
3;13;2909;1569;1340
3;1493;1184;581;603
3;1406;1286;659;627
3;1319;1285;659;626
3;1232;1464;729;735
3;1145;1609;798;811
3;1058;1717;845;872
3;971;1786;920;866
3;884;1829;971;858
3;797;1957;983;974
3;710;2131;1055;1076
3;623;2312;1174;1138
3;536;2509;1301;1208
3;449;2803;1390;1413
3;362;2938;1509;1429
3;275;2919;1497;1422
3;188;2896;1473;1423
3;101;2864;1542;1322
3;14;2997;1548;1449
3;1494;1278;655;623
3;1407;1265;648;617
3;1320;1455;726;729
3;1233;1604;796;808
3;1146;1707;842;865
3;1059;1772;913;859
3;972;1816;963;853
3;885;1913;963;950
3;798;2122;1057;1065
3;711;2290;1159;1131
3;624;2497;1295;1202
3;537;2784;1375;1409
3;450;2899;1485;1414
3;363;2864;1462;1402
3;276;2844;1442;1402
3;189;2825;1513;1312
3;102;2966;1525;1441
3;15;3124;1607;1517
3;1495;1253;638;615
3;1408;1436;718;718
3;1321;1577;781;796
3;1234;1689;835;854
3;1147;1752;909;843
3;1060;1804;960;844
3;973;1894;953;941
3;886;2071;1028;1043
3;799;2275;1149;1126
3;712;2480;1285;1195
3;625;2766;1364;1402
3;538;2880;1474;1406
3;451;2799;1429;1370
3;364;2815;1426;1389
3;277;2781;1493;1288
3;190;2922;1497;1425
3;103;3087;1580;1507
3;16;3070;1543;1527
3;1496;1419;706;713
3;1409;1551;768;783
3;1322;1675;827;848
3;1235;1740;901;839
3;1148;1788;949;839
3;1061;1880;947;933
3;974;2048;1022;1026
3;887;2216;1125;1091
3;800;2456;1271;1185
3;713;2760;1364;1396
3;626;2856;1457;1399
3;539;2771;1415;1356
3;452;2720;1368;1352
3;365;2724;1459;1265
3;278;2870;1471;1399
3;191;3047;1556;1491
3;104;3037;1525;1512
3;17;2985;1536;1449
3;1497;1541;762;779
3;1410;1659;818;841
3;1323;1720;885;835
3;1236;1784;945;839
3;1149;1866;941;925
3;1062;2050;1026;1024
3;975;2198;1118;1080
3;888;2395;1236;1159
3;801;2740;1352;1388
3;714;2851;1454;1397
3;627;2738;1399;1339
3;540;2692;1355;1337
3;453;2653;1406;1247
3;366;2822;1439;1383
3;279;2999;1536;1463
3;192;2983;1490;1493
3;105;2942;1508;1434
3;18;3026;1549;1477
3;1498;1628;804;824
3;1411;1688;880;808
3;1324;1755;924;831
3;1237;1852;939;913
3;1150;2033;1017;1016
3;1063;2164;1102;1062
3;976;2357;1214;1143
3;889;2669;1316;1353
3;802;2825;1448;1377
3;715;2724;1392;1332
3;628;2657;1336;1321
3;541;2609;1383;1226
3;454;2741;1397;1344
3;367;2938;1503;1435
3;280;2914;1458;1456
3;193;2907;1484;1423
3;106;2961;1516;1445
3;19;2399;1263;1136
3;1499;1603;845;758
3;1412;1690;896;794
3;1325;1801;906;895
3;1238;1986;994;992
3;1151;2118;1083;1035
3;1064;2311;1195;1116
3;977;2565;1276;1289
3;890;2360;1262;1098
3;803;2688;1377;1311
3;716;2627;1324;1303
3;629;2563;1358;1205
3;542;2680;1367;1313
3;455;2807;1431;1376
3;368;2838;1425;1413
3;281;2846;1459;1387
3;194;2928;1499;1429
3;107;2323;1227;1096
3;20;2109;1200;909
3;1500;1615;851;764
3;1413;1740;873;867
3;1326;1949;979;970
3;1239;2078;1068;1010
3;1152;2243;1153;1090
3;1065;2499;1237;1262
3;978;2295;1233;1062
3;891;2187;1191;996
3;804;2570;1296;1274
3;717;2523;1333;1190
3;630;2631;1343;1288
3;543;2741;1395;1346
3;456;2706;1352;1354
3;369;2764;1415;1349
3;282;2859;1461;1398
3;195;2277;1208;1069
3;108;2069;1176;893
3;21;1998;1117;881
3;1501;1660;823;837
3;1414;1883;950;933
3;1327;2029;1037;992
3;1240;2206;1134;1072
3;1153;2476;1213;1263
3;1066;2211;1188;1023
3;979;2108;1147;961
3;892;2118;1124;994
3;805;2458;1299;1159
3;718;2575;1311;1264
3;631;2673;1362;1311
3;544;2628;1315;1313
3;457;2614;1336;1278
3;370;2765;1417;1348
3;283;2211;1177;1034
3;196;2048;1163;885
3;109;1954;1085;869
3;22;2040;1172;868
3;1502;1766;900;866
3;1415;1957;997;960
3;1328;2152;1096;1056
3;1241;2418;1200;1218
3;1154;2144;1155;989
3;1067;2034;1116;918
3;980;1998;1063;935
3;893;2024;1131;893
3;806;2488;1269;1219
3;719;2623;1340;1283
3;632;2549;1276;1273
3;545;2547;1297;1250
3;458;2632;1352;1280
3;371;2142;1148;994
3;284;2003;1142;861
3;197;1953;1079;874
3;110;2013;1141;872
3;23;2152;1212;940
3;1503;1840;941;899
3;1416;2060;1065;995
3;1329;2336;1150;1186
3;1242;2091;1123;968
3;1155;1930;1081;849
3;1068;1877;1011;866
3;981;1894;1061;833
3;894;1986;1064;922
3;807;2531;1294;1237
3;720;2492;1246;1246
3;633;2478;1269;1209
3;546;2548;1300;1248
3;459;2038;1088;950
3;372;1943;1114;829
3;285;1904;1051;853
3;198;2011;1131;880
3;111;2146;1205;941
3;24;2146;1132;1014
3;1504;1932;1007;925
3;1417;2215;1116;1099
3;1330;1986;1062;924
3;1243;1890;1060;830
3;1156;1802;991;811
3;1069;1846;1045;801
3;982;1859;1009;850
3;895;1995;1089;906
3;808;2388;1197;1191
3;721;2397;1223;1174
3;634;2469;1254;1215
3;547;1983;1044;939
3;460;1841;1064;777
3;373;1832;1015;817
3;286;1968;1104;864
3;199;2127;1185;942
3;112;2102;1105;997
3;25;2353;1221;1132
3;1505;2029;1035;994
3;1418;1866;1016;850
3;1331;1796;1009;787
3;1244;1766;974;792
3;1157;1780;1007;773
3;1070;1770;958;812
3;983;1840;1006;834
3;896;1811;970;841
3;809;2309;1186;1123
3;722;2380;1217;1163
3;635;1898;1002;896
3;548;1767;1021;746
3;461;1694;944;750
3;374;1891;1067;824
3;287;2056;1140;916
3;200;2067;1087;980
3;113;2341;1219;1122
3;26;2410;1329;1081
3;1506;1718;951;767
3;1419;1651;952;699
3;1332;1680;943;737
3;1245;1723;985;738
3;1158;1691;917;774
3;1071;1699;938;761
3;984;1678;893;785
3;897;1713;921;792
3;810;2251;1153;1098
3;723;1805;955;850
3;636;1701;979;722
3;549;1611;892;719
3;462;1773;1014;759
3;375;1970;1094;876
3;288;1994;1043;951
3;201;2284;1192;1092
3;114;2361;1294;1067
3;27;2346;1231;1115
3;1507;1490;872;618
3;1420;1569;905;664
3;1333;1647;949;698
3;1246;1643;890;753
3;1159;1629;911;718
3;1072;1538;824;714
3;985;1587;860;727
3;898;1721;926;795
3;811;1705;905;800
3;724;1622;942;680
3;637;1541;859;682
3;550;1704;976;728
3;463;1875;1043;832
3;376;1915;1003;912
3;289;2205;1154;1051
3;202;2316;1265;1051
3;115;2304;1204;1100
3;28;2453;1291;1162
3;1508;1439;835;604
3;1421;1519;887;632
3;1334;1540;853;687
3;1247;1594;892;702
3;1160;1464;799;665
3;1073;1496;815;681
3;986;1591;858;733
3;899;1579;834;745
3;812;1545;900;645
3;725;1478;823;655
3;638;1644;946;698
3;551;1835;1015;820
3;464;1815;955;860
3;377;2096;1100;996
3;290;2223;1200;1023
3;203;2275;1187;1088
3;116;2416;1257;1159
3;29;2614;1342;1272
3;1509;1396;833;563
3;1422;1419;787;632
3;1335;1506;849;657
3;1248;1421;782;639
3;1161;1460;814;646
3;1074;1500;824;676
3;987;1465;765;700
3;900;1628;874;754
3;813;1421;798;623
3;726;1592;918;674
3;639;1783;987;796
3;552;1770;934;836
3;465;2018;1050;968
3;378;2142;1158;984
3;291;2209;1146;1063
3;204;2375;1233;1142
3;117;2556;1303;1253
3;30;2668;1349;1319
3;1510;1307;741;566
3;1423;1398;795;603
3;1336;1369;751;618
3;1249;1399;792;607
3;1162;1463;814;649
3;1075;1405;740;665
3;988;1539;817;722
3;901;1561;801;760
3;814;1530;883;647
3;727;1733;961;772
3;640;1724;906;818
3;553;1957;1020;937
3;466;2076;1115;961
3;379;2134;1098;1036
3;292;2320;1200;1120
3;205;2523;1284;1239
3;118;2610;1317;1293
3;31;2575;1326;1249
3;1511;1284;722;562
3;1424;1249;689;560
3;1337;1332;754;578
3;1250;1455;797;658
3;1163;1362;728;634
3;1076;1470;774;696
3;989;1466;753;713
3;902;1563;836;727
3;815;1672;928;744
3;728;1692;891;801
3;641;1919;992;927
3;554;2056;1104;952
3;467;2074;1069;1005
3;380;2257;1163;1094
3;293;2446;1237;1209
3;206;2584;1301;1283
3;119;2528;1295;1233
3;32;2663;1339;1324
3;1512;1202;673;529
3;1425;1239;714;525
3;1338;1369;747;622
3;1251;1300;695;605
3;1164;1429;754;675
3;1077;1412;724;688
3;990;1483;788;695
3;903;1659;880;779
3;816;1656;868;788
3;729;1860;964;896
3;642;2025;1088;937
3;555;2017;1039;978
3;468;2175;1115;1060
3;381;2384;1197;1187
3;294;2527;1276;1251
3;207;2506;1290;1216
3;120;2615;1308;1307
3;33;2722;1359;1363
3;1513;1169;670;499
3;1426;1310;706;604
3;1339;1248;657;591
3;1252;1398;740;658
3;1165;1381;704;677
3;1078;1406;745;661
3;991;1583;826;757
3;904;1704;868;836
3;817;1809;940;869
3;730;1965;1047;918
3;643;1964;1006;958
3;556;2140;1089;1051
3;469;2304;1149;1155
3;382;2446;1233;1213
3;295;2444;1260;1184
3;208;2594;1296;1298
3;121;2680;1329;1351
3;34;2798;1461;1337
3;1514;1254;672;582
3;1427;1198;632;566
3;1340;1353;718;635
3;1253;1341;670;671
3;1166;1373;724;649
3;1079;1564;815;749
3;992;1670;843;827
3;905;1858;931;927
3;818;1917;1019;898
3;731;1924;986;938
3;644;2101;1067;1034
3;557;2254;1110;1144
3;470;2374;1186;1188
3;383;2372;1225;1147
3;296;2547;1268;1279
3;209;2657;1317;1340
3;122;2750;1431;1319
3;35;2688;1405;1283
3;1515;1157;602;555
3;1428;1279;668;611
3;1341;1318;655;663
3;1254;1333;702;631
3;1167;1524;792;732
3;1080;1636;824;812
3;993;1790;898;892
3;906;1934;993;941
3;819;1883;969;914
3;732;2055;1041;1014
3;645;2223;1088;1135
3;558;2341;1164;1177
3;471;2302;1177;1125
3;384;2483;1232;1251
3;297;2612;1286;1326
3;210;2711;1402;1309
3;123;2646;1374;1272
3;36;2716;1367;1349
3;1516;1235;648;587
3;1429;1266;627;639
3;1342;1300;688;612
3;1255;1498;783;715
3;1168;1617;812;805
3;1081;1761;884;877
3;994;1863;959;904
3;907;1941;963;978
3;820;2009;1032;977
3;733;2187;1075;1112
3;646;2296;1144;1152
3;559;2260;1148;1112
3;472;2423;1191;1232
3;385;2562;1264;1298
3;298;2673;1379;1294
3;211;2619;1362;1257
3;124;2681;1344;1337
3;37;2862;1496;1366
3;1517;1234;615;619
3;1430;1261;663;598
3;1343;1459;760;699
3;1256;1587;805;782
3;1169;1745;875;870
3;1082;1830;937;893
3;995;1886;936;950
3;908;2017;994;1023
3;821;2151;1051;1100
3;734;2256;1119;1137
3;647;2221;1123;1098
3;560;2387;1169;1218
3;473;2512;1232;1280
3;386;2612;1342;1270
3;299;2601;1351;1250
3;212;2646;1321;1325
3;125;2826;1466;1360
3;38;2861;1480;1381
3;1518;1233;645;588
3;1431;1419;732;687
3;1344;1558;784;774
3;1257;1725;860;865
3;1170;1811;931;880
3;1083;1875;930;945
3;996;1970;973;997
3;909;2192;1056;1136
3;822;2222;1104;1118
3;735;2185;1096;1089
3;648;2355;1153;1202
3;561;2479;1214;1265
3;474;2550;1304;1246
3;387;2572;1328;1244
3;300;2611;1306;1305
3;213;2814;1461;1353
3;126;2816;1449;1367
3;39;3011;1535;1476
3;1519;1363;691;672
3;1432;1524;764;760
3;1345;1695;846;849
3;1258;1791;913;878
3;1171;1848;922;926
3;1084;1929;942;987
3;997;2152;1030;1122
3;910;2286;1116;1170
3;823;2146;1076;1070
3;736;2334;1137;1197
3;649;2439;1190;1249
3;562;2510;1277;1233
3;475;2516;1293;1223
3;388;2554;1273;1281
3;301;2765;1430;1335
3;214;2797;1439;1358
3;127;2943;1486;1457
3;40;3003;1485;1518
3;1520;1497;750;747
3;1433;1651;827;824
3;1346;1754;886;868
3;1259;1829;906;923
3;1172;1900;929;971
3;1085;2130;1020;1110
3;998;2245;1096;1149
3;911;2225;1138;1087
3;824;2297;1110;1187
3;737;2405;1164;1241
3;650;2480;1256;1224
3;563;2475;1266;1209
3;476;2504;1237;1267
3;389;2716;1399;1317
3;302;2762;1423;1339
3;215;2923;1478;1445
3;128;2955;1451;1504
3;41;3079;1572;1507
3;1521;1631;826;805
3;1434;1705;852;853
3;1347;1816;902;914
3;1260;1892;924;968
3;1173;2114;1004;1110
3;1086;2207;1077;1130
3;999;2186;1117;1069
3;912;2350;1127;1223
3;825;2372;1147;1225
3;738;2454;1231;1223
3;651;2451;1254;1197
3;564;2477;1223;1254
3;477;2659;1363;1296
3;390;2723;1401;1322
3;303;2881;1460;1421
3;216;2931;1440;1491
3;129;3058;1561;1497
3;42;3036;1531;1505
3;1522;1662;829;833
3;1435;1785;889;896
3;1348;1863;911;952
3;1261;2092;989;1103
3;1174;2173;1059;1114
3;1087;2164;1102;1062
3;1000;2307;1107;1200
3;913;2409;1165;1244
3;826;2419;1208;1211
3;739;2425;1235;1190
3;652;2445;1205;1240
3;565;2618;1333;1285
3;478;2671;1366;1305
3;391;2833;1428;1405
3;304;2890;1419;1471
3;217;3043;1551;1492
3;130;3007;1512;1495
3;43;2943;1479;1464
3;1523;1755;877;878
3;1436;1816;881;935
3;1349;2068;979;1089
3;1262;2159;1051;1108
3;1175;2139;1087;1052
3;1088;2291;1105;1186
3;1001;2365;1142;1223
3;914;2449;1210;1239
3;827;2398;1214;1184
3;740;2412;1185;1227
3;653;2579;1310;1269
3;566;2639;1344;1295
3;479;2781;1392;1389
3;392;2847;1393;1454
3;305;3015;1535;1480
3;218;2981;1498;1483
3;131;2929;1469;1460
3;44;2634;1360;1274
3;1524;1796;875;921
3;1437;2036;963;1073
3;1350;2131;1037;1094
3;1263;2118;1071;1047
3;1176;2269;1083;1186
3;1089;2340;1117;1223
3;1002;2402;1178;1224
3;915;2401;1216;1185
3;828;2375;1163;1212
3;741;2544;1288;1256
3;654;2608;1324;1284
3;567;2728;1360;1368
3;480;2816;1374;1442
3;393;2991;1520;1471
3;306;2942;1470;1472
3;219;2914;1461;1453
3;132;2607;1346;1261
3;45;2369;1146;1223
3;1525;2010;950;1060
3;1438;2096;1024;1072
3;1351;2074;1046;1028
3;1264;2247;1072;1175
3;1177;2313;1101;1212
3;1090;2370;1161;1209
3;1003;2367;1191;1176
3;916;2389;1160;1229
3;829;2498;1259;1239
3;742;2567;1297;1270
3;655;2688;1330;1358
3;568;2761;1344;1417
3;481;2956;1501;1455
3;394;2888;1447;1441
3;307;2878;1445;1433
3;220;2583;1327;1256
3;133;2325;1128;1197
3;46;2360;1127;1233
3;1526;2073;1012;1061
3;1439;2047;1031;1016
3;1352;2207;1044;1163
3;1265;2297;1092;1205
3;1178;2353;1152;1201
3;1091;2343;1173;1170
3;1004;2359;1145;1214
3;917;2500;1258;1242
3;830;2527;1272;1255
3;743;2654;1301;1353
3;656;2719;1317;1402
3;569;2937;1485;1452
3;482;2842;1419;1423
3;395;2846;1422;1424
3;308;2552;1303;1249
3;221;2298;1107;1191
3;134;2328;1107;1221
3;47;2222;1119;1103
3;1527;2025;1025;1000
3;1440;2174;1029;1145
3;1353;2255;1062;1193
3;1266;2330;1143;1187
3;1179;2323;1158;1165
3;1092;2350;1136;1214
3;1005;2458;1238;1220
3;918;2558;1292;1266
3;831;2616;1280;1336
3;744;2688;1299;1389
3;657;2889;1447;1442
3;570;2806;1398;1408
3;483;2818;1397;1421
3;396;2525;1288;1237
3;309;2282;1099;1183
3;222;2314;1102;1212
3;135;2210;1112;1098
3;48;2261;1131;1130
3;1528;2158;1021;1137
3;1441;2217;1031;1186
3;1354;2295;1125;1170
3;1267;2300;1142;1158
3;1180;2336;1128;1208
3;1093;2431;1219;1212
3;1006;2522;1270;1252
3;919;2657;1314;1343
3;832;2658;1284;1374
3;745;2854;1420;1434
3;658;2762;1354;1408
3;571;2777;1367;1410
3;484;2493;1273;1220
3;397;2249;1078;1171
3;310;2290;1085;1205
3;223;2189;1095;1094
3;136;2213;1099;1114
3;49;2362;1142;1220
3;1529;2196;1025;1171
3;1442;2274;1107;1167
3;1355;2268;1122;1146
3;1268;2307;1101;1206
3;1181;2410;1208;1202
3;1094;2502;1256;1246
3;1007;2620;1305;1315
3;920;2673;1309;1364
3;833;2815;1398;1417
3;746;2724;1333;1391
3;659;2746;1346;1400
3;572;2470;1255;1215
3;485;2213;1053;1160
3;398;2269;1078;1191
3;311;2165;1079;1086
3;224;2187;1083;1104
3;137;2324;1116;1208
3;50;2310;1103;1207
3;1530;2255;1095;1160
3;1443;2229;1091;1138
3;1356;2291;1087;1204
3;1269;2396;1202;1194
3;1182;2490;1246;1244
3;1095;2599;1288;1311
3;1008;2637;1291;1346
3;921;2738;1351;1387
3;834;2682;1300;1382
3;747;2699;1308;1391
3;660;2441;1228;1213
3;573;2171;1030;1141
3;486;2234;1060;1174
3;399;2141;1061;1080
3;312;2153;1059;1094
3;225;2291;1095;1196
3;138;2290;1084;1206
3;51;2209;1062;1147
3;1531;2195;1070;1125
3;1444;2263;1070;1193
3;1357;2366;1178;1188
3;1270;2467;1231;1236
3;1183;2583;1276;1307
3;1096;2628;1284;1344
3;1009;2726;1342;1384
3;922;2672;1304;1368
3;835;2668;1289;1379
3;748;2410;1212;1198
3;661;2129;1001;1128
3;574;2208;1038;1170
3;487;2112;1039;1073
3;400;2125;1039;1086
3;313;2259;1072;1187
3;226;2259;1067;1192
3;139;2174;1042;1132
3;52;2336;1088;1248
3;1532;2237;1058;1179
3;1445;2354;1170;1184
3;1358;2441;1208;1233
3;1271;2565;1270;1295
3;1184;2594;1260;1334
3;1097;2695;1329;1366
3;1010;2641;1282;1359
3;923;2565;1235;1330
3;836;2393;1203;1190
3;749;2094;977;1117
3;662;2178;1014;1164
3;575;2084;1012;1072
3;488;2086;1013;1073
3;401;2229;1056;1173
3;314;2219;1044;1175
3;227;2147;1023;1124
3;140;2328;1079;1249
3;53;2070;992;1078
3;1533;2340;1162;1178
3;1446;2410;1191;1219
3;1359;2544;1266;1278
3;1272;2598;1260;1338
3;1185;2664;1304;1360
3;1098;2606;1257;1349
3;1011;2527;1216;1311
3;924;2294;1148;1146
3;837;2068;963;1105
3;750;2141;990;1151
3;663;2056;990;1066
3;576;2029;979;1050
3;489;2183;1022;1161
3;402;2177;1017;1160
3;315;2117;999;1118
3;228;2324;1077;1247
3;141;2043;975;1068
3;54;1895;893;1002
3;1534;2377;1167;1210
3;1447;2501;1233;1268
3;1360;2563;1245;1318
3;1273;2637;1290;1347
3;1186;2583;1243;1340
3;1099;2486;1190;1296
3;1012;2267;1133;1134
3;925;2081;971;1110
3;838;2102;966;1136
3;751;2022;970;1052
3;664;1992;944;1048
3;577;2146;993;1153
3;490;2130;989;1141
3;403;2081;985;1096
3;316;2295;1062;1233
3;229;2018;957;1061
3;142;1859;880;979
3;55;1829;855;974
3;1535;2479;1220;1259
3;1448;2513;1215;1298
3;1361;2608;1272;1336
3;1274;2560;1228;1332
3;1187;2457;1170;1287
3;1100;2238;1111;1127
3;1013;2061;956;1105
3;926;2109;958;1151
3;839;1992;951;1041
3;752;1946;910;1036
3;665;2101;960;1141
3;578;2070;949;1121
3;491;2046;965;1081
3;404;2257;1036;1221
3;317;2002;944;1058
3;230;1831;857;974
3;143;1796;840;956
3;56;2066;999;1067
3;1536;2496;1203;1293
3;1449;2580;1258;1322
3;1362;2515;1206;1309
3;1275;2421;1143;1278
3;1188;2230;1103;1127
3;1101;2043;940;1103
3;1014;2098;950;1148
3;927;1922;911;1011
3;840;1912;890;1022
3;753;2055;929;1126
3;666;2037;925;1112
3;579;2010;936;1074
3;492;2212;1002;1210
3;405;1978;926;1052
3;318;1813;846;967
3;231;1767;821;946
3;144;2018;971;1047
3;57;1766;832;934
3;1537;2543;1233;1310
3;1450;2484;1191;1293
3;1363;2394;1124;1270
3;1276;2211;1080;1131
3;1189;2025;929;1096
3;1102;2075;935;1140
3;1015;1903;903;1000
3;928;1928;906;1022
3;841;2023;905;1118
3;754;1999;900;1099
3;667;1983;921;1062
3;580;2172;972;1200
3;493;1944;905;1039
3;406;1790;828;962
3;319;1750;808;942
3;232;1991;951;1040
3;145;1733;817;916
3;58;2122;990;1132
3;1538;2466;1179;1287
3;1451;2354;1098;1256
3;1364;2179;1056;1123
3;1277;2009;916;1093
3;1190;2059;920;1139
3;1103;1871;877;994
3;1016;1899;886;1013
3;929;2049;906;1143
3;842;1963;875;1088
3;755;1960;904;1056
3;668;2123;931;1192
3;581;1916;885;1031
3;494;1752;795;957
3;407;1712;779;933
3;320;1958;925;1033
3;233;1712;799;913
3;146;2075;966;1109
3;59;2154;973;1181
3;1539;2338;1085;1253
3;1452;2142;1028;1114
3;1365;1985;893;1092
3;1278;2036;900;1136
3;1191;1859;868;991
3;1104;1870;866;1004
3;1017;2013;886;1127
3;930;1991;875;1116
3;843;1920;879;1041
3;756;2082;900;1182
3;669;1884;866;1018
3;582;1716;771;945
3;495;1681;758;923
3;408;1918;901;1017
3;321;1685;779;906
3;234;2048;948;1100
3;147;2106;942;1164
3;60;2080;939;1141
3;1540;2107;1003;1104
3;1453;1956;869;1087
3;1366;1998;870;1128
3;1279;1835;844;991
3;1192;1854;853;1001
3;1105;1982;862;1120
3;1018;1969;855;1114
3;931;1950;872;1078
3;844;2052;878;1174
3;757;1847;835;1012
3;670;1681;745;936
3;583;1646;736;910
3;496;1873;878;995
3;409;1648;751;897
3;322;1995;917;1078
3;235;2075;921;1154
3;148;2054;925;1129
3;61;2010;889;1121
3;1541;1933;851;1082
3;1454;1955;836;1119
3;1367;1806;822;984
3;1280;1833;840;993
3;1193;1953;841;1112
3;1106;1937;833;1104
3;1019;1926;855;1071
3;932;1990;848;1142
3;845;1810;805;1005
3;758;1650;726;924
3;671;1608;711;897
3;584;1836;847;989
3;497;1615;726;889
3;410;1956;895;1061
3;323;2028;888;1140
3;236;2023;904;1119
3;149;2004;884;1120
3;62;1973;870;1103
3;1542;1931;812;1119
3;1455;1774;793;981
3;1368;1812;825;987
3;1281;1922;824;1098
3;1194;1912;816;1096
3;1107;1891;826;1065
3;1020;1960;824;1136
3;933;1804;794;1010
3;846;1623;704;919
3;759;1584;698;886
3;672;1800;819;981
3;585;1588;703;885
3;498;1917;869;1048
3;411;1990;858;1132
3;324;1979;873;1106
3;237;1979;862;1117
3;150;1957;848;1109
3;63;2145;946;1199
3;1543;1759;781;978
3;1456;1790;811;979
3;1369;1896;808;1088
3;1282;1888;793;1095
3;1195;1854;804;1050
3;1108;1921;798;1123
3;1021;1775;769;1006
3;934;1610;687;923
3;847;1553;675;878
3;760;1766;798;968
3;673;1557;681;876
3;586;1879;844;1035
3;499;1939;824;1115
3;412;1930;835;1095
3;325;1936;828;1108
3;238;1942;839;1103
3;151;2111;925;1186
3;64;1980;859;1121
3;1544;1761;794;967
3;1457;1858;782;1076
3;1370;1856;771;1085
3;1283;1809;775;1034
3;1196;1882;776;1106
3;1109;1747;750;997
3;1022;1578;660;918
3;935;1491;628;863
3;848;1714;759;955
3;761;1515;653;862
3;674;1839;817;1022
3;587;1880;778;1102
3;500;1894;807;1087
3;413;1895;797;1098
3;326;1914;816;1098
3;239;2085;905;1180
3;152;1965;841;1124
3;65;2102;839;1263
3;1545;1837;768;1069
3;1458;1824;745;1079
3;1371;1777;756;1021
3;1284;1850;751;1099
3;1197;1714;728;986
3;1110;1545;634;911
3;1023;1458;603;855
3;936;1720;734;986
3;849;1477;624;853
3;762;1802;780;1022
3;675;1834;749;1085
3;588;1858;780;1078
3;501;1849;759;1090
3;414;1874;789;1085
3;327;2067;886;1181
3;240;1959;829;1130
3;153;2085;824;1261
3;66;2085;887;1198
3;1546;1787;718;1069
3;1459;1743;732;1011
3;1372;1809;719;1090
3;1285;1675;701;974
3;1198;1523;616;907
3;1111;1427;580;847
3;1024;1689;715;974
3;937;1509;640;869
3;850;1761;747;1014
3;763;1786;719;1067
3;676;1810;750;1060
3;589;1807;724;1083
3;502;1819;750;1069
3;415;2005;846;1159
3;328;1925;794;1131
3;241;2064;811;1253
3;154;2056;869;1187
3;67;1848;773;1075
3;1547;1714;715;999
3;1460;1771;698;1073
3;1373;1640;678;962
3;1286;1495;597;898
3;1199;1400;568;832
3;1112;1646;682;964
3;1025;1469;610;859
3;938;1732;720;1012
3;851;1729;677;1052
3;764;1763;718;1045
3;677;1771;701;1070
3;590;1770;717;1053
3;503;1954;806;1148
3;416;1888;774;1114
3;329;2034;781;1253
3;242;2022;850;1172
3;155;1838;765;1073
3;68;1918;815;1103
3;1548;1728;677;1051
3;1461;1614;660;954
3;1374;1463;579;884
3;1287;1361;540;821
3;1200;1601;656;945
3;1113;1436;587;849
3;1026;1679;680;999
3;939;1726;676;1050
3;852;1717;690;1027
3;765;1724;669;1055
3;678;1727;683;1044
3;591;1905;779;1126
3;504;1846;747;1099
3;417;1991;756;1235
3;330;1981;814;1167
3;243;1800;739;1061
3;156;1886;786;1100
3;69;1944;776;1168
3;1549;1584;639;945
3;1462;1443;567;876
3;1375;1339;528;811
3;1288;1578;640;938
3;1201;1394;567;827
3;1114;1636;656;980
3;1027;1678;642;1036
3;940;1684;668;1016
3;853;1673;640;1033
3;766;1682;651;1031
3;679;1858;750;1108
3;592;1792;718;1074
3;505;1950;730;1220
3;418;1920;776;1144
3;331;1763;704;1059
3;244;1858;763;1095
3;157;1905;751;1154
3;70;1905;725;1180
3;1550;1397;542;855
3;1463;1312;509;803
3;1376;1533;612;921
3;1289;1359;547;812
3;1202;1585;620;965
3;1115;1637;617;1020
3;1028;1639;641;998
3;941;1634;602;1032
3;854;1635;621;1014
3;767;1799;715;1084
3;680;1747;684;1063
3;593;1901;709;1192
3;506;1877;742;1135
3;419;1713;676;1037
3;332;1811;731;1080
3;245;1860;716;1144
3;158;1879;706;1173
3;71;1978;747;1231
3;1551;1274;484;790
3;1464;1491;578;913
3;1377;1320;526;794
3;1290;1544;590;954
3;1203;1594;589;1005
3;1116;1583;601;982
3;1029;1592;576;1016
3;942;1590;594;996
3;855;1753;685;1068
3;768;1711;664;1047
3;681;1845;674;1171
3;594;1820;704;1116
3;507;1686;656;1030
3;420;1743;689;1054
3;333;1821;690;1131
3;246;1839;673;1166
3;159;1950;733;1217
3;72;1775;651;1124
3;1552;1451;554;897
3;1465;1292;502;790
3;1378;1496;559;937
3;1291;1548;558;990
3;1204;1544;570;974
3;1117;1544;552;992
3;1030;1550;566;984
3;943;1670;630;1040
3;856;1661;628;1033
3;769;1791;647;1144
3;682;1757;665;1092
3;595;1634;620;1014
3;508;1688;666;1022
3;421;1756;648;1108
3;334;1800;650;1150
3;247;1908;699;1209
3;160;1738;625;1113
3;73;1709;589;1120
3;1553;1261;488;773
3;1466;1448;529;919
3;1379;1495;527;968
3;1292;1501;544;957
3;1205;1496;523;973
3;1118;1499;534;965
3;1031;1615;595;1020
3;944;1553;572;981
3;857;1735;621;1114
3;770;1693;629;1064
3;683;1580;587;993
3;596;1622;621;1001
3;509;1714;621;1093
3;422;1724;600;1124
3;335;1858;670;1188
3;248;1670;582;1088
3;161;1663;564;1099
3;74;1577;556;1021
3;1554;1412;510;902
3;1467;1444;496;948
3;1380;1453;517;936
3;1293;1450;493;957
3;1206;1453;512;941
3;1119;1556;559;997
3;1032;1499;541;958
3;945;1649;570;1079
3;858;1638;596;1042
3;771;1525;551;974
3;684;1557;587;970
3;597;1638;582;1056
3;510;1661;561;1100
3;423;1791;631;1160
3;336;1608;543;1065
3;249;1613;529;1084
3;162;1564;548;1016
3;75;1442;481;961
3;1555;1389;467;922
3;1468;1391;483;908
3;1381;1399;462;937
3;1294;1411;489;922
3;1207;1514;531;983
3;1120;1445;511;934
3;1033;1590;541;1049
3;946;1541;546;995
3;859;1472;525;947
3;772;1502;561;941
3;685;1583;548;1035
3;598;1580;521;1059
3;511;1707;582;1125
3;424;1549;511;1038
3;337;1562;494;1068
3;250;1508;510;998
3;163;1392;452;940
3;76;1405;421;984
3;1556;1339;454;885
3;1469;1347;438;909
3;1382;1357;460;897
3;1295;1450;498;952
3;1208;1404;497;907
3;1121;1518;503;1015
3;1034;1493;527;966
3;947;1395;483;912
3;860;1439;526;913
3;773;1514;507;1007
3;686;1509;479;1030
3;599;1624;540;1084
3;512;1478;478;1000
3;425;1499;472;1027
3;338;1450;478;972
3;251;1339;419;920
3;164;1371;414;957
3;77;1321;443;878
3;1557;1293;410;883
3;1470;1302;432;870
3;1383;1386;470;916
3;1296;1342;465;877
3;1209;1462;478;984
3;1122;1433;497;936
3;1035;1330;445;885
3;948;1394;491;903
3;861;1451;461;990
3;774;1439;454;985
3;687;1550;496;1054
3;600;1402;447;955
3;513;1424;438;986
3;426;1387;443;944
3;339;1281;391;890
3;252;1331;390;941
3;165;1287;423;864
3;78;1184;384;800
3;1558;1242;405;837
3;1471;1329;436;893
3;1384;1281;428;853
3;1297;1393;448;945
3;1210;1381;464;917
3;1123;1277;426;851
3;1036;1324;458;866
3;949;1358;418;940
3;862;1358;424;934
3;775;1466;454;1012
3;688;1327;412;915
3;601;1347;405;942
3;514;1318;407;911
3;427;1205;354;851
3;340;1267;359;908
3;253;1215;383;832
3;166;1130;350;780
3;79;1121;329;792
3;1559;1257;395;862
3;1472;1219;403;816
3;1385;1325;416;909
3;1298;1321;431;890
3;1211;1213;398;815
3;1124;1242;410;832
3;1037;1300;388;912
3;950;1265;375;890
3;863;1380;418;962
3;776;1260;386;874
3;689;1288;379;909
3;602;1242;372;870
3;515;1126;318;808
3;428;1193;334;859
3;341;1159;349;810
3;254;1063;310;753
3;167;1067;301;766
3;80;805;257;548
3;1560;1131;362;769
3;1473;1254;382;872
3;1386;1252;399;853
3;1299;1134;362;772
3;1212;1181;388;793
3;1125;1226;358;868
3;1038;1203;339;864
3;951;1283;387;896
3;864;1167;346;821
3;777;1197;343;854
3;690;1166;340;826
3;603;1057;294;763
3;516;1110;305;805
3;429;1077;322;755
3;342;998;277;721
3;255;994;274;720
3;168;757;233;524
3;81;721;234;487
3;1561;1178;347;831
3;1474;1171;374;797
3;1387;1073;334;739
3;1300;1102;350;752
3;1213;1158;332;826
3;1126;1112;300;812
3;1039;1206;361;845
3;952;1074;308;766
3;865;1113;305;808
3;778;1083;305;778
3;691;980;264;716
3;604;1027;265;762
3;517;1002;294;708
3;430;932;244;688
3;343;943;247;696
3;256;708;208;500
3;169;674;210;464
3;82;624;195;429
3;1562;1085;332;753
3;1475;1006;309;697
3;1388;1031;315;716
3;1301;1084;299;785
3;1214;1032;269;763
3;1127;1131;332;799
3;1040;992;282;710
3;953;1025;277;748
3;866;996;275;721
3;779;893;237;656
3;692;942;238;704
3;605;930;265;665
3;518;845;213;632
3;431;882;220;662
3;344;657;174;483
3;257;620;179;441
3;170;576;175;401
3;83;424;129;295
3;1563;911;269;642
3;1476;961;286;675
3;1389;998;267;731
3;1302;944;242;702
3;1215;1040;297;743
3;1128;907;251;656
3;1041;937;250;687
3;954;896;245;651
3;867;809;203;606
3;780;851;209;642
3;693;841;232;609
3;606;754;190;564
3;519;789;179;610
3;432;599;151;448
3;345;577;159;418
3;258;537;170;367
3;171;393;115;278
3;84;368;109;259
3;1564;880;258;622
3;1477;934;247;687
3;1390;857;212;645
3;1303;953;263;690
3;1216;835;217;618
3;1129;846;223;623
3;1042;821;224;597
3;955;702;161;541
3;868;764;183;581
3;781;773;203;570
3;694;671;168;503
3;607;704;151;553
3;520;537;127;410
3;433;507;133;374
3;346;496;154;342
3;259;360;102;258
3;172;324;86;238
3;85;424;106;318
3;1565;4406;1031;3375
3;1478;4265;989;3276
3;1391;4124;945;3179
3;1304;3856;862;2994
3;1217;3652;813;2839
3;1130;3485;767;2718
3;1043;3257;696;2561
3;956;3112;668;2444
3;869;2936;640;2296
3;782;2607;561;2046
3;695;2449;547;1902
3;608;2263;540;1723
3;521;2245;577;1668
3;434;2226;577;1649
3;347;2186;546;1640
3;260;2263;593;1670
3;173;2432;683;1749
3;86;2461;727;1734
3;1566;138095;64263;73832
3;1479;141616;65876;75740
3;1392;145109;67486;77623
3;1305;147809;68887;78922
3;1218;149851;69911;79940
3;1131;152139;70898;81241
3;1044;154980;72327;82653
3;957;158403;74004;84399
3;870;164833;77090;87743
3;783;167603;78542;89061
3;696;170249;79964;90285
3;609;173028;81530;91498
3;522;175813;83135;92678
3;435;179626;85293;94333
3;348;182751;86956;95795
3;261;184992;88331;96661
3;174;186484;89293;97191
3;87;187990;90320;97670
4;1480;5594;2859;2735
4;1393;6001;3112;2889
4;1306;6122;3175;2947
4;1219;5956;3019;2937
4;1132;5814;2978;2836
4;1045;5995;3075;2920
4;958;6004;3071;2933
4;871;6366;3327;3039
4;784;6393;3281;3112
4;697;6304;3235;3069
4;610;5914;3071;2843
4;523;5670;2918;2752
4;436;5823;2984;2839
4;349;5834;2993;2841
4;262;5908;2990;2918
4;175;5855;3041;2814
4;88;6160;3225;2935
4;1;6637;3434;3203
4;1481;6025;3139;2886
4;1394;6073;3138;2935
4;1307;5951;3022;2929
4;1220;5855;3006;2849
4;1133;6047;3091;2956
4;1046;6021;3076;2945
4;959;6355;3329;3026
4;872;6505;3280;3225
4;785;6206;3181;3025
4;698;5862;3042;2820
4;611;5617;2890;2727
4;524;5793;2969;2824
4;437;5752;2957;2795
4;350;5860;2966;2894
4;263;5815;3017;2798
4;176;6142;3215;2927
4;89;6573;3403;3170
4;2;7176;3654;3522
4;1482;6047;3130;2917
4;1395;5867;2989;2878
4;1308;5848;2998;2850
4;1221;6010;3074;2936
4;1134;6012;3062;2950
4;1047;6323;3300;3023
4;960;6412;3221;3191
4;873;6027;3089;2938
4;786;5784;2990;2794
4;699;5574;2872;2702
4;612;5741;2940;2801
4;525;5672;2913;2759
4;438;5760;2922;2838
4;351;5779;3000;2779
4;264;6109;3190;2919
4;177;6546;3396;3150
4;90;7134;3628;3506
4;3;7385;3870;3515
4;1483;5814;2962;2852
4;1396;5751;2945;2806
4;1309;5949;3044;2905
4;1222;5951;3039;2912
4;1135;6268;3279;2989
4;1048;6314;3172;3142
4;961;5865;3003;2862
4;874;5672;2919;2753
4;787;5497;2835;2662
4;700;5703;2924;2779
4;613;5607;2879;2728
4;526;5711;2895;2816
4;439;5679;2954;2725
4;352;6042;3165;2877
4;265;6495;3366;3129
4;178;7106;3604;3502
4;91;7346;3867;3479
4;4;7601;3870;3731
4;1484;5697;2931;2766
4;1397;5861;2997;2864
4;1310;5892;3019;2873
4;1223;6228;3256;2972
4;1136;6280;3151;3129
4;1049;5786;2970;2816
4;962;5586;2888;2698
4;875;5388;2786;2602
4;788;5608;2871;2737
4;701;5582;2868;2714
4;614;5685;2883;2802
4;527;5636;2933;2703
4;440;5937;3117;2820
4;353;6430;3337;3093
4;266;7072;3592;3480
4;179;7315;3852;3463
4;92;7541;3844;3697
4;5;7943;4038;3905
4;1485;5817;2968;2849
4;1398;5822;2971;2851
4;1311;6174;3212;2962
4;1224;6228;3114;3114
4;1137;5715;2920;2795
4;1050;5500;2843;2657
4;963;5300;2748;2552
4;876;5548;2815;2733
4;789;5500;2813;2687
4;702;5652;2864;2788
4;615;5612;2919;2693
4;528;5892;3099;2793
4;441;6340;3277;3063
4;354;7005;3560;3445
4;267;7283;3832;3451
4;180;7513;3826;3687
4;93;7903;4019;3884
4;6;8230;4271;3959
4;1486;5790;2947;2843
4;1399;6103;3184;2919
4;1312;6184;3083;3101
4;1225;5658;2875;2783
4;1138;5431;2802;2629
4;1051;5212;2696;2516
4;964;5455;2762;2693
4;877;5357;2739;2618
4;790;5595;2827;2768
4;703;5584;2904;2680
4;616;5853;3077;2776
4;529;6318;3266;3052
4;442;6895;3514;3381
4;355;7211;3801;3410
4;268;7473;3804;3669
4;181;7889;4011;3878
4;94;8188;4246;3942
4;7;8007;4064;3943
4;1487;6060;3154;2906
4;1400;6107;3054;3053
4;1313;5621;2858;2763
4;1226;5389;2776;2613
4;1139;5171;2670;2501
4;1052;5432;2755;2677
4;965;5273;2708;2565
4;878;5439;2755;2684
4;791;5538;2871;2667
4;704;5814;3055;2759
4;617;6270;3235;3035
4;530;6871;3500;3371
4;443;7142;3757;3385
4;356;7398;3768;3630
4;269;7855;3990;3865
4;182;8179;4245;3934
4;95;7989;4061;3928
4;8;9151;4676;4475
4;1488;6034;3022;3012
4;1401;5560;2817;2743
4;1314;5337;2751;2586
4;1227;5110;2639;2471
4;1140;5368;2730;2638
4;1053;5236;2688;2548
4;966;5373;2728;2645
4;879;5388;2742;2646
4;792;5795;3047;2748
4;705;6253;3222;3031
4;618;6832;3486;3346
4;531;7110;3747;3363
4;444;7319;3736;3583
4;357;7800;3967;3833
4;270;8132;4227;3905
4;183;7957;4050;3907
4;96;9098;4650;4448
4;9;10197;5252;4945
4;1489;5496;2777;2719
4;1402;5293;2724;2569
4;1315;5075;2626;2449
4;1228;5333;2712;2621
4;1141;5176;2655;2521
4;1054;5312;2687;2625
4;967;5329;2720;2609
4;880;5609;2942;2667
4;793;6200;3200;3000
4;706;6796;3461;3335
4;619;7091;3741;3350
4;532;7304;3731;3573
4;445;7727;3939;3788
4;358;8065;4199;3866
4;271;7926;4029;3897
4;184;9065;4638;4427
4;97;10100;5188;4912
4;10;10006;5137;4869
4;1490;5223;2689;2534
4;1403;5034;2610;2424
4;1316;5271;2691;2580
4;1229;5138;2636;2502
4;1142;5258;2660;2598
4;1055;5286;2693;2593
4;968;5554;2915;2639
4;881;6078;3107;2971
4;794;6740;3431;3309
4;707;7065;3727;3338
4;620;7274;3723;3551
4;533;7693;3919;3774
4;446;7978;4163;3815
4;359;7894;4013;3881
4;272;9024;4620;4404
4;185;10030;5163;4867
4;98;9980;5130;4850
4;11;9966;5088;4878
4;1491;4984;2581;2403
4;1404;5232;2679;2553
4;1317;5077;2612;2465
4;1230;5206;2626;2580
4;1143;5239;2665;2574
4;1056;5485;2894;2591
4;969;5987;3060;2927
4;882;6579;3355;3224
4;795;7016;3690;3326
4;708;7258;3718;3540
4;621;7666;3906;3760
4;534;7947;4152;3795
4;447;7813;3977;3836
4;360;8937;4570;4367
4;273;9953;5150;4803
4;186;9904;5101;4803
4;99;9860;5038;4822
4;12;9622;4957;4665
4;1492;5178;2641;2537
4;1405;5032;2576;2456
4;1318;5139;2585;2554
4;1231;5186;2626;2560
4;1144;5426;2866;2560
4;1057;5931;3029;2902
4;970;6489;3301;3188
4;883;6766;3546;3220
4;796;7211;3692;3519
4;709;7629;3887;3742
4;622;7899;4131;3768
4;535;7778;3957;3821
4;448;8849;4531;4318
4;361;9842;5103;4739
4;274;9792;5042;4750
4;187;9738;4976;4762
4;100;9512;4900;4612
4;13;9853;5024;4829
4;1493;4981;2552;2429
4;1406;5082;2560;2522
4;1319;5153;2610;2543
4;1232;5382;2848;2534
4;1145;5884;3009;2875
4;1058;6439;3281;3158
4;971;6686;3504;3182
4;884;6945;3542;3403
4;797;7553;3839;3714
4;710;7858;4117;3741
4;623;7745;3942;3803
4;536;8834;4516;4318
4;449;9629;4989;4640
4;362;9695;5002;4693
4;275;9592;4908;4684
4;188;9368;4821;4547
4;101;9713;4954;4759
4;14;10461;5285;5176
4;1494;5047;2547;2500
4;1407;5133;2593;2540
4;1320;5333;2819;2514
4;1233;5840;2980;2860
4;1146;6366;3243;3123
4;1059;6629;3471;3158
4;972;6880;3509;3371
4;885;7303;3726;3577
4;798;7808;4083;3725
4;711;7725;3927;3798
4;624;8760;4480;4280
4;537;9572;4974;4598
4;450;9538;4928;4610
4;363;9455;4837;4618
4;276;9199;4737;4462
4;189;9584;4860;4724
4;102;10344;5219;5125
4;15;11028;5663;5365
4;1495;5093;2565;2528
4;1408;5273;2784;2489
4;1321;5785;2951;2834
4;1234;6326;3214;3112
4;1147;6578;3455;3123
4;1060;6828;3478;3350
4;973;7234;3693;3541
4;886;7553;3915;3638
4;799;7666;3896;3770
4;712;8722;4469;4253
4;625;9507;4945;4562
4;538;9459;4895;4564
4;451;9181;4705;4476
4;364;9053;4663;4390
4;277;9441;4804;4637
4;190;10176;5120;5056
4;103;10887;5571;5316
4;16;10627;5341;5286
4;1496;5250;2769;2481
4;1409;5726;2920;2806
4;1322;6272;3187;3085
4;1235;6533;3422;3111
4;1148;6772;3450;3322
4;1061;7176;3659;3517
4;974;7505;3885;3620
4;887;7498;3805;3693
4;800;8634;4420;4214
4;713;9453;4912;4541
4;626;9388;4863;4525
4;539;9063;4646;4417
4;452;8762;4503;4259
4;365;9248;4710;4538
4;278;10011;5053;4958
4;191;10729;5494;5235
4;104;10519;5290;5229
4;17;10497;5348;5149
4;1497;5685;2896;2789
4;1410;6212;3163;3049
4;1323;6480;3389;3091
4;1236;6717;3429;3288
4;1149;7106;3630;3476
4;1062;7456;3862;3594
4;975;7437;3772;3665
4;888;8409;4310;4099
4;801;9389;4868;4521
4;714;9340;4836;4504
4;627;8959;4607;4352
4;540;8621;4436;4185
4;453;8984;4554;4430
4;366;9821;4957;4864
4;279;10546;5411;5135
4;192;10341;5187;5154
4;105;10337;5249;5088
4;18;10131;5161;4970
4;1498;6114;3114;3000
4;1411;6406;3348;3058
4;1324;6652;3401;3251
4;1237;7051;3596;3455
4;1150;7393;3839;3554
4;1063;7373;3733;3640
4;976;8289;4242;4047
4;889;9273;4799;4474
4;802;9242;4773;4469
4;715;8907;4569;4338
4;628;8505;4377;4128
4;541;8850;4489;4361
4;454;9477;4776;4701
4;367;10298;5284;5014
4;280;10149;5103;5046
4;193;10202;5174;5028
4;106;10097;5138;4959
4;19;10624;5243;5381
4;1499;6211;3267;2944
4;1412;6525;3341;3184
4;1325;6901;3533;3368
4;1238;7245;3764;3481
4;1151;7201;3658;3543
4;1064;8047;4141;3906
4;977;8964;4673;4291
4;890;9476;4898;4578
4;803;8764;4482;4282
4;716;8427;4319;4108
4;629;8701;4416;4285
4;542;9304;4685;4619
4;455;9827;5026;4801
4;368;9902;4981;4921
4;281;10023;5092;4931
4;194;10021;5093;4928
4;107;10487;5159;5328
4;20;11287;5545;5742
4;1500;6324;3249;3075
4;1413;6779;3467;3312
4;1326;7079;3650;3429
4;1239;7091;3610;3481
4;1152;7878;4058;3820
4;1065;8809;4594;4215
4;978;9292;4804;4488
4;891;9377;4798;4579
4;804;8264;4217;4047
4;717;8584;4345;4239
4;630;9165;4622;4543
4;543;9615;4904;4711
4;456;9453;4742;4711
4;369;9814;4984;4830
4;282;9870;5014;4856
4;195;10331;5077;5254
4;108;11083;5411;5672
4;21;11216;5553;5663
4;1501;6565;3338;3227
4;1414;6957;3595;3362
4;1327;6953;3510;3443
4;1240;7772;3983;3789
4;1153;8693;4529;4164
4;1066;9145;4720;4425
4;979;9136;4666;4470
4;892;8798;4428;4370
4;805;8375;4226;4149
4;718;9031;4544;4487
4;631;9465;4820;4645
4;544;9226;4616;4610
4;457;9302;4730;4572
4;370;9616;4883;4733
4;283;10124;4986;5138
4;196;10912;5339;5573
4;109;10925;5383;5542
4;22;10668;5414;5254
4;1502;6709;3473;3236
4;1415;6810;3449;3361
4;1328;7579;3844;3735
4;1241;8601;4492;4109
4;1154;9017;4674;4343
4;1067;8956;4582;4374
4;980;8487;4284;4203
4;893;8721;4366;4355
4;806;8746;4374;4372
4;719;9325;4735;4590
4;632;9040;4523;4517
4;545;9082;4586;4496
4;458;9159;4678;4481
4;371;9869;4870;4999
4;284;10725;5238;5487
4;197;10732;5285;5447
4;110;10364;5229;5135
4;23;10197;5048;5149
4;1503;6519;3330;3189
4;1416;7418;3783;3635
4;1329;8338;4328;4010
4;1242;8855;4602;4253
4;1155;8737;4478;4259
4;1068;8342;4241;4101
4;981;8327;4182;4145
4;894;9026;4529;4497
4;807;9017;4557;4460
4;720;8913;4443;4470
4;633;8929;4499;4430
4;546;8944;4529;4415
4;459;9492;4667;4825
4;372;10436;5120;5316
4;285;10417;5123;5294
4;198;10235;5132;5103
4;111;9894;4889;5005
4;24;9939;4983;4956
4;1504;7127;3645;3482
4;1417;8166;4244;3922
4;1330;8622;4453;4169
4;1243;8718;4447;4271
4;1156;8214;4146;4068
4;1069;8154;4086;4068
4;982;8641;4350;4291
4;895;9040;4709;4331
4;808;8655;4282;4373
4;721;8835;4457;4378
4;634;8814;4427;4387
4;547;9286;4516;4770
4;460;9981;4901;5080
4;373;10100;4970;5130
4;286;9930;4984;4946
4;199;9698;4790;4908
4;112;9647;4815;4832
4;25;9696;4801;4895
4;1505;7883;4071;3812
4;1418;8403;4329;4074
4;1331;8639;4365;4274
4;1244;8205;4139;4066
4;1157;8116;4058;4058
4;1070;8456;4249;4207
4;983;8634;4509;4125
4;896;8539;4214;4325
4;809;8587;4299;4288
4;722;8713;4352;4361
4;635;9131;4421;4710
4;548;9672;4730;4942
4;461;9472;4664;4808
4;374;9445;4798;4647
4;287;9341;4630;4711
4;200;9492;4740;4752
4;113;9442;4671;4771
4;26;9663;4861;4802
4;1506;8248;4260;3988
4;1419;8491;4306;4185
4;1332;8122;4058;4064
4;1245;8100;4031;4069
4;1158;8408;4209;4199
4;1071;8457;4398;4059
4;984;8126;3985;4141
4;897;8361;4221;4140
4;810;8419;4176;4243
4;723;9016;4360;4656
4;636;9512;4637;4875
4;549;9259;4557;4702
4;462;9048;4584;4464
4;375;9104;4506;4598
4;288;9268;4606;4662
4;201;9377;4643;4734
4;114;9470;4746;4724
4;27;9941;4955;4986
4;1507;8358;4247;4111
4;1420;7954;3977;3977
4;1333;8012;3973;4039
4;1246;8379;4157;4222
4;1159;8405;4336;4069
4;1072;7934;3890;4044
4;985;8004;4017;3987
4;898;8169;4138;4031
4;811;8761;4208;4553
4;724;9358;4557;4801
4;637;9092;4461;4631
4;550;8911;4478;4433
4;463;8803;4366;4437
4;376;9078;4493;4585
4;289;9219;4557;4662
4;202;9367;4676;4691
4;115;9773;4842;4931
4;28;9879;4944;4935
4;1508;7837;3900;3937
4;1421;7912;3929;3983
4;1334;8445;4193;4252
4;1247;8479;4371;4108
4;1160;8005;3931;4074
4;1073;7938;3982;3956
4;986;7922;3997;3925
4;899;7626;3796;3830
4;812;9126;4427;4699
4;725;8971;4397;4574
4;638;8761;4405;4356
4;551;8717;4311;4406
4;464;8859;4387;4472
4;377;9103;4503;4600
4;290;9260;4620;4640
4;203;9703;4782;4921
4;116;9709;4811;4898
4;29;10495;5173;5322
4;1509;7845;3896;3949
4;1422;8329;4132;4197
4;1335;8500;4373;4127
4;1248;8045;3947;4098
4;1161;7908;3968;3940
4;1074;7855;3963;3892
4;987;7357;3661;3696
4;900;7507;3840;3667
4;813;8756;4282;4474
4;726;8646;4341;4305
4;639;8592;4263;4329
4;552;8741;4308;4433
4;465;8909;4420;4489
4;378;9123;4550;4573
4;291;9578;4715;4863
4;204;9585;4751;4834
4;117;10257;5041;5216
4;30;10621;5213;5408
4;1510;8238;4132;4106
4;1423;8356;4301;4055
4;1336;8007;3878;4129
4;1249;7923;3982;3941
4;1162;7823;3930;3893
4;1075;7197;3586;3611
4;988;7240;3684;3556
4;901;7381;3731;3650
4;814;8484;4258;4226
4;727;8538;4231;4307
4;640;8669;4269;4400
4;553;8794;4356;4438
4;466;8938;4458;4480
4;379;9402;4654;4748
4;292;9403;4654;4749
4;205;10158;5002;5156
4;118;10431;5127;5304
4;31;10474;5074;5400
4;1511;8252;4250;4002
4;1424;7880;3839;4041
4;1337;7922;3969;3953
4;1250;7778;3911;3867
4;1163;7163;3583;3580
4;1076;7148;3660;3488
4;989;7161;3601;3560
4;902;7426;3784;3642
4;815;8370;4135;4235
4;728;8600;4225;4375
4;641;8668;4285;4383
4;554;8856;4417;4439
4;467;9189;4551;4638
4;380;9178;4538;4640
4;293;9994;4925;5069
4;206;10356;5092;5264
4;119;10268;4988;5280
4;32;10233;5040;5193
4;1512;7793;3829;3964
4;1425;7722;3875;3847
4;1338;7715;3866;3849
4;1251;7103;3562;3541
4;1164;7044;3608;3436
4;1077;7040;3551;3489
4;990;7190;3654;3536
4;903;7507;3735;3772
4;816;8434;4131;4303
4;729;8557;4247;4310
4;642;8792;4377;4415
4;555;9079;4482;4597
4;468;8936;4409;4527
4;381;9751;4785;4966
4;294;10182;4996;5186
4;207;10208;4971;5237
4;120;10058;4942;5116
4;33;10362;5042;5320
4;1513;7625;3858;3767
4;1426;7572;3823;3749
4;1339;7035;3534;3501
4;1252;6980;3577;3403
4;1165;6952;3531;3421
4;1078;7069;3592;3477
4;991;7273;3619;3654
4;904;7673;3778;3895
4;817;8382;4149;4233
4;730;8671;4317;4354
4;643;8974;4419;4555
4;556;8867;4368;4499
4;469;9476;4651;4825
4;382;10023;4912;5111
4;295;10033;4876;5157
4;208;9964;4905;5059
4;121;10178;4929;5249
4;34;10315;5011;5304
4;1514;7494;3802;3692
4;1427;6852;3474;3378
4;1340;6898;3532;3366
4;1253;6858;3498;3360
4;1166;6965;3524;3441
4;1079;7121;3547;3574
4;992;7422;3639;3783
4;905;7648;3795;3853
4;818;8496;4237;4259
4;731;8906;4380;4526
4;644;8775;4327;4448
4;557;9359;4581;4778
4;470;9742;4769;4973
4;383;9827;4761;5066
4;296;9824;4848;4976
4;209;10074;4894;5180
4;122;10165;4925;5240
4;35;10250;4972;5278
4;1515;6775;3453;3322
4;1428;6700;3430;3270
4;1341;6759;3436;3323
4;1254;6847;3481;3366
4;1167;6979;3469;3510
4;1080;7295;3560;3735
4;993;7383;3647;3736
4;906;7787;3788;3999
4;819;8703;4261;4442
4;732;8635;4281;4354
4;645;9240;4509;4731
4;558;9643;4705;4938
4;471;9563;4624;4939
4;384;9624;4749;4875
4;297;9911;4817;5094
4;210;10017;4840;5177
4;123;10079;4866;5213
4;36;10214;5014;5200
4;1516;6609;3398;3211
4;1429;6593;3337;3256
4;1342;6738;3419;3319
4;1255;6930;3429;3501
4;1168;7164;3511;3653
4;1081;7272;3580;3692
4;994;7559;3653;3906
4;907;7879;3788;4091
4;820;8431;4162;4269
4;733;9123;4468;4655
4;646;9516;4634;4882
4;559;9454;4576;4878
4;472;9391;4616;4775
4;385;9711;4716;4995
4;298;9867;4777;5090
4;211;9955;4813;5142
4;124;10073;4940;5133
4;37;10507;5118;5389
4;1517;6503;3301;3202
4;1430;6611;3359;3252
4;1343;6819;3369;3450
4;1256;7080;3466;3614
4;1169;7198;3523;3675
4;1082;7419;3574;3845
4;995;7697;3679;4018
4;908;7742;3791;3951
4;821;8891;4320;4571
4;734;9446;4600;4846
4;647;9295;4496;4799
4;560;9267;4548;4719
4;473;9440;4573;4867
4;386;9689;4685;5004
4;299;9785;4738;5047
4;212;9976;4893;5083
4;125;10326;5017;5309
4;38;10453;5056;5397
4;1518;6572;3368;3204
4;1431;6694;3299;3395
4;1344;7027;3447;3580
4;1257;7129;3489;3640
4;1170;7351;3548;3803
4;1083;7583;3625;3958
4;996;7551;3684;3867
4;909;8214;3937;4277
4;822;9290;4502;4788
4;735;9234;4467;4767
4;648;9146;4498;4648
4;561;9309;4497;4812
4;474;9442;4546;4896
4;387;9606;4638;4968
4;300;9780;4799;4981
4;213;10234;4977;5257
4;126;10286;4956;5330
4;39;11265;5379;5886
4;1519;6634;3286;3348
4;1432;6904;3364;3540
4;1345;7056;3467;3589
4;1258;7280;3508;3772
4;1171;7487;3577;3910
4;1084;7463;3646;3817
4;997;8030;3832;4198
4;910;8778;4278;4500
4;823;9096;4372;4724
4;736;9061;4450;4611
4;649;9169;4422;4747
4;562;9330;4485;4845
4;475;9365;4503;4862
4;388;9588;4708;4880
4;301;10064;4911;5153
4;214;10193;4910;5283
4;127;11032;5248;5784
4;40;11440;5420;6020
4;1520;6856;3373;3483
4;1433;6942;3400;3542
4;1346;7172;3466;3706
4;1259;7418;3533;3885
4;1172;7398;3608;3790
4;1085;7888;3755;4133
4;998;8628;4196;4432
4;911;8674;4221;4453
4;824;8921;4344;4577
4;737;9086;4374;4712
4;650;9176;4394;4782
4;563;9206;4428;4778
4;476;9355;4568;4787
4;389;9871;4812;5059
4;302;10023;4833;5190
4;215;10913;5194;5719
4;128;11233;5285;5948
4;41;10986;5170;5816
4;1521;6872;3381;3491
4;1434;7040;3408;3632
4;1347;7355;3496;3859
4;1260;7331;3555;3776
4;1173;7806;3705;4101
4;1086;8516;4145;4371
4;999;8507;4109;4398
4;912;8413;4110;4303
4;825;8945;4290;4655
4;738;9096;4353;4743
4;651;9072;4345;4727
4;564;9230;4506;4724
4;477;9640;4678;4962
4;390;9830;4727;5103
4;303;10746;5125;5621
4;216;11130;5226;5904
4;129;10845;5099;5746
4;42;11199;5312;5887
4;1522;6971;3381;3590
4;1435;7206;3427;3779
4;1348;7268;3530;3738
4;1261;7719;3664;4055
4;1174;8417;4099;4318
4;1087;8386;4047;4339
4;1000;8263;4017;4246
4;913;8525;4027;4498
4;826;8960;4248;4712
4;739;8993;4308;4685
4;652;9114;4444;4670
4;565;9487;4590;4897
4;478;9608;4599;5009
4;391;10556;5013;5543
4;304;10943;5131;5812
4;217;10743;5043;5700
4;130;11089;5260;5829
4;43;10427;4891;5536
4;1523;7145;3403;3742
4;1436;7144;3468;3676
4;1349;7655;3630;4025
4;1262;8358;4068;4290
4;1175;8308;4004;4304
4;1088;8147;3952;4195
4;1001;8384;3951;4433
4;914;8527;3996;4531
4;827;8847;4216;4631
4;740;9022;4381;4641
4;653;9375;4527;4848
4;566;9477;4523;4954
4;479;10326;4886;5440
4;392;10772;5045;5727
4;305;10638;5003;5635
4;218;10986;5202;5784
4;131;10358;4881;5477
4;44;10018;4781;5237
4;1524;7106;3453;3653
4;1437;7546;3575;3971
4;1350;8236;4019;4217
4;1263;8221;3957;4264
4;1176;8058;3909;4149
4;1089;8287;3889;4398
4;1002;8351;3902;4449
4;915;8458;3977;4481
4;828;8865;4273;4592
4;741;9283;4474;4809
4;654;9313;4433;4880
4;567;10164;4789;5375
4;480;10584;4949;5635
4;393;10494;4940;5554
4;306;10819;5100;5719
4;219;10324;4875;5449
4;132;9911;4726;5185
4;45;9584;4416;5168
4;1525;7436;3527;3909
4;1438;8132;3968;4164
4;1351;8110;3891;4219
4;1264;7954;3856;4098
4;1177;8134;3806;4328
4;1090;8216;3843;4373
4;1003;8281;3895;4386
4;916;8458;4074;4384
4;829;9101;4363;4738
4;742;9207;4378;4829
4;655;9968;4688;5280
4;568;10415;4865;5550
4;481;10324;4861;5463
4;394;10593;4983;5610
4;307;10213;4828;5385
4;220;9787;4648;5139
4;133;9377;4318;5059
4;46;9299;4359;4940
4;1526;8038;3924;4114
4;1439;8020;3829;4191
4;1352;7838;3783;4055
4;1265;8055;3758;4297
4;1178;8106;3772;4334
4;1091;8195;3850;4345
4;1004;8336;4007;4329
4;917;8646;4100;4546
4;830;9074;4291;4783
4;743;9880;4634;5246
4;656;10254;4782;5472
4;569;10176;4759;5417
4;482;10377;4883;5494
4;395;10073;4756;5317
4;308;9672;4583;5089
4;221;9275;4256;5019
4;134;9144;4277;4867
4;47;8570;3905;4665
4;1527;7929;3792;4137
4;1440;7734;3739;3995
4;1353;7974;3711;4263
4;1266;8082;3760;4322
4;1179;8118;3804;4314
4;1092;8229;3941;4288
4;1005;8495;4016;4479
4;918;8682;4077;4605
4;831;9735;4537;5198
4;744;10147;4710;5437
4;657;10058;4683;5375
4;570;10209;4797;5412
4;483;9947;4666;5281
4;396;9536;4495;5041
4;309;9143;4182;4961
4;222;9059;4220;4839
4;135;8527;3901;4626
4;48;8415;3950;4465
4;1528;7668;3705;3963
4;1441;7856;3645;4211
4;1354;8004;3716;4288
4;1267;8040;3767;4273
4;1180;8130;3871;4259
4;1093;8406;3961;4445
4;1006;8527;3979;4548
4;919;9312;4308;5004
4;832;10006;4625;5381
4;745;9927;4604;5323
4;658;10097;4731;5366
4;571;9872;4624;5248
4;484;9380;4407;4973
4;397;8953;4081;4872
4;310;8936;4153;4783
4;223;8437;3840;4597
4;136;8228;3851;4377
4;49;8788;4000;4788
4;1529;7761;3591;4170
4;1442;7933;3679;4254
4;1355;7993;3733;4260
4;1268;8069;3845;4224
4;1181;8310;3911;4399
4;1094;8373;3885;4488
4;1007;9168;4226;4942
4;920;9688;4463;5225
4;833;9787;4518;5269
4;746;10024;4678;5346
4;659;9772;4559;5213
4;572;9299;4349;4950
4;485;8774;3993;4781
4;398;8805;4071;4734
4;311;8337;3774;4563
4;224;8158;3800;4358
4;137;8610;3915;4695
4;50;8720;3954;4766
4;1530;7841;3632;4209
4;1443;7886;3675;4211
4;1356;7968;3789;4179
4;1269;8246;3882;4364
4;1182;8292;3834;4458
4;1095;9062;4163;4899
4;1008;9521;4363;5158
4;921;9539;4380;5159
4;834;9879;4581;5298
4;747;9659;4479;5180
4;660;9164;4265;4899
4;573;8655;3920;4735
4;486;8651;3989;4662
4;399;8220;3720;4500
4;312;8025;3732;4293
4;225;8503;3851;4652
4;138;8592;3847;4745
4;51;8674;3895;4779
4;1531;7793;3629;4164
4;1444;7858;3725;4133
4;1357;8165;3830;4335
4;1270;8238;3805;4433
4;1183;8974;4098;4876
4;1096;9379;4274;5105
4;1009;9374;4283;5091
4;922;9540;4376;5164
4;835;9522;4377;5145
4;748;9063;4194;4869
4;661;8528;3839;4689
4;574;8508;3893;4615
4;487;8088;3649;4439
4;400;7878;3650;4228
4;313;8353;3775;4578
4;226;8454;3778;4676
4;139;8497;3811;4686
4;52;8438;3733;4705
4;1532;7781;3676;4105
4;1445;8044;3765;4279
4;1358;8160;3756;4404
4;1271;8888;4044;4844
4;1184;9270;4199;5071
4;1097;9252;4212;5040
4;1010;9426;4320;5106
4;923;9273;4217;5056
4;836;8948;4108;4840
4;749;8444;3785;4659
4;662;8395;3825;4570
4;575;7999;3597;4402
4;488;7731;3563;4168
4;401;8199;3698;4501
4;314;8295;3696;4599
4;227;8392;3741;4651
4;140;8348;3698;4650
4;53;7727;3478;4249
4;1533;7963;3719;4244
4;1446;8028;3680;4348
4;1359;8825;3997;4828
4;1272;9152;4132;5020
4;1185;9147;4150;4997
4;1098;9338;4270;5068
4;1011;9176;4154;5022
4;924;8685;3973;4712
4;837;8321;3697;4624
4;750;8295;3754;4541
4;663;7874;3517;4357
4;576;7591;3482;4109
4;489;8006;3592;4414
4;402;8148;3618;4530
4;315;8243;3655;4588
4;228;8321;3693;4628
4;141;7663;3463;4200
4;54;7400;3315;4085
4;1534;7933;3636;4297
4;1447;8701;3923;4778
4;1360;9054;4063;4991
4;1273;9072;4108;4964
4;1186;9218;4193;5025
4;1099;9077;4089;4988
4;1012;8534;3884;4650
4;925;7935;3499;4436
4;838;8181;3682;4499
4;751;7741;3425;4316
4;664;7452;3394;4058
4;577;7892;3519;4373
4;490;7987;3534;4453
4;403;8113;3591;4522
4;316;8225;3650;4575
4;229;7573;3394;4179
4;142;7263;3265;3998
4;55;7163;3207;3956
4;1535;8598;3866;4732
4;1448;8911;3993;4918
4;1361;8937;4013;4924
4;1274;9110;4129;4981
4;1187;8953;4016;4937
4;1100;8409;3798;4611
4;1013;7754;3412;4342
4;926;7842;3564;4278
4;839;7617;3353;4264
4;752;7330;3312;4018
4;665;7762;3436;4326
4;578;7857;3453;4404
4;491;7956;3513;4443
4;404;8074;3561;4513
4;317;7464;3335;4129
4;230;7163;3194;3969
4;143;6991;3126;3865
4;56;7981;3527;4454
4;1536;8804;3934;4870
4;1449;8836;3955;4881
4;1362;9014;4053;4961
4;1275;8848;3947;4901
4;1188;8297;3710;4587
4;1101;7658;3353;4305
4;1014;7723;3494;4229
4;927;7406;3245;4161
4;840;7186;3209;3977
4;753;7645;3365;4280
4;666;7709;3368;4341
4;579;7840;3438;4402
4;492;7942;3474;4468
4;405;7337;3251;4086
4;318;7035;3105;3930
4;231;6898;3068;3830
4;144;7799;3439;4360
4;57;6968;3079;3889
4;1537;8745;3907;4838
4;1450;8880;3972;4908
4;1363;8722;3873;4849
4;1276;8189;3654;4535
4;1189;7531;3282;4249
4;1102;7611;3425;4186
4;1015;7281;3169;4112
4;928;6921;3077;3844
4;841;7528;3280;4248
4;754;7616;3301;4315
4;667;7693;3348;4345
4;580;7814;3397;4417
4;493;7214;3164;4050
4;406;6935;3045;3890
4;319;6785;3000;3785
4;232;7674;3349;4325
4;145;6826;3026;3800
4;58;8207;3501;4706
4;1538;8785;3906;4879
4;1451;8598;3794;4804
4;1364;8093;3588;4505
4;1277;7416;3218;4198
4;1190;7490;3346;4144
4;1103;7183;3112;4071
4;1016;6809;3010;3799
4;929;7217;3071;4146
4;842;7483;3212;4271
4;755;7557;3247;4310
4;668;7661;3290;4371
4;581;7094;3081;4013
4;494;6810;2962;3848
4;407;6645;2926;3719
4;320;7548;3267;4281
4;233;6717;2939;3778
4;146;8003;3401;4602
4;59;8839;3767;5072
4;1539;8485;3723;4762
4;1452;7970;3504;4466
4;1365;7287;3118;4169
4;1278;7395;3288;4107
4;1191;7090;3056;4034
4;1104;6727;2947;3780
4;1017;7097;2992;4105
4;930;7256;3077;4179
4;843;7425;3160;4265
4;756;7528;3200;4328
4;669;6972;3003;3969
4;582;6694;2882;3812
4;495;6528;2869;3659
4;408;7424;3198;4226
4;321;6585;2858;3727
4;234;7877;3332;4545
4;147;8622;3664;4958
4;60;8127;3450;4677
4;1540;7879;3445;4434
4;1453;7198;3062;4136
4;1366;7281;3212;4069
4;1279;6973;2973;4000
4;1192;6647;2888;3759
4;1105;6994;2904;4090
4;1018;7140;3000;4140
4;931;7237;3035;4202
4;844;7382;3105;4277
4;757;6853;2922;3931
4;670;6559;2799;3760
4;583;6388;2774;3614
4;496;7266;3106;4160
4;409;6482;2792;3690
4;322;7704;3230;4474
4;235;8470;3562;4908
4;148;8020;3399;4621
4;61;7511;3217;4294
4;1541;7095;2991;4104
4;1454;7177;3143;4034
4;1367;6899;2910;3989
4;1280;6579;2851;3728
4;1193;6897;2826;4071
4;1106;7015;2904;4111
4;1019;7113;2951;4162
4;932;7361;3082;4279
4;845;6709;2837;3872
4;758;6446;2708;3738
4;671;6268;2695;3573
4;584;7114;3008;4106
4;497;6330;2700;3630
4;410;7551;3131;4420
4;323;8313;3453;4860
4;236;7882;3311;4571
4;149;7443;3169;4274
4;62;7353;3117;4236
4;1542;7088;3071;4017
4;1455;6775;2826;3949
4;1368;6469;2772;3697
4;1281;6779;2749;4030
4;1194;6919;2836;4083
4;1107;6995;2872;4123
4;1020;7241;3004;4237
4;933;6540;2706;3834
4;846;6297;2609;3688
4;759;6159;2625;3534
4;672;6970;2915;4055
4;585;6195;2613;3582
4;498;7372;3025;4347
4;411;8114;3335;4779
4;324;7738;3219;4519
4;237;7368;3128;4240
4;150;7315;3085;4230
4;63;7317;3007;4310
4;1543;6670;2747;3923
4;1456;6366;2718;3648
4;1369;6653;2673;3980
4;1282;6803;2759;4044
4;1195;6876;2787;4089
4;1108;7119;2921;4198
4;1021;6410;2615;3795
4;934;6001;2411;3590
4;847;6036;2542;3494
4;760;6833;2828;4005
4;673;6075;2525;3550
4;586;7206;2907;4299
4;499;7915;3220;4695
4;412;7545;3100;4445
4;325;7271;3061;4210
4;238;7213;3019;4194
4;151;7237;2942;4295
4;64;7018;2818;4200
4;1544;6275;2661;3614
4;1457;6533;2590;3943
4;1370;6672;2678;3994
4;1283;6734;2690;4044
4;1196;7000;2846;4154
4;1109;6283;2527;3756
4;1022;5859;2320;3539
4;935;5769;2376;3393
4;848;6676;2738;3938
4;761;5926;2418;3508
4;674;7018;2784;4234
4;587;7712;3095;4617
4;500;7345;2973;4372
4;413;7122;2966;4156
4;326;7071;2917;4154
4;239;7139;2866;4273
4;152;6958;2785;4173
4;65;6902;2841;4061
4;1545;6434;2524;3910
4;1458;6555;2599;3956
4;1371;6578;2587;3991
4;1284;6866;2762;4104
4;1197;6141;2439;3702
4;1110;5734;2231;3503
4;1023;5637;2296;3341
4;936;6450;2606;3844
4;849;5792;2320;3472
4;762;6888;2699;4189
4;675;7531;2984;4547
4;588;7164;2857;4307
4;501;6960;2871;4089
4;414;6935;2837;4098
4;327;7053;2797;4256
4;240;6861;2707;4154
4;153;6829;2805;4024
4;66;6710;2683;4027
4;1546;6414;2508;3906
4;1459;6423;2484;3939
4;1372;6689;2644;4045
4;1285;6028;2372;3656
4;1198;5599;2154;3445
4;1111;5512;2212;3300
4;1024;6302;2502;3800
4;937;5544;2183;3361
4;850;6753;2601;4152
4;763;7366;2873;4493
4;676;6964;2713;4251
4;589;6799;2773;4026
4;502;6759;2737;4022
4;415;6907;2713;4194
4;328;6726;2607;4119
4;241;6736;2741;3995
4;154;6592;2615;3977
4;67;6479;2533;3946
4;1547;6285;2389;3896
4;1460;6543;2556;3987
4;1373;5894;2285;3609
4;1286;5497;2098;3399
4;1199;5398;2137;3261
4;1112;6131;2396;3735
4;1025;5420;2107;3313
4;938;6489;2439;4050
4;851;7212;2776;4436
4;764;6800;2612;4188
4;677;6608;2647;3961
4;590;6579;2609;3970
4;503;6729;2608;4121
4;416;6566;2515;4051
4;329;6601;2628;3973
4;242;6510;2555;3955
4;155;6370;2478;3892
4;68;6652;2594;4058
4;1548;6400;2464;3936
4;1461;5735;2193;3542
4;1374;5376;2005;3371
4;1287;5300;2080;3220
4;1200;5990;2298;3692
4;1113;5292;2039;3253
4;1026;6333;2348;3985
4;939;6934;2612;4322
4;852;6602;2495;4107
4;765;6459;2555;3904
4;678;6405;2499;3906
4;591;6538;2486;4052
4;504;6385;2409;3976
4;417;6436;2537;3899
4;330;6386;2454;3932
4;243;6254;2395;3859
4;156;6559;2551;4008
4;69;6613;2547;4066
4;1549;5608;2122;3486
4;1462;5263;1937;3326
4;1375;5165;1988;3177
4;1288;5850;2215;3635
4;1201;5143;1944;3199
4;1114;6159;2249;3910
4;1027;6756;2496;4260
4;940;6493;2410;4083
4;853;6293;2446;3847
4;766;6254;2407;3847
4;679;6376;2400;3976
4;592;6232;2310;3922
4;505;6251;2430;3821
4;418;6197;2344;3853
4;331;6141;2321;3820
4;244;6403;2445;3958
4;157;6465;2460;4005
4;70;6262;2340;3922
4;1550;5137;1873;3264
4;1463;5043;1911;3132
4;1376;5693;2121;3572
4;1289;4978;1850;3128
4;1202;5982;2149;3833
4;1115;6583;2389;4194
4;1028;6332;2306;4026
4;941;6137;2328;3809
4;854;6072;2295;3777
4;767;6205;2308;3897
4;680;6070;2199;3871
4;593;6071;2330;3741
4;506;5990;2243;3747
4;419;5964;2217;3747
4;332;6248;2354;3894
4;245;6327;2384;3943
4;158;6155;2291;3864
4;71;6213;2380;3833
4;1551;4909;1828;3081
4;1464;5514;2017;3497
4;1377;4834;1766;3068
4;1290;5832;2067;3765
4;1203;6423;2299;4124
4;1116;6147;2192;3955
4;1029;5977;2236;3741
4;942;5949;2224;3725
4;855;6044;2220;3824
4;768;5914;2103;3811
4;681;5887;2234;3653
4;594;5806;2130;3676
4;507;5766;2115;3651
4;420;6061;2233;3828
4;333;6211;2305;3906
4;246;5967;2176;3791
4;159;6078;2307;3771
4;72;5729;2158;3571
4;1552;5328;1908;3420
4;1465;4671;1678;2993
4;1378;5641;1947;3694
4;1291;6253;2202;4051
4;1204;5969;2096;3873
4;1117;5809;2148;3661
4;1030;5778;2125;3653
4;943;5923;2139;3784
4;856;5738;2001;3737
4;769;5722;2132;3590
4;682;5623;2024;3599
4;595;5568;1992;3576
4;508;5820;2098;3722
4;421;5985;2183;3802
4;334;5802;2073;3729
4;247;5911;2205;3706
4;160;5604;2089;3515
4;73;5771;2122;3649
4;1553;4526;1595;2931
4;1466;5444;1835;3609
4;1379;6055;2089;3966
4;1292;5778;2006;3772
4;1205;5624;2039;3585
4;1118;5605;2029;3576
4;1031;5726;2018;3708
4;944;5586;1902;3684
4;857;5538;2029;3509
4;770;5445;1901;3544
4;683;5385;1893;3492
4;596;5626;1988;3638
4;509;5754;2060;3694
4;422;5580;1947;3633
4;335;5747;2110;3637
4;248;5409;1975;3434
4;161;5614;2056;3558
4;74;5295;1918;3377
4;1554;5280;1748;3532
4;1467;5876;1982;3894
4;1380;5584;1898;3686
4;1293;5463;1949;3514
4;1206;5433;1938;3495
4;1119;5537;1912;3625
4;1032;5442;1818;3624
4;945;5392;1918;3474
4;858;5237;1789;3448
4;771;5175;1777;3398
4;684;5426;1873;3553
4;597;5539;1940;3599
4;510;5387;1854;3533
4;423;5510;1982;3528
4;336;5223;1855;3368
4;249;5423;1938;3485
4;162;5164;1859;3305
4;75;4757;1364;3393
4;1555;5693;1894;3799
4;1468;5376;1795;3581
4;1381;5256;1833;3423
4;1294;5237;1841;3396
4;1207;5347;1822;3525
4;1120;5257;1723;3534
4;1033;5181;1803;3378
4;946;5066;1690;3376
4;859;4993;1666;3327
4;772;5249;1766;3483
4;685;5321;1832;3489
4;598;5170;1734;3436
4;511;5271;1865;3406
4;424;5023;1753;3270
4;337;5215;1808;3407
4;250;4953;1734;3219
4;163;4603;1299;3304
4;76;4415;1277;3138
4;1556;5160;1682;3478
4;1469;5074;1732;3342
4;1382;5046;1742;3304
4;1295;5167;1732;3435
4;1208;5061;1616;3445
4;1121;4984;1702;3282
4;1034;4868;1593;3275
4;947;4734;1520;3214
4;860;5040;1653;3387
4;773;5078;1701;3377
4;686;4951;1625;3326
4;599;5036;1751;3285
4;512;4823;1653;3170
4;425;4972;1702;3270
4;338;4758;1628;3130
4;251;4408;1217;3191
4;164;4250;1213;3037
4;77;4079;1194;2885
4;1557;4871;1609;3262
4;1470;4818;1629;3189
4;1383;4975;1640;3335
4;1296;4874;1523;3351
4;1209;4755;1585;3170
4;1122;4663;1489;3174
4;1035;4526;1428;3098
4;948;4823;1542;3281
4;861;4844;1600;3244
4;774;4685;1500;3185
4;687;4790;1623;3167
4;600;4615;1548;3067
4;513;4719;1598;3121
4;426;4541;1512;3029
4;339;4208;1125;3083
4;252;4080;1130;2950
4;165;3925;1133;2792
4;78;3764;1149;2615
4;1558;4624;1522;3102
4;1471;4731;1517;3214
4;1384;4672;1428;3244
4;1297;4536;1486;3050
4;1210;4434;1372;3062
4;1123;4299;1322;2977
4;1036;4590;1433;3157
4;949;4667;1512;3155
4;862;4478;1406;3072
4;775;4561;1517;3044
4;688;4353;1429;2924
4;601;4459;1478;2981
4;514;4297;1407;2890
4;427;3991;1044;2947
4;340;3897;1038;2859
4;253;3768;1052;2716
4;166;3599;1079;2520
4;79;3482;972;2510
4;1559;4509;1422;3087
4;1472;4423;1318;3105
4;1385;4296;1371;2925
4;1298;4201;1276;2925
4;1211;4086;1222;2864
4;1124;4349;1333;3016
4;1037;4419;1405;3014
4;950;4320;1329;2991
4;863;4285;1378;2907
4;776;4134;1344;2790
4;689;4196;1346;2850
4;602;4005;1284;2721
4;515;3774;969;2805
4;428;3688;962;2726
4;341;3563;955;2608
4;254;3396;982;2414
4;167;3327;908;2419
4;80;3013;904;2109
4;1560;4185;1215;2970
4;1473;4046;1258;2788
4;1386;3981;1185;2796
4;1299;3877;1124;2753
4;1212;4094;1213;2881
4;1125;4159;1284;2875
4;1038;4078;1215;2863
4;951;4063;1277;2786
4;864;3897;1239;2658
4;777;3947;1237;2710
4;690;3746;1176;2570
4;603;3551;881;2670
4;516;3429;873;2556
4;429;3347;888;2459
4;342;3179;898;2281
4;255;3092;821;2271
4;168;2834;827;2007
4;81;2520;707;1813
4;1561;3805;1160;2645
4;1474;3769;1095;2674
4;1387;3604;1017;2587
4;1300;3825;1082;2743
4;1213;3896;1192;2704
4;1126;3816;1111;2705
4;1039;3785;1153;2632
4;952;3671;1132;2539
4;865;3694;1141;2553
4;778;3490;1076;2414
4;691;3340;802;2538
4;604;3188;793;2395
4;517;3090;802;2288
4;430;2916;800;2116
4;343;2907;749;2158
4;256;2638;752;1886
4;169;2354;640;1714
4;82;2103;576;1527
4;1562;3543;1011;2532
4;1475;3318;921;2397
4;1388;3555;982;2573
4;1301;3660;1091;2569
4;1214;3538;984;2554
4;1127;3503;1032;2471
4;1040;3413;1032;2381
4;953;3437;1016;2421
4;866;3224;972;2252
4;779;3091;728;2363
4;692;2933;716;2217
4;605;2854;725;2129
4;518;2690;720;1970
4;431;2636;654;1982
4;344;2451;677;1774
4;257;2201;573;1628
4;170;1936;515;1421
4;83;1566;388;1178
4;1563;3070;831;2239
4;1476;3311;891;2420
4;1389;3375;979;2396
4;1302;3259;886;2373
4;1215;3224;934;2290
4;1128;3145;925;2220
4;1041;3180;909;2271
4;954;3005;863;2142
4;867;2828;628;2200
4;780;2666;631;2035
4;693;2589;653;1936
4;606;2454;644;1810
4;519;2406;580;1826
4;432;2232;609;1623
4;345;2037;518;1519
4;258;1783;455;1328
4;171;1452;358;1094
4;84;1255;336;919
4;1564;3009;781;2228
4;1477;3079;871;2208
4;1390;2963;790;2173
4;1303;2955;834;2121
4;1216;2878;826;2052
4;1129;2896;808;2088
4;1042;2719;761;1958
4;955;2634;571;2063
4;868;2428;559;1869
4;781;2353;575;1778
4;694;2239;568;1671
4;607;2182;512;1670
4;520;2033;542;1491
4;433;1826;455;1371
4;346;1639;404;1235
4;259;1324;306;1018
4;172;1172;310;862
4;85;1394;365;1029
4;1565;14755;3501;11254
4;1478;14353;3372;10981
4;1391;13841;3297;10544
4;1304;13447;3168;10279
4;1217;12825;2954;9871
4;1130;12057;2705;9352
4;1043;11369;2452;8917
4;956;10625;2360;8265
4;869;10051;2264;7787
4;782;9472;2165;7307
4;695;8955;2104;6851
4;608;8369;2000;6369
4;521;7939;1880;6059
4;434;7684;1871;5813
4;347;7584;1878;5706
4;260;7660;1967;5693
4;173;8024;2143;5881
4;86;8130;2179;5951
4;1566;563112;257256;305856
4;1479;569875;259871;310004
4;1392;577358;263124;314234
4;1305;583047;265969;317078
4;1218;587238;267773;319465
4;1131;592816;270399;322417
4;1044;599638;273584;326054
4;957;610225;278856;331369
4;870;629896;288338;341558
4;783;638385;293189;345196
4;696;643358;295754;347604
4;609;650408;299244;351164
4;522;658100;303285;354815
4;435;671923;309962;361961
4;348;682074;314618;367456
4;261;689787;318418;371369
4;174;695033;321124;373909
4;87;702090;324368;377722
5;1480;3469;1813;1656
5;1393;3578;1859;1719
5;1306;3852;1989;1863
5;1219;3645;1866;1779
5;1132;3621;1819;1802
5;1045;3628;1845;1783
5;958;3580;1810;1770
5;871;3683;1852;1831
5;784;3813;1991;1822
5;697;3687;1875;1812
5;610;3546;1843;1703
5;523;3383;1716;1667
5;436;3244;1703;1541
5;349;3368;1704;1664
5;262;3355;1744;1611
5;175;3279;1709;1570
5;88;3487;1744;1743
5;1;3760;1957;1803
5;1481;3632;1881;1751
5;1394;3831;1977;1854
5;1307;3648;1867;1781
5;1220;3650;1823;1827
5;1133;3639;1859;1780
5;1046;3600;1827;1773
5;959;3678;1850;1828
5;872;3865;2015;1850
5;785;3636;1842;1794
5;698;3522;1821;1701
5;611;3354;1698;1656
5;524;3222;1690;1532
5;437;3317;1677;1640
5;350;3324;1723;1601
5;263;3260;1699;1561
5;176;3462;1732;1730
5;89;3738;1944;1794
5;2;3964;2044;1920
5;1482;3806;1965;1841
5;1395;3625;1848;1777
5;1308;3627;1829;1798
5;1221;3659;1864;1795
5;1134;3593;1826;1767
5;1047;3673;1852;1821
5;960;3846;2004;1842
5;873;3688;1862;1826
5;786;3490;1811;1679
5;699;3335;1697;1638
5;612;3207;1688;1519
5;525;3282;1665;1617
5;438;3270;1694;1576
5;351;3229;1684;1545
5;264;3440;1725;1715
5;177;3713;1928;1785
5;90;3924;2024;1900
5;3;3987;2054;1933
5;1483;3594;1818;1776
5;1396;3594;1803;1791
5;1309;3625;1852;1773
5;1222;3555;1810;1745
5;1135;3637;1835;1802
5;1048;3806;1995;1811
5;961;3651;1839;1812
5;874;3432;1792;1640
5;787;3280;1665;1615
5;700;3184;1680;1504
5;613;3273;1663;1610
5;526;3249;1689;1560
5;439;3164;1655;1509
5;352;3399;1705;1694
5;265;3695;1921;1774
5;178;3903;2011;1892
5;91;3950;2032;1918
5;4;4052;2049;2003
5;1484;3539;1764;1775
5;1397;3594;1838;1756
5;1310;3543;1806;1737
5;1223;3612;1818;1794
5;1136;3754;1984;1770
5;1049;3606;1817;1789
5;962;3380;1754;1626
5;875;3271;1661;1610
5;788;3154;1660;1494
5;701;3262;1662;1600
5;614;3228;1686;1542
5;527;3143;1645;1498
5;440;3321;1663;1658
5;353;3654;1899;1755
5;266;3894;2001;1893
5;179;3921;2015;1906
5;92;4023;2029;1994
5;5;4244;2140;2104
5;1485;3541;1797;1744
5;1398;3511;1789;1722
5;1311;3599;1813;1786
5;1224;3694;1950;1744
5;1137;3559;1775;1784
5;1050;3344;1740;1604
5;963;3226;1640;1586
5;876;3172;1641;1531
5;789;3209;1627;1582
5;702;3240;1682;1558
5;615;3126;1637;1489
5;528;3300;1655;1645
5;441;3599;1870;1729
5;354;3850;1979;1871
5;267;3903;2012;1891
5;180;3996;2013;1983
5;93;4225;2129;2096
5;6;4349;2260;2089
5;1486;3488;1786;1702
5;1399;3567;1792;1775
5;1312;3668;1942;1726
5;1225;3518;1748;1770
5;1138;3321;1715;1606
5;1051;3173;1619;1554
5;964;3143;1635;1508
5;877;3156;1613;1543
5;790;3200;1662;1538
5;703;3118;1631;1487
5;616;3275;1650;1625
5;529;3582;1864;1718
5;442;3792;1956;1836
5;355;3871;1997;1874
5;268;3990;2009;1981
5;181;4207;2116;2091
5;94;4331;2250;2081
5;7;4500;2346;2154
5;1487;3537;1786;1751
5;1400;3618;1911;1707
5;1313;3493;1732;1761
5;1226;3273;1691;1582
5;1139;3129;1595;1534
5;1052;3099;1612;1487
5;965;3114;1584;1530
5;878;3132;1612;1520
5;791;3097;1625;1472
5;704;3280;1655;1625
5;617;3569;1860;1709
5;530;3773;1946;1827
5;443;3803;1970;1833
5;356;3960;1999;1961
5;269;4179;2101;2078
5;182;4301;2236;2065
5;95;4475;2336;2139
5;8;5130;2604;2526
5;1488;3584;1896;1688
5;1401;3452;1722;1730
5;1314;3252;1680;1572
5;1227;3124;1595;1529
5;1140;3083;1591;1492
5;1053;3096;1582;1514
5;966;3102;1591;1511
5;879;3040;1610;1430
5;792;3254;1638;1616
5;705;3555;1842;1713
5;618;3766;1938;1828
5;531;3788;1974;1814
5;444;3901;1974;1927
5;357;4153;2086;2067
5;270;4278;2226;2052
5;183;4455;2330;2125
5;96;5107;2587;2520
5;9;5869;3052;2817
5;1489;3416;1715;1701
5;1402;3201;1660;1541
5;1315;3107;1582;1525
5;1228;3070;1586;1484
5;1141;3078;1571;1507
5;1054;3072;1585;1487
5;967;3008;1592;1416
5;880;3206;1595;1611
5;793;3522;1819;1703
5;706;3770;1937;1833
5;619;3767;1956;1811
5;532;3896;1975;1921
5;445;4104;2065;2039
5;358;4257;2215;2042
5;271;4439;2321;2118
5;184;5099;2584;2515
5;97;5812;3006;2806
5;10;6109;3169;2940
5;1490;3174;1641;1533
5;1403;3078;1572;1506
5;1316;3039;1557;1482
5;1229;3059;1561;1498
5;1142;3033;1563;1470
5;1055;2970;1576;1394
5;968;3167;1571;1596
5;881;3535;1817;1718
5;794;3741;1922;1819
5;707;3762;1948;1814
5;620;3872;1965;1907
5;533;4084;2061;2023
5;446;4226;2201;2025
5;359;4407;2304;2103
5;272;5082;2572;2510
5;185;5771;2992;2779
5;98;6067;3144;2923
5;11;6360;3147;3213
5;1491;3043;1557;1486
5;1404;2983;1526;1457
5;1317;3026;1552;1474
5;1230;3009;1554;1455
5;1143;2931;1558;1373
5;1056;3112;1536;1576
5;969;3494;1801;1693
5;882;3695;1868;1827
5;795;3748;1946;1802
5;708;3868;1963;1905
5;621;4066;2049;2017
5;534;4196;2190;2006
5;447;4366;2283;2083
5;360;5060;2558;2502
5;273;5716;2972;2744
5;186;6035;3131;2904
5;99;6283;3101;3182
5;12;6119;3143;2976
5;1492;2958;1516;1442
5;1405;2972;1527;1445
5;1318;2966;1536;1430
5;1231;2907;1543;1364
5;1144;3072;1513;1559
5;1057;3445;1779;1666
5;970;3637;1833;1804
5;883;3766;1957;1809
5;796;3850;1955;1895
5;709;4060;2047;2013
5;622;4187;2183;2004
5;535;4349;2276;2073
5;448;5002;2538;2464
5;361;5656;2940;2716
5;274;5959;3092;2867
5;187;6201;3061;3140
5;100;6047;3101;2946
5;13;6204;3143;3061
5;1493;2950;1509;1441
5;1406;2931;1513;1418
5;1319;2887;1536;1351
5;1232;3054;1507;1547
5;1145;3427;1768;1659
5;1058;3587;1809;1778
5;971;3728;1941;1787
5;884;3825;1941;1884
5;797;4041;2037;2004
5;710;4176;2172;2004
5;623;4355;2280;2075
5;536;4972;2522;2450
5;449;5519;2871;2648
5;362;5916;3067;2849
5;275;6114;3030;3084
5;188;5946;3040;2906
5;101;6089;3075;3014
5;14;6426;3249;3177
5;1494;2914;1503;1411
5;1407;2862;1523;1339
5;1320;3021;1478;1543
5;1233;3407;1757;1650
5;1146;3584;1802;1782
5;1059;3690;1923;1767
5;972;3783;1921;1862
5;885;4044;2034;2010
5;798;4137;2150;1987
5;711;4341;2277;2064
5;624;4947;2509;2438
5;537;5489;2857;2632
5;450;5807;3009;2798
5;363;6030;2984;3046
5;276;5838;2980;2858
5;189;6001;3021;2980
5;102;6338;3195;3143
5;15;6625;3406;3219
5;1495;2829;1501;1328
5;1408;2985;1452;1533
5;1321;3384;1756;1628
5;1234;3548;1786;1762
5;1147;3653;1907;1746
5;1060;3738;1896;1842
5;973;3997;2010;1987
5;886;4161;2139;2022
5;799;4322;2269;2053
5;712;4949;2518;2431
5;625;5445;2828;2617
5;538;5769;2994;2775
5;451;5840;2884;2956
5;364;5752;2937;2815
5;277;5911;2978;2933
5;190;6238;3132;3106
5;103;6527;3331;3196
5;16;6400;3258;3142
5;1496;2945;1434;1511
5;1409;3350;1738;1612
5;1322;3513;1768;1745
5;1235;3628;1896;1732
5;1148;3722;1888;1834
5;1061;3974;1991;1983
5;974;4143;2124;2019
5;887;4343;2250;2093
5;800;4898;2487;2411
5;713;5415;2807;2608
5;626;5722;2971;2751
5;539;5761;2851;2910
5;452;5566;2834;2732
5;365;5794;2912;2882
5;278;6143;3095;3048
5;191;6421;3281;3140
5;104;6311;3209;3102
5;17;6322;3213;3109
5;1497;3318;1721;1597
5;1410;3493;1757;1736
5;1323;3604;1887;1717
5;1236;3697;1869;1828
5;1149;3954;1982;1972
5;1062;4117;2111;2006
5;975;4313;2235;2078
5;888;4912;2485;2427
5;801;5369;2772;2597
5;714;5715;2963;2752
5;627;5704;2829;2875
5;540;5497;2794;2703
5;453;5626;2814;2812
5;366;6025;3026;2999
5;279;6318;3236;3082
5;192;6204;3145;3059
5;105;6217;3147;3070
5;18;6290;3201;3089
5;1498;3442;1730;1712
5;1411;3551;1858;1693
5;1324;3657;1854;1803
5;1237;3916;1962;1954
5;1150;4076;2090;1986
5;1063;4276;2211;2065
5;976;4832;2456;2376
5;889;5302;2736;2566
5;802;5671;2934;2737
5;715;5681;2815;2866
5;628;5427;2760;2667
5;541;5546;2771;2775
5;454;5820;2921;2899
5;367;6182;3155;3027
5;280;6081;3087;2994
5;193;6141;3103;3038
5;106;6185;3139;3046
5;19;5704;2932;2772
5;1499;3412;1798;1614
5;1412;3558;1797;1761
5;1325;3829;1916;1913
5;1238;4002;2056;1946
5;1151;4204;2183;2021
5;1064;4711;2416;2295
5;977;5120;2670;2450
5;890;5232;2666;2566
5;803;5586;2767;2819
5;716;5399;2745;2654
5;629;5480;2742;2738
5;542;5700;2865;2835
5;455;5872;2990;2882
5;368;5935;3012;2923
5;281;6036;3043;2993
5;194;6100;3090;3010
5;107;5563;2854;2709
5;20;5506;2833;2673
5;1500;3428;1721;1707
5;1413;3711;1849;1862
5;1326;3907;2000;1907
5;1239;4109;2127;1982
5;1152;4633;2363;2270
5;1065;5035;2630;2405
5;978;5088;2599;2489
5;891;5068;2491;2577
5;804;5294;2691;2603
5;717;5407;2712;2695
5;630;5611;2830;2781
5;543;5715;2910;2805
5;456;5622;2836;2786
5;369;5901;2981;2920
5;282;5986;3032;2954
5;195;5479;2812;2667
5;108;5363;2745;2618
5;21;5461;2780;2681
5;1501;3572;1778;1794
5;1414;3827;1954;1873
5;1327;3995;2049;1946
5;1240;4573;2334;2239
5;1153;4951;2597;2354
5;1066;4969;2558;2411
5;979;4900;2398;2502
5;892;4779;2409;2370
5;805;5251;2636;2615
5;718;5482;2774;2708
5;631;5613;2865;2748
5;544;5476;2752;2724
5;457;5552;2797;2755
5;370;5834;2944;2890
5;283;5355;2759;2596
5;196;5296;2731;2565
5;109;5306;2691;2615
5;22;5299;2629;2670
5;1502;3670;1884;1786
5;1415;3888;1996;1892
5;1328;4440;2241;2199
5;1241;4858;2530;2328
5;1154;4872;2518;2354
5;1067;4789;2349;2440
5;980;4608;2331;2277
5;893;4583;2328;2255
5;806;5325;2683;2642
5;719;5507;2811;2696
5;632;5372;2689;2683
5;545;5404;2703;2701
5;458;5531;2808;2723
5;371;5221;2679;2542
5;284;5214;2673;2541
5;197;5234;2669;2565
5;110;5150;2550;2600
5;23;5201;2593;2608
5;1503;3686;1906;1780
5;1416;4240;2170;2070
5;1329;4634;2393;2241
5;1242;4782;2472;2310
5;1155;4680;2317;2363
5;1068;4477;2273;2204
5;981;4354;2231;2123
5;894;4627;2318;2309
5;807;5332;2713;2619
5;720;5293;2656;2637
5;633;5311;2665;2646
5;546;5424;2743;2681
5;459;5002;2570;2432
5;372;5067;2601;2466
5;285;5160;2631;2529
5;198;5105;2527;2578
5;111;5110;2535;2575
5;24;5240;2623;2617
5;1504;4048;2066;1982
5;1417;4475;2335;2140
5;1330;4685;2389;2296
5;1243;4597;2291;2306
5;1156;4393;2256;2137
5;1069;4220;2178;2042
5;982;4420;2214;2206
5;895;4605;2330;2275
5;808;5142;2572;2570
5;721;5261;2651;2610
5;634;5346;2694;2652
5;547;4893;2494;2399
5;460;4853;2491;2362
5;373;5040;2569;2471
5;286;5024;2473;2551
5;199;5099;2526;2573
5;112;5109;2554;2555
5;25;5215;2550;2665
5;1505;4283;2228;2055
5;1418;4553;2324;2229
5;1331;4478;2199;2279
5;1244;4344;2234;2110
5;1157;4203;2154;2049
5;1070;4311;2159;2152
5;983;4435;2245;2190
5;896;4477;2269;2208
5;809;5093;2565;2528
5;722;5291;2668;2623
5;635;4837;2446;2391
5;548;4738;2428;2310
5;461;4779;2455;2324
5;374;4867;2412;2455
5;287;5067;2510;2557
5;200;5103;2560;2543
5;113;5135;2525;2610
5;26;5102;2492;2610
5;1506;4358;2208;2150
5;1419;4321;2137;2184
5;1332;4241;2165;2076
5;1245;4148;2107;2041
5;1158;4242;2103;2139
5;1071;4304;2165;2139
5;984;4272;2181;2091
5;897;4415;2247;2168
5;810;5056;2550;2506
5;723;4729;2396;2333
5;636;4670;2383;2287
5;549;4701;2400;2301
5;462;4702;2348;2354
5;375;4995;2469;2526
5;288;5065;2549;2516
5;201;5130;2523;2607
5;114;5022;2449;2573
5;27;5137;2506;2631
5;1507;4148;2073;2075
5;1420;4144;2126;2018
5;1333;4063;2058;2005
5;1246;4218;2074;2144
5;1159;4248;2137;2111
5;1072;4143;2103;2040
5;985;4221;2147;2074
5;898;4490;2238;2252
5;811;4563;2310;2253
5;724;4644;2383;2261
5;637;4650;2375;2275
5;550;4667;2313;2354
5;463;4854;2382;2472
5;376;4999;2497;2502
5;289;5117;2506;2611
5;202;5015;2443;2572
5;115;5091;2474;2617
5;28;5394;2722;2672
5;1508;4057;2110;1947
5;1421;3990;2033;1957
5;1334;4180;2046;2134
5;1247;4234;2125;2109
5;1160;4138;2100;2038
5;1073;4146;2117;2029
5;986;4367;2178;2189
5;899;4084;2036;2048
5;812;4519;2299;2220
5;725;4626;2358;2268
5;638;4628;2294;2334
5;551;4803;2349;2454
5;464;4868;2421;2447
5;377;5045;2476;2569
5;290;4984;2411;2573
5;203;5062;2447;2615
5;116;5290;2649;2641
5;29;5514;2744;2770
5;1509;3884;2002;1882
5;1422;4098;2011;2087
5;1335;4155;2084;2071
5;1248;4115;2075;2040
5;1161;4141;2118;2023
5;1074;4347;2180;2167
5;987;3943;1976;1967
5;900;4125;2116;2009
5;813;4525;2304;2221
5;726;4610;2296;2314
5;639;4764;2327;2437
5;552;4808;2396;2412
5;465;4953;2411;2542
5;378;4930;2384;2546
5;291;5049;2446;2603
5;204;5267;2637;2630
5;117;5403;2679;2724
5;30;5745;2793;2952
5;1510;4032;1982;2050
5;1423;4059;2025;2034
5;1336;4103;2066;2037
5;1249;4133;2105;2028
5;1162;4286;2162;2124
5;1075;3905;1968;1937
5;988;3992;2038;1954
5;901;4222;2144;2078
5;814;4535;2256;2279
5;727;4735;2309;2426
5;640;4772;2373;2399
5;553;4906;2383;2523
5;466;4852;2358;2494
5;379;5025;2437;2588
5;292;5211;2604;2607
5;205;5376;2664;2712
5;118;5630;2745;2885
5;31;5596;2691;2905
5;1511;4012;2017;1995
5;1424;4001;2013;1988
5;1337;4103;2081;2022
5;1250;4301;2166;2135
5;1163;3885;1972;1913
5;1076;3945;2026;1919
5;989;4074;2063;2011
5;902;4186;2098;2088
5;815;4632;2260;2372
5;728;4773;2382;2391
5;641;4875;2371;2504
5;554;4816;2325;2491
5;467;4923;2377;2546
5;380;5161;2584;2577
5;293;5313;2635;2678
5;206;5616;2745;2871
5;119;5489;2633;2856
5;32;5708;2758;2950
5;1512;3947;1998;1949
5;1425;3985;2037;1948
5;1338;4257;2151;2106
5;1251;3850;1949;1901
5;1164;3888;2006;1882
5;1077;3997;2031;1966
5;990;4065;2021;2044
5;903;4271;2113;2158
5;816;4688;2333;2355
5;729;4856;2373;2483
5;642;4810;2331;2479
5;555;4892;2361;2531
5;468;5044;2516;2528
5;381;5246;2592;2654
5;294;5559;2713;2846
5;207;5459;2624;2835
5;120;5598;2698;2900
5;33;5705;2810;2895
5;1513;3943;2031;1912
5;1426;4138;2101;2037
5;1339;3809;1942;1867
5;1252;3827;1978;1849
5;1165;3938;2006;1932
5;1078;3967;1976;1991
5;991;4178;2049;2129
5;904;4402;2177;2225
5;817;4761;2320;2441
5;730;4793;2325;2468
5;643;4869;2362;2507
5;556;5002;2496;2506
5;469;5132;2533;2599
5;382;5508;2704;2804
5;295;5407;2591;2816
5;208;5547;2678;2869
5;121;5624;2767;2857
5;34;5656;2804;2852
5;1514;4100;2101;1999
5;1427;3706;1904;1802
5;1340;3763;1958;1805
5;1253;3931;2006;1925
5;1166;3919;1946;1973
5;1079;4110;2023;2087
5;992;4294;2133;2161
5;905;4429;2197;2232
5;818;4691;2269;2422
5;731;4832;2340;2492
5;644;4948;2472;2476
5;557;5072;2485;2587
5;470;5350;2620;2730
5;383;5359;2571;2788
5;296;5470;2622;2848
5;209;5562;2737;2825
5;122;5580;2755;2825
5;35;5834;2895;2939
5;1515;3679;1893;1786
5;1428;3641;1882;1759
5;1341;3854;1952;1902
5;1254;3864;1902;1962
5;1167;4047;1983;2064
5;1080;4215;2084;2131
5;993;4313;2143;2170
5;906;4368;2155;2213
5;819;4711;2261;2450
5;732;4869;2435;2434
5;645;5037;2460;2577
5;558;5265;2575;2690
5;471;5206;2488;2718
5;384;5387;2574;2813
5;297;5516;2713;2803
5;210;5512;2717;2795
5;123;5730;2825;2905
5;36;5918;3030;2888
5;1516;3609;1888;1721
5;1429;3747;1888;1859
5;1342;3798;1855;1943
5;1255;4008;1967;2041
5;1168;4140;2024;2116
5;1081;4256;2125;2131
5;994;4257;2085;2172
5;907;4417;2147;2270
5;820;4746;2364;2382
5;733;4981;2427;2554
5;646;5208;2558;2650
5;559;5130;2449;2681
5;472;5256;2512;2744
5;385;5440;2670;2770
5;298;5441;2681;2760
5;211;5681;2797;2884
5;124;5823;2971;2852
5;37;6112;3046;3066
5;1517;3734;1911;1823
5;1430;3743;1845;1898
5;1343;3954;1934;2020
5;1256;4074;1988;2086
5;1169;4214;2112;2102
5;1082;4194;2056;2138
5;995;4335;2096;2239
5;908;4504;2253;2251
5;821;4862;2351;2511
5;734;5167;2539;2628
5;647;5094;2429;2665
5;560;5186;2483;2703
5;473;5283;2575;2708
5;386;5368;2653;2715
5;299;5613;2766;2847
5;212;5750;2934;2816
5;125;6000;2978;3022
5;38;6199;3076;3123
5;1518;3721;1840;1881
5;1431;3900;1903;1997
5;1344;4026;1969;2057
5;1257;4193;2106;2087
5;1170;4159;2040;2119
5;1083;4275;2072;2203
5;996;4395;2188;2207
5;909;4692;2270;2422
5;822;5070;2477;2593
5;735;5051;2407;2644
5;648;5138;2463;2675
5;561;5221;2538;2683
5;474;5224;2576;2648
5;387;5534;2727;2807
5;300;5667;2883;2784
5;213;5942;2953;2989
5;126;6084;3002;3082
5;39;6479;3273;3206
5;1519;3864;1913;1951
5;1432;3973;1943;2030
5;1345;4134;2069;2065
5;1258;4138;2032;2106
5;1171;4236;2063;2173
5;1084;4349;2170;2179
5;997;4590;2218;2372
5;910;4932;2408;2524
5;823;4948;2346;2602
5;736;5079;2428;2651
5;649;5153;2508;2645
5;562;5154;2530;2624
5;475;5409;2656;2753
5;388;5569;2837;2732
5;301;5857;2904;2953
5;214;6026;2974;3052
5;127;6348;3188;3160
5;40;6604;3209;3395
5;1520;3921;1940;1981
5;1433;4083;2046;2037
5;1346;4100;2015;2085
5;1259;4228;2066;2162
5;1172;4326;2157;2169
5;1085;4562;2200;2362
5;998;4834;2354;2480
5;911;4829;2283;2546
5;824;5007;2377;2630
5;737;5134;2491;2643
5;650;5092;2506;2586
5;563;5326;2611;2715
5;476;5438;2753;2685
5;389;5761;2847;2914
5;302;5942;2932;3010
5;215;6287;3154;3133
5;128;6467;3127;3340
5;41;6353;3047;3306
5;1521;4070;2048;2022
5;1434;4052;1998;2054
5;1347;4206;2054;2152
5;1260;4316;2152;2164
5;1173;4531;2191;2340
5;1086;4764;2310;2454
5;999;4757;2237;2520
5;912;4908;2295;2613
5;825;5034;2431;2603
5;738;5057;2489;2568
5;651;5256;2582;2674
5;564;5338;2697;2641
5;477;5621;2760;2861
5;390;5824;2856;2968
5;303;6228;3127;3101
5;216;6411;3092;3319
5;129;6251;2988;3263
5;42;6516;3082;3434
5;1522;4046;2022;2024
5;1435;4157;2030;2127
5;1348;4306;2146;2160
5;1261;4482;2171;2311
5;1174;4713;2286;2427
5;1087;4704;2213;2491
5;1000;4819;2248;2571
5;913;4779;2284;2495
5;826;4974;2430;2544
5;739;5212;2551;2661
5;652;5275;2656;2619
5;565;5548;2726;2822
5;478;5672;2774;2898
5;391;6122;3056;3066
5;304;6343;3053;3290
5;217;6207;2953;3254
5;130;6418;3026;3392
5;43;6037;2870;3167
5;1523;4142;2036;2106
5;1436;4238;2114;2124
5;1349;4436;2148;2288
5;1262;4697;2277;2420
5;1175;4660;2191;2469
5;1088;4769;2218;2551
5;1001;4706;2242;2464
5;914;4781;2282;2499
5;827;5117;2487;2630
5;740;5223;2622;2601
5;653;5446;2675;2771
5;566;5586;2726;2860
5;479;5972;2975;2997
5;392;6262;3014;3248
5;305;6145;2917;3228
5;218;6365;3003;3362
5;131;5978;2841;3137
5;44;5899;2836;3063
5;1524;4214;2125;2089
5;1437;4366;2112;2254
5;1350;4666;2253;2413
5;1263;4640;2184;2456
5;1176;4754;2211;2543
5;1089;4648;2216;2432
5;1002;4701;2236;2465
5;915;4898;2315;2583
5;828;5129;2552;2577
5;741;5370;2627;2743
5;654;5494;2673;2821
5;567;5882;2917;2965
5;480;6113;2939;3174
5;393;6082;2879;3203
5;306;6267;2935;3332
5;219;5966;2843;3123
5;132;5820;2794;3026
5;45;5584;2642;2942
5;1525;4364;2117;2247
5;1438;4568;2193;2375
5;1351;4577;2141;2436
5;1264;4706;2186;2520
5;1177;4573;2174;2399
5;1090;4631;2205;2426
5;1003;4776;2249;2527
5;916;4913;2449;2464
5;829;5268;2569;2699
5;742;5430;2646;2784
5;655;5772;2862;2910
5;568;6019;2888;3131
5;481;5973;2827;3146
5;394;6174;2892;3282
5;307;5914;2821;3093
5;220;5761;2759;3002
5;133;5466;2579;2887
5;46;5347;2575;2772
5;1526;4541;2196;2345
5;1439;4526;2130;2396
5;1352;4665;2170;2495
5;1265;4540;2160;2380
5;1178;4573;2175;2398
5;1091;4737;2233;2504
5;1004;4818;2392;2426
5;917;5061;2474;2587
5;830;5328;2575;2753
5;743;5733;2845;2888
5;656;5910;2836;3074
5;569;5906;2777;3129
5;482;6032;2818;3214
5;395;5843;2782;3061
5;308;5695;2722;2973
5;221;5395;2532;2863
5;134;5262;2535;2727
5;47;5014;2389;2625
5;1527;4503;2126;2377
5;1440;4608;2134;2474
5;1353;4481;2118;2363
5;1266;4554;2157;2397
5;1179;4692;2210;2482
5;1092;4774;2359;2415
5;1005;4986;2430;2556
5;918;5130;2459;2671
5;831;5615;2762;2853
5;744;5875;2806;3069
5;657;5822;2740;3082
5;570;5934;2764;3170
5;483;5748;2722;3026
5;396;5624;2683;2941
5;309;5315;2481;2834
5;222;5201;2493;2708
5;135;4977;2377;2600
5;48;4747;2248;2499
5;1528;4585;2160;2425
5;1441;4431;2097;2334
5;1354;4512;2129;2383
5;1267;4688;2208;2480
5;1180;4713;2314;2399
5;1093;4951;2410;2541
5;1006;5059;2416;2643
5;919;5489;2702;2787
5;832;5796;2754;3042
5;745;5785;2714;3071
5;658;5855;2708;3147
5;571;5675;2676;2999
5;484;5546;2645;2901
5;397;5205;2423;2782
5;310;5115;2436;2679
5;223;4922;2337;2585
5;136;4647;2198;2449
5;49;4831;2252;2579
5;1529;4416;2107;2309
5;1442;4474;2109;2365
5;1355;4638;2180;2458
5;1268;4689;2307;2382
5;1181;4910;2380;2530
5;1094;5016;2386;2630
5;1007;5399;2649;2750
5;920;5637;2672;2965
5;833;5686;2655;3031
5;746;5814;2680;3134
5;659;5598;2616;2982
5;572;5471;2596;2875
5;485;5096;2356;2740
5;398;5060;2411;2649
5;311;4864;2296;2568
5;224;4581;2154;2427
5;137;4715;2186;2529
5;50;4710;2240;2470
5;1530;4450;2107;2343
5;1443;4579;2148;2431
5;1356;4631;2265;2366
5;1269;4895;2372;2523
5;1182;4958;2356;2602
5;1095;5364;2621;2743
5;1008;5543;2619;2924
5;921;5564;2625;2939
5;834;5725;2628;3097
5;747;5550;2584;2966
5;660;5395;2552;2843
5;573;4985;2285;2700
5;486;4950;2352;2598
5;399;4799;2268;2531
5;312;4510;2121;2389
5;225;4653;2142;2511
5;138;4629;2181;2448
5;51;4743;2202;2541
5;1531;4530;2136;2394
5;1444;4579;2240;2339
5;1357;4865;2349;2516
5;1270;4941;2340;2601
5;1183;5288;2574;2714
5;1096;5492;2584;2908
5;1009;5463;2567;2896
5;922;5586;2599;2987
5;835;5452;2508;2944
5;748;5341;2510;2831
5;661;4914;2235;2679
5;574;4849;2286;2563
5;487;4686;2195;2491
5;400;4428;2070;2358
5;313;4583;2090;2493
5;226;4552;2139;2413
5;139;4619;2138;2481
5;52;4749;2297;2452
5;1532;4557;2234;2323
5;1445;4809;2307;2502
5;1358;4896;2308;2588
5;1271;5211;2518;2693
5;1184;5441;2548;2893
5;1097;5409;2537;2872
5;1010;5495;2539;2956
5;923;5404;2503;2901
5;836;5249;2446;2803
5;749;4837;2180;2657
5;662;4773;2240;2533
5;575;4616;2143;2473
5;488;4333;2018;2315
5;401;4515;2046;2469
5;314;4476;2094;2382
5;227;4538;2076;2462
5;140;4697;2260;2437
5;53;4303;1959;2344
5;1533;4779;2293;2486
5;1446;4853;2275;2578
5;1359;5157;2480;2677
5;1272;5404;2503;2901
5;1185;5356;2502;2854
5;1098;5418;2493;2925
5;1011;5322;2459;2863
5;924;5232;2449;2783
5;837;4754;2121;2633
5;750;4696;2186;2510
5;663;4560;2103;2457
5;576;4254;1961;2293
5;489;4403;1986;2417
5;402;4407;2044;2363
5;315;4462;2031;2431
5;228;4667;2243;2424
5;141;4230;1928;2302
5;54;3857;1702;2155
5;1534;4818;2260;2558
5;1447;5094;2463;2631
5;1360;5361;2476;2885
5;1273;5313;2468;2845
5;1186;5346;2453;2893
5;1099;5263;2420;2843
5;1012;5154;2412;2742
5;925;4610;2075;2535
5;838;4619;2134;2485
5;751;4485;2050;2435
5;664;4174;1908;2266
5;577;4308;1924;2384
5;490;4298;1984;2314
5;403;4394;1995;2399
5;316;4630;2220;2410
5;229;4193;1898;2295
5;142;3767;1662;2105
5;55;3606;1630;1976
5;1535;5057;2434;2623
5;1448;5272;2422;2850
5;1361;5256;2430;2826
5;1274;5273;2409;2864
5;1187;5198;2367;2831
5;1100;5093;2363;2730
5;1013;4521;2015;2506
5;926;4525;2096;2429
5;839;4387;1984;2403
5;752;4105;1857;2248
5;665;4237;1879;2358
5;578;4217;1939;2278
5;491;4281;1934;2347
5;404;4553;2161;2392
5;317;4126;1852;2274
5;230;3727;1629;2098
5;143;3517;1584;1933
5;56;3663;1631;2032
5;1536;5238;2401;2837
5;1449;5189;2375;2814
5;1362;5203;2352;2851
5;1275;5152;2335;2817
5;1188;5039;2328;2711
5;1101;4458;1975;2483
5;1014;4469;2053;2416
5;927;4359;1963;2396
5;840;4035;1814;2221
5;753;4166;1832;2334
5;666;4124;1882;2242
5;579;4204;1884;2320
5;492;4458;2101;2357
5;405;4061;1802;2259
5;318;3663;1589;2074
5;231;3464;1549;1915
5;144;3564;1578;1986
5;57;3323;1443;1880
5;1537;5139;2344;2795
5;1450;5117;2305;2812
5;1363;5131;2326;2805
5;1276;4990;2293;2697
5;1189;4420;1939;2481
5;1102;4404;2011;2393
5;1015;4272;1906;2366
5;928;4024;1800;2224
5;841;4079;1770;2309
5;754;4049;1827;2222
5;667;4123;1839;2284
5;580;4383;2047;2336
5;493;3969;1747;2222
5;406;3598;1547;2051
5;319;3395;1504;1891
5;232;3514;1542;1972
5;145;3254;1415;1839
5;58;3663;1604;2059
5;1538;5069;2274;2795
5;1451;5069;2292;2777
5;1364;4938;2254;2684
5;1277;4390;1917;2473
5;1190;4345;1964;2381
5;1103;4213;1866;2347
5;1016;3953;1755;2198
5;929;4037;1780;2257
5;842;3981;1784;2197
5;755;4047;1781;2266
5;668;4309;2000;2309
5;581;3903;1706;2197
5;494;3519;1497;2022
5;407;3330;1467;1863
5;320;3454;1497;1957
5;233;3182;1360;1822
5;146;3553;1552;2001
5;59;4050;1749;2301
5;1539;5018;2250;2768
5;1452;4874;2215;2659
5;1365;4348;1884;2464
5;1278;4296;1930;2366
5;1191;4162;1834;2328
5;1104;3893;1714;2179
5;1017;3989;1744;2245
5;930;3923;1760;2163
5;843;3972;1735;2237
5;756;4216;1933;2283
5;669;3827;1660;2167
5;582;3453;1461;1992
5;495;3263;1433;1830
5;408;3399;1470;1929
5;321;3120;1320;1800
5;234;3503;1526;1977
5;147;3947;1692;2255
5;60;4290;1839;2451
5;1540;4822;2171;2651
5;1453;4290;1845;2445
5;1366;4261;1904;2357
5;1279;4102;1792;2310
5;1192;3840;1670;2170
5;1105;3934;1702;2232
5;1018;3870;1722;2148
5;931;3991;1750;2241
5;844;4134;1871;2263
5;757;3741;1599;2142
5;670;3358;1409;1949
5;583;3198;1391;1807
5;496;3314;1427;1887
5;409;3057;1275;1782
5;322;3417;1477;1940
5;235;3876;1641;2235
5;148;4223;1798;2425
5;61;4098;1777;2321
5;1541;4249;1810;2439
5;1454;4189;1849;2340
5;1367;4072;1753;2319
5;1280;3796;1632;2164
5;1193;3891;1667;2224
5;1106;3817;1677;2140
5;1019;3920;1710;2210
5;932;4157;1868;2289
5;845;3661;1553;2108
5;758;3296;1367;1929
5;671;3114;1330;1784
5;584;3229;1383;1846
5;497;2978;1234;1744
5;410;3349;1437;1912
5;323;3815;1612;2203
5;236;4163;1765;2398
5;149;4048;1746;2302
5;62;4287;1864;2423
5;1542;4148;1816;2332
5;1455;4020;1708;2312
5;1368;3749;1588;2161
5;1281;3839;1633;2206
5;1194;3763;1637;2126
5;1107;3864;1665;2199
5;1020;4086;1820;2266
5;933;3678;1560;2118
5;846;3227;1328;1899
5;759;3057;1302;1755
5;672;3166;1335;1831
5;585;2903;1184;1719
5;498;3269;1385;1884
5;411;3720;1557;2163
5;324;4101;1730;2371
5;237;4007;1722;2285
5;150;4250;1845;2405
5;63;4233;1860;2373
5;1543;3946;1657;2289
5;1456;3697;1556;2141
5;1369;3804;1606;2198
5;1282;3715;1602;2113
5;1195;3802;1621;2181
5;1108;4013;1777;2236
5;1021;3601;1510;2091
5;934;3258;1350;1908
5;847;2980;1251;1729
5;760;3091;1287;1804
5;673;2837;1142;1695
5;586;3181;1326;1855
5;499;3641;1510;2131
5;412;4021;1673;2348
5;325;3938;1669;2269
5;238;4206;1817;2389
5;151;4179;1822;2357
5;64;4172;1733;2439
5;1544;3643;1515;2128
5;1457;3751;1564;2187
5;1370;3651;1557;2094
5;1283;3740;1574;2166
5;1196;3945;1730;2215
5;1109;3536;1467;2069
5;1022;3204;1311;1893
5;935;3032;1257;1775
5;848;3018;1233;1785
5;761;2771;1091;1680
5;674;3112;1283;1829
5;587;3559;1453;2106
5;500;3916;1618;2298
5;413;3850;1617;2233
5;326;4128;1759;2369
5;239;4144;1800;2344
5;152;4127;1705;2422
5;65;4100;1724;2376
5;1545;3688;1523;2165
5;1458;3579;1510;2069
5;1371;3668;1519;2149
5;1284;3887;1690;2197
5;1197;3460;1416;2044
5;1110;3140;1268;1872
5;1023;2948;1208;1740
5;936;3008;1234;1774
5;849;2707;1056;1651
5;762;3047;1238;1809
5;675;3469;1401;2068
5;588;3818;1556;2262
5;501;3738;1547;2191
5;414;4025;1688;2337
5;327;4059;1742;2317
5;240;4092;1669;2423
5;153;4054;1693;2361
5;66;4055;1661;2394
5;1546;3510;1463;2047
5;1459;3601;1471;2130
5;1372;3781;1610;2171
5;1285;3392;1370;2022
5;1198;3072;1230;1842
5;1111;2905;1169;1736
5;1024;2936;1187;1749
5;937;2719;1049;1670
5;850;2963;1184;1779
5;763;3401;1359;2042
5;676;3735;1504;2231
5;589;3646;1490;2156
5;502;3904;1611;2293
5;415;3967;1679;2288
5;328;4014;1613;2401
5;241;4011;1655;2356
5;154;3966;1601;2365
5;67;3498;1410;2088
5;1547;3541;1436;2105
5;1460;3713;1563;2150
5;1373;3326;1332;1994
5;1286;3004;1182;1822
5;1199;2846;1141;1705
5;1112;2870;1151;1719
5;1025;2659;1010;1649
5;938;2915;1156;1759
5;851;3316;1309;2007
5;764;3629;1436;2193
5;677;3560;1444;2116
5;590;3793;1555;2238
5;503;3862;1607;2255
5;416;3922;1557;2365
5;329;3911;1576;2335
5;242;3916;1555;2361
5;155;3398;1353;2045
5;68;3612;1418;2194
5;1548;3643;1525;2118
5;1461;3250;1283;1967
5;1374;2952;1153;1799
5;1287;2794;1104;1690
5;1200;2801;1108;1693
5;1113;2595;971;1624
5;1026;2866;1119;1747
5;939;3271;1279;1992
5;852;3526;1371;2155
5;765;3479;1412;2067
5;678;3687;1488;2199
5;591;3770;1549;2221
5;504;3798;1495;2303
5;417;3796;1500;2296
5;330;3848;1494;2354
5;243;3338;1310;2028
5;156;3537;1372;2165
5;69;3516;1401;2115
5;1549;3167;1234;1933
5;1462;2891;1116;1775
5;1375;2723;1061;1662
5;1288;2730;1064;1666
5;1201;2518;929;1589
5;1114;2811;1082;1729
5;1027;3190;1230;1960
5;940;3435;1294;2141
5;853;3376;1356;2020
5;766;3588;1426;2162
5;679;3640;1476;2164
5;592;3707;1433;2274
5;505;3682;1431;2251
5;418;3751;1434;2317
5;331;3285;1260;2025
5;244;3453;1307;2146
5;157;3449;1356;2093
5;70;3423;1352;2071
5;1550;2826;1078;1748
5;1463;2653;1016;1637
5;1376;2658;1018;1640
5;1289;2451;888;1563
5;1202;2728;1038;1690
5;1115;3105;1171;1934
5;1028;3340;1239;2101
5;941;3318;1296;2022
5;854;3473;1342;2131
5;767;3544;1419;2125
5;680;3583;1368;2215
5;593;3574;1361;2213
5;506;3649;1372;2277
5;419;3187;1195;1992
5;332;3349;1245;2104
5;245;3396;1323;2073
5;158;3364;1318;2046
5;71;3326;1308;2018
5;1551;2591;981;1610
5;1464;2592;982;1610
5;1377;2378;842;1536
5;1290;2655;993;1662
5;1203;3031;1130;1901
5;1116;3252;1187;2065
5;1029;3228;1237;1991
5;942;3392;1261;2131
5;855;3421;1350;2071
5;768;3483;1310;2173
5;681;3466;1303;2163
5;594;3508;1297;2211
5;507;3088;1147;1941
5;420;3257;1198;2059
5;333;3327;1273;2054
5;246;3247;1247;2000
5;159;3252;1259;1993
5;72;3015;1180;1835
5;1552;2528;946;1582
5;1465;2317;802;1515
5;1378;2584;952;1632
5;1291;2943;1080;1863
5;1204;3168;1135;2033
5;1117;3136;1183;1953
5;1030;3287;1199;2088
5;943;3376;1320;2056
5;856;3370;1250;2120
5;769;3346;1229;2117
5;682;3380;1223;2157
5;595;2976;1099;1877
5;508;3123;1135;1988
5;421;3216;1210;2006
5;334;3154;1195;1959
5;247;3148;1207;1941
5;160;2950;1137;1813
5;73;3170;1124;2046
5;1553;2253;767;1486
5;1466;2504;902;1602
5;1379;2859;1034;1825
5;1292;3091;1090;2001
5;1205;3043;1140;1903
5;1118;3198;1146;2052
5;1031;3271;1261;2010
5;944;3318;1208;2110
5;857;3249;1175;2074
5;770;3250;1154;2096
5;683;2867;1046;1821
5;596;3001;1064;1937
5;509;3089;1141;1948
5;422;3026;1126;1900
5;335;3060;1155;1905
5;248;2839;1076;1763
5;161;3089;1080;2009
5;74;2801;1036;1765
5;1554;2435;868;1567
5;1467;2763;985;1778
5;1380;2996;1046;1950
5;1293;2945;1076;1869
5;1206;3084;1082;2002
5;1119;3137;1180;1957
5;1032;3215;1144;2071
5;945;3193;1144;2049
5;858;3135;1099;2036
5;771;2760;991;1769
5;684;2871;1002;1869
5;597;2966;1068;1898
5;510;2877;1050;1827
5;423;2944;1092;1852
5;336;2730;1005;1725
5;249;2996;1026;1970
5;162;2716;992;1724
5;75;2545;851;1694
5;1555;2658;932;1726
5;1468;2887;987;1900
5;1381;2838;1014;1824
5;1294;2990;1031;1959
5;1207;3009;1113;1896
5;1120;3103;1079;2024
5;1033;3075;1071;2004
5;946;3028;1046;1982
5;859;2649;936;1713
5;772;2747;938;1809
5;685;2831;1004;1827
5;598;2768;994;1774
5;511;2823;1032;1791
5;424;2601;933;1668
5;337;2893;966;1927
5;250;2630;937;1693
5;163;2473;821;1652
5;76;2297;716;1581
5;1556;2775;928;1847
5;1469;2738;959;1779
5;1382;2870;972;1898
5;1295;2911;1054;1857
5;1208;2981;1006;1975
5;1121;2955;1006;1949
5;1034;2903;971;1932
5;947;2542;890;1652
5;860;2634;884;1750
5;773;2712;929;1783
5;686;2635;927;1708
5;599;2686;971;1715
5;512;2476;857;1619
5;425;2743;889;1854
5;338;2509;880;1629
5;251;2366;764;1602
5;164;2194;681;1513
5;77;1983;609;1374
5;1557;2621;894;1727
5;1470;2765;914;1851
5;1383;2765;972;1793
5;1296;2860;939;1921
5;1209;2825;936;1889
5;1122;2768;907;1861
5;1035;2415;829;1586
5;948;2542;846;1696
5;861;2595;878;1717
5;774;2515;865;1650
5;687;2541;901;1640
5;600;2353;800;1553
5;513;2550;808;1742
5;426;2372;821;1551
5;339;2232;694;1538
5;252;2090;636;1454
5;165;1885;570;1315
5;78;1941;633;1308
5;1558;2654;870;1784
5;1471;2623;907;1716
5;1384;2726;886;1840
5;1297;2690;858;1832
5;1210;2640;836;1804
5;1123;2315;784;1531
5;1036;2410;792;1618
5;949;2466;813;1653
5;862;2390;807;1583
5;775;2383;846;1537
5;688;2232;734;1498
5;601;2400;747;1653
5;514;2223;740;1483
5;427;2092;640;1452
5;340;1988;588;1400
5;253;1781;529;1252
5;166;1862;602;1260
5;79;1618;481;1137
5;1559;2484;845;1639
5;1472;2588;824;1764
5;1385;2554;796;1758
5;1298;2507;784;1723
5;1211;2204;735;1469
5;1124;2258;717;1541
5;1037;2342;754;1588
5;950;2286;756;1530
5;863;2232;778;1454
5;776;2088;668;1420
5;689;2237;667;1570
5;602;2074;672;1402
5;515;1954;593;1361
5;428;1869;546;1323
5;341;1682;490;1192
5;254;1746;548;1198
5;167;1541;458;1083
5;80;1357;433;924
5;1560;2456;762;1694
5;1473;2402;732;1670
5;1386;2366;721;1645
5;1299;2071;675;1396
5;1212;2128;654;1474
5;1125;2208;691;1517
5;1038;2139;700;1439
5;951;2144;729;1415
5;864;1951;614;1337
5;777;2092;609;1483
5;690;1924;611;1313
5;603;1798;532;1266
5;516;1724;483;1241
5;429;1557;444;1113
5;342;1629;483;1146
5;255;1438;410;1028
5;168;1285;395;890
5;81;1088;324;764
5;1561;2265;674;1591
5;1474;2212;656;1556
5;1387;1944;626;1318
5;1300;2009;601;1408
5;1213;2060;634;1426
5;1126;2000;632;1368
5;1039;1975;651;1324
5;952;1833;580;1253
5;865;1943;557;1386
5;778;1765;540;1225
5;691;1648;474;1174
5;604;1592;440;1152
5;517;1429;398;1031
5;430;1512;434;1078
5;343;1348;373;975
5;256;1186;359;827
5;169;994;295;699
5;82;898;264;634
5;1562;2073;598;1475
5;1475;1799;564;1235
5;1388;1887;549;1338
5;1301;1908;566;1342
5;1214;1821;553;1268
5;1127;1840;594;1246
5;1040;1681;511;1170
5;953;1856;540;1316
5;866;1629;487;1142
5;779;1517;422;1095
5;692;1467;390;1077
5;605;1313;361;952
5;518;1374;389;985
5;431;1231;328;903
5;344;1072;309;763
5;257;907;257;650
5;170;823;235;588
5;83;599;168;431
5;1563;1659;502;1157
5;1476;1750;487;1263
5;1389;1745;506;1239
5;1302;1688;503;1185
5;1215;1678;523;1155
5;1128;1556;466;1090
5;1041;1718;490;1228
5;954;1515;438;1077
5;867;1369;371;998
5;780;1345;362;983
5;693;1191;319;872
5;606;1237;337;900
5;519;1096;285;811
5;432;962;268;694
5;345;834;229;605
5;258;752;203;549
5;171;537;149;388
5;84;545;169;376
5;1564;1586;425;1161
5;1477;1591;457;1134
5;1390;1527;439;1088
5;1303;1510;452;1058
5;1216;1417;422;995
5;1129;1577;439;1138
5;1042;1330;363;967
5;955;1242;328;914
5;868;1202;314;888
5;781;1084;276;808
5;694;1101;287;814
5;607;955;246;709
5;520;870;245;625
5;433;757;202;555
5;346;685;176;509
5;259;478;131;347
5;172;493;150;343
5;85;516;166;350
5;1565;7208;1854;5354
5;1478;6930;1755;5175
5;1391;6642;1697;4945
5;1304;6343;1578;4765
5;1217;5977;1458;4519
5;1130;5426;1315;4111
5;1043;5056;1212;3844
5;956;4707;1137;3570
5;869;4187;1009;3178
5;782;3923;952;2971
5;695;3571;898;2673
5;608;3318;860;2458
5;521;3114;800;2314
5;434;2998;748;2250
5;347;2893;737;2156
5;260;2928;787;2141
5;173;3025;852;2173
5;86;3112;865;2247
5;1566;317252;147365;169887
5;1479;320507;148337;172170
5;1392;324618;150164;174454
5;1305;327300;151574;175726
5;1218;329013;152499;176514
5;1131;331553;153725;177828
5;1044;334744;155168;179576
5;957;340047;157884;182163
5;870;350306;163018;187288
5;783;355084;165645;189439
5;696;357201;166748;190453
5;609;360434;168296;192138
5;522;364486;170458;194028
5;435;372541;174451;198090
5;348;376854;176714;200140
5;261;379878;178473;201405
5;174;382076;179716;202360
5;87;386129;181988;204141
6;1480;1355;680;675
6;1393;1478;782;696
6;1306;1546;802;744
6;1219;1516;783;733
6;1132;1561;805;756
6;1045;1580;804;776
6;958;1585;849;736
6;871;1415;722;693
6;784;1629;849;780
6;697;1591;815;776
6;610;1528;789;739
6;523;1652;847;805
6;436;1559;818;741
6;349;1713;859;854
6;262;1835;944;891
6;175;1820;919;901
6;88;1933;990;943
6;1;2025;1019;1006
6;1481;1440;759;681
6;1394;1504;776;728
6;1307;1510;776;734
6;1220;1549;801;748
6;1133;1566;796;770
6;1046;1569;846;723
6;959;1393;714;679
6;872;1506;782;724
6;785;1555;795;760
6;698;1509;776;733
6;611;1633;837;796
6;524;1541;805;736
6;437;1685;846;839
6;350;1809;926;883
6;263;1816;920;896
6;176;1908;979;929
6;89;2013;1013;1000
6;2;2193;1130;1063
6;1482;1479;758;721
6;1395;1468;751;717
6;1308;1512;783;729
6;1221;1555;800;755
6;1134;1551;833;718
6;1047;1359;702;657
6;960;1493;775;718
6;873;1485;766;719
6;786;1476;759;717
6;699;1612;832;780
6;612;1532;803;729
6;525;1653;830;823
6;438;1781;908;873
6;351;1804;912;892
6;264;1887;962;925
6;177;2002;1008;994
6;90;2179;1119;1060
6;3;2304;1229;1075
6;1483;1429;737;692
6;1396;1471;750;721
6;1309;1540;794;746
6;1222;1539;826;713
6;1135;1319;680;639
6;1048;1461;756;705
6;961;1447;746;701
6;874;1405;727;678
6;787;1577;818;759
6;700;1515;797;718
6;613;1643;824;819
6;526;1768;905;863
6;439;1760;891;869
6;352;1868;954;914
6;265;1997;1006;991
6;178;2169;1114;1055
6;91;2296;1226;1070
6;4;2330;1202;1128
6;1484;1456;749;707
6;1397;1512;784;728
6;1310;1527;820;707
6;1223;1305;678;627
6;1136;1437;747;690
6;1049;1412;720;692
6;962;1378;710;668
6;875;1517;782;735
6;788;1499;793;706
6;701;1626;814;812
6;614;1753;895;858
6;527;1752;888;864
6;440;1830;937;893
6;353;1966;990;976
6;266;2156;1109;1047
6;179;2283;1217;1066
6;92;2322;1195;1127
6;5;2334;1170;1164
6;1485;1471;764;707
6;1398;1499;810;689
6;1311;1290;678;612
6;1224;1420;735;685
6;1137;1394;722;672
6;1050;1345;695;650
6;963;1504;778;726
6;876;1412;754;658
6;789;1608;808;800
6;702;1750;898;852
6;615;1733;881;852
6;528;1808;928;880
6;441;1946;981;965
6;354;2135;1100;1035
6;267;2274;1212;1062
6;180;2318;1193;1125
6;93;2314;1163;1151
6;6;2487;1278;1209
6;1486;1474;793;681
6;1399;1276;667;609
6;1312;1385;719;666
6;1225;1370;713;657
6;1138;1328;687;641
6;1051;1479;769;710
6;964;1386;735;651
6;877;1553;800;753
6;790;1723;884;839
6;703;1726;879;847
6;616;1791;923;868
6;529;1939;980;959
6;442;2104;1091;1013
6;355;2256;1201;1055
6;268;2315;1193;1122
6;181;2308;1163;1145
6;94;2486;1276;1210
6;7;2549;1292;1257
6;1487;1246;648;598
6;1400;1351;698;653
6;1313;1365;711;654
6;1226;1313;680;633
6;1139;1452;755;697
6;1052;1362;727;635
6;965;1542;798;744
6;878;1655;840;815
6;791;1707;864;843
6;704;1773;918;855
6;617;1923;968;955
6;530;2088;1083;1005
6;443;2233;1189;1044
6;356;2299;1181;1118
6;269;2293;1150;1143
6;182;2481;1276;1205
6;95;2536;1295;1241
6;8;2755;1416;1339
6;1488;1328;681;647
6;1401;1344;702;642
6;1314;1305;675;630
6;1227;1454;753;701
6;1140;1356;723;633
6;1053;1532;796;736
6;966;1641;837;804
6;879;1692;868;824
6;792;1760;910;850
6;705;1898;959;939
6;618;2066;1071;995
6;531;2218;1181;1037
6;444;2270;1171;1099
6;357;2282;1145;1137
6;270;2468;1269;1199
6;183;2533;1295;1238
6;96;2757;1420;1337
6;9;3097;1573;1524
6;1489;1314;689;625
6;1402;1286;665;621
6;1315;1443;749;694
6;1228;1347;720;627
6;1141;1519;790;729
6;1054;1630;828;802
6;967;1675;853;822
6;880;1717;877;840
6;793;1880;955;925
6;706;2049;1068;981
6;619;2201;1172;1029
6;532;2253;1162;1091
6;445;2259;1138;1121
6;358;2444;1256;1188
6;271;2525;1287;1238
6;184;2754;1416;1338
6;97;3080;1556;1524
6;10;3119;1600;1519
6;1490;1279;664;615
6;1403;1414;731;683
6;1316;1328;710;618
6;1229;1502;780;722
6;1142;1611;817;794
6;1055;1647;838;809
6;968;1715;878;837
6;881;1842;927;915
6;794;2040;1061;979
6;707;2191;1164;1027
6;620;2231;1151;1080
6;533;2239;1123;1116
6;446;2430;1249;1181
6;359;2522;1283;1239
6;272;2746;1407;1339
6;185;3058;1549;1509
6;98;3100;1587;1513
6;11;3229;1646;1583
6;1491;1379;712;667
6;1404;1295;695;600
6;1317;1483;764;719
6;1230;1595;809;786
6;1143;1629;830;799
6;1056;1680;863;817
6;969;1823;915;908
6;882;2021;1052;969
6;795;2169;1153;1016
6;708;2211;1140;1071
6;621;2224;1113;1111
6;534;2417;1243;1174
6;447;2502;1271;1231
6;360;2733;1397;1336
6;273;3035;1537;1498
6;186;3087;1587;1500
6;99;3202;1631;1571
6;12;3047;1540;1507
6;1492;1285;695;590
6;1405;1464;754;710
6;1318;1584;799;785
6;1231;1611;821;790
6;1144;1672;863;809
6;1057;1796;903;893
6;970;2006;1048;958
6;883;2147;1137;1010
6;796;2202;1137;1065
6;709;2210;1107;1103
6;622;2399;1235;1164
6;535;2489;1272;1217
6;448;2707;1387;1320
6;361;3021;1529;1492
6;274;3048;1562;1486
6;187;3156;1609;1547
6;100;3009;1523;1486
6;13;3187;1658;1529
6;1493;1436;740;696
6;1406;1568;788;780
6;1319;1598;815;783
6;1232;1663;857;806
6;1145;1779;892;887
6;1058;1994;1042;952
6;971;2130;1130;1000
6;884;2167;1122;1045
6;797;2195;1100;1095
6;710;2391;1235;1156
6;623;2478;1262;1216
6;536;2695;1381;1314
6;449;2961;1501;1460
6;362;3028;1547;1481
6;275;3118;1596;1522
6;188;2964;1498;1466
6;101;3137;1632;1505
6;14;3272;1691;1581
6;1494;1549;780;769
6;1407;1580;803;777
6;1320;1654;852;802
6;1233;1770;884;886
6;1146;1986;1035;951
6;1059;2111;1121;990
6;972;2157;1114;1043
6;885;2163;1077;1086
6;798;2388;1234;1154
6;711;2466;1261;1205
6;624;2688;1376;1312
6;537;2936;1494;1442
6;450;2993;1531;1462
6;363;3082;1580;1502
6;276;2911;1476;1435
6;189;3093;1604;1489
6;102;3237;1669;1568
6;15;3391;1749;1642
6;1495;1559;794;765
6;1408;1636;843;793
6;1321;1759;874;885
6;1234;1976;1032;944
6;1147;2093;1109;984
6;1060;2137;1101;1036
6;973;2151;1074;1077
6;886;2339;1208;1131
6;799;2447;1251;1196
6;712;2676;1366;1310
6;625;2917;1482;1435
6;538;2972;1527;1445
6;451;2999;1540;1459
6;364;2860;1448;1412
6;277;3046;1585;1461
6;190;3186;1640;1546
6;103;3339;1717;1622
6;16;3182;1602;1580
6;1496;1608;828;780
6;1409;1735;860;875
6;1322;1956;1021;935
6;1235;2081;1103;978
6;1148;2124;1094;1030
6;1061;2130;1061;1069
6;974;2321;1196;1125
6;887;2427;1236;1191
6;800;2660;1364;1296
6;713;2902;1476;1426
6;626;2958;1521;1437
6;539;2969;1526;1443
6;452;2764;1398;1366
6;365;2995;1556;1439
6;278;3133;1618;1515
6;191;3287;1690;1597
6;104;3150;1586;1564
6;17;3060;1556;1504
6;1497;1710;849;861
6;1410;1929;1009;920
6;1323;2069;1096;973
6;1236;2107;1083;1024
6;1149;2122;1051;1071
6;1062;2297;1184;1113
6;975;2405;1225;1180
6;888;2602;1328;1274
6;801;2889;1466;1423
6;714;2940;1509;1431
6;627;2941;1512;1429
6;540;2732;1385;1347
6;453;2924;1518;1406
6;366;3073;1584;1489
6;279;3234;1664;1570
6;192;3090;1548;1542
6;105;3009;1529;1480
6;18;3042;1595;1447
6;1498;1877;976;901
6;1411;2018;1063;955
6;1324;2070;1066;1004
6;1237;2096;1040;1056
6;1150;2264;1163;1101
6;1063;2372;1210;1162
6;976;2567;1311;1256
6;889;2856;1462;1394
6;802;2925;1502;1423
6;715;2915;1500;1415
6;628;2675;1356;1319
6;541;2869;1487;1382
6;454;2965;1531;1434
6;367;3172;1622;1550
6;280;3035;1523;1512
6;193;2974;1510;1464
6;106;2995;1569;1426
6;19;2563;1316;1247
6;1499;1889;1008;881
6;1412;1966;1018;948
6;1325;2019;996;1023
6;1238;2208;1138;1070
6;1151;2302;1177;1125
6;1064;2491;1275;1216
6;977;2731;1413;1318
6;890;2513;1311;1202
6;803;2866;1482;1384
6;716;2643;1340;1303
6;629;2810;1455;1355
6;542;2911;1500;1411
6;455;3007;1536;1471
6;368;2966;1482;1484
6;281;2919;1486;1433
6;194;2956;1545;1411
6;107;2497;1286;1211
6;20;2251;1213;1038
6;1500;1868;974;894
6;1413;1958;972;986
6;1326;2149;1093;1056
6;1239;2269;1169;1100
6;1152;2461;1251;1210
6;1065;2670;1379;1291
6;978;2433;1280;1153
6;891;2438;1289;1149
6;804;2588;1316;1272
6;717;2776;1442;1334
6;630;2848;1475;1373
6;543;2931;1498;1433
6;456;2816;1411;1405
6;369;2833;1443;1390
6;282;2898;1515;1383
6;195;2461;1265;1196
6;108;2209;1185;1024
6;21;2185;1205;980
6;1501;1834;911;923
6;1414;2062;1048;1014
6;1327;2210;1123;1087
6;1240;2425;1234;1191
6;1153;2616;1354;1262
6;1066;2394;1261;1133
6;979;2359;1248;1111
6;892;2188;1168;1020
6;805;2722;1416;1306
6;718;2795;1450;1345
6;631;2863;1461;1402
6;544;2735;1367;1368
6;457;2666;1357;1309
6;370;2807;1464;1343
6;283;2399;1233;1166
6;196;2195;1186;1009
6;109;2148;1175;973
6;22;2214;1194;1020
6;1502;1907;982;925
6;1415;2121;1083;1038
6;1328;2344;1186;1158
6;1241;2549;1330;1219
6;1154;2334;1233;1101
6;1067;2280;1207;1073
6;980;2110;1130;980
6;893;2223;1208;1015
6;806;2716;1410;1306
6;719;2795;1430;1365
6;632;2659;1334;1325
6;545;2576;1306;1270
6;458;2658;1406;1252
6;371;2314;1194;1120
6;284;2154;1165;989
6;197;2136;1181;955
6;110;2171;1178;993
6;23;2265;1210;1055
6;1503;1947;995;952
6;1416;2242;1146;1096
6;1329;2439;1275;1164
6;1242;2256;1197;1059
6;1155;2203;1181;1022
6;1068;2019;1082;937
6;981;2077;1150;927
6;894;2158;1153;1005
6;807;2681;1379;1302
6;720;2588;1308;1280
6;633;2520;1281;1239
6;546;2575;1359;1216
6;459;2204;1150;1054
6;372;2077;1141;936
6;285;2090;1165;925
6;198;2154;1172;982
6;111;2250;1194;1056
6;24;2285;1175;1110
6;1504;2056;1060;996
6;1417;2299;1206;1093
6;1330;2156;1142;1014
6;1243;2144;1157;987
6;1156;1964;1063;901
6;1069;2001;1115;886
6;982;2035;1110;925
6;895;2143;1172;971
6;808;2483;1259;1224
6;721;2449;1250;1199
6;634;2507;1325;1182
6;547;2116;1103;1013
6;460;1969;1077;892
6;373;2027;1140;887
6;286;2132;1149;983
6;199;2243;1195;1048
6;112;2236;1144;1092
6;25;2285;1193;1092
6;1505;2101;1126;975
6;1418;2005;1082;923
6;1331;2051;1109;942
6;1244;1884;1030;854
6;1157;1930;1083;847
6;1070;1945;1063;882
6;983;2004;1104;900
6;896;1919;990;929
6;809;2355;1206;1149
6;722;2446;1304;1142
6;635;2046;1066;980
6;548;1895;1044;851
6;461;1881;1049;832
6;374;2032;1104;928
6;287;2196;1176;1020
6;200;2217;1140;1077
6;113;2254;1178;1076
6;26;2249;1175;1074
6;1506;1828;994;834
6;1419;1898;1053;845
6;1332;1776;981;795
6;1245;1843;1047;796
6;1158;1868;1030;838
6;1071;1915;1075;840
6;984;1785;937;848
6;897;1827;996;831
6;810;2337;1251;1086
6;723;1956;1042;914
6;636;1829;1005;824
6;549;1811;1006;805
6;462;1930;1043;887
6;375;2125;1144;981
6;288;2167;1112;1055
6;201;2238;1172;1066
6;114;2211;1145;1066
6;27;2404;1234;1170
6;1507;1705;981;724
6;1420;1659;932;727
6;1333;1771;1020;751
6;1246;1769;1001;768
6;1159;1825;1039;786
6;1072;1673;885;788
6;985;1701;935;766
6;898;1817;1023;794
6;811;1850;988;862
6;724;1762;974;788
6;637;1752;968;784
6;550;1889;1019;870
6;463;2038;1092;946
6;376;2092;1078;1014
6;289;2167;1131;1036
6;202;2166;1122;1044
6;115;2362;1203;1159
6;28;2466;1226;1240
6;1508;1517;880;637
6;1421;1635;950;685
6;1334;1676;958;718
6;1247;1754;1015;739
6;1160;1595;855;740
6;1073;1620;892;728
6;986;1721;969;752
6;899;1774;948;826
6;812;1665;919;746
6;725;1686;939;747
6;638;1819;984;835
6;551;1981;1062;919
6;464;2029;1042;987
6;377;2112;1101;1011
6;290;2118;1085;1033
6;203;2332;1182;1150
6;116;2412;1196;1216
6;29;2622;1356;1266
6;1509;1507;902;605
6;1422;1543;885;658
6;1335;1651;964;687
6;1248;1528;831;697
6;1161;1541;868;673
6;1074;1632;924;708
6;987;1691;895;796
6;900;1767;915;852
6;813;1622;908;714
6;726;1747;945;802
6;639;1941;1040;901
6;552;1968;1008;960
6;465;2059;1074;985
6;378;2067;1067;1000
6;291;2293;1158;1135
6;204;2379;1177;1202
6;117;2566;1322;1244
6;30;2671;1348;1323
6;1510;1423;808;615
6;1423;1512;884;628
6;1336;1450;786;664
6;1249;1464;831;633
6;1162;1566;897;669
6;1075;1598;852;746
6;988;1703;883;820
6;901;1712;908;804
6;814;1688;912;776
6;727;1901;1014;887
6;640;1931;992;939
6;553;2008;1046;962
6;466;2012;1040;972
6;379;2218;1115;1103
6;292;2319;1138;1181
6;205;2532;1310;1222
6;118;2623;1324;1299
6;31;2757;1398;1359
6;1511;1400;831;569
6;1424;1334;724;610
6;1337;1404;787;617
6;1250;1506;870;636
6;1163;1534;830;704
6;1076;1617;844;773
6;989;1637;871;766
6;902;1775;945;830
6;815;1842;984;858
6;728;1886;969;917
6;641;1952;1023;929
6;554;1980;1015;965
6;467;2168;1093;1075
6;380;2269;1107;1162
6;293;2484;1283;1201
6;206;2596;1314;1282
6;119;2708;1378;1330
6;32;2629;1321;1308
6;1512;1251;673;578
6;1425;1299;735;564
6;1338;1460;840;620
6;1251;1486;810;676
6;1164;1579;828;751
6;1077;1582;834;748
6;990;1722;915;807
6;903;1819;951;868
6;816;1828;940;888
6;729;1913;1000;913
6;642;1936;988;948
6;555;2130;1074;1056
6;468;2213;1075;1138
6;381;2433;1248;1185
6;294;2546;1291;1255
6;207;2675;1357;1318
6;120;2580;1286;1294
6;33;2666;1327;1339
6;1513;1218;692;526
6;1426;1363;799;564
6;1339;1436;780;656
6;1252;1549;825;724
6;1165;1521;802;719
6;1078;1681;892;789
6;991;1760;923;837
6;904;1859;934;925
6;817;1861;971;890
6;730;1907;975;932
6;643;2100;1058;1042
6;556;2176;1052;1124
6;469;2352;1203;1149
6;382;2488;1259;1229
6;295;2643;1329;1314
6;208;2551;1273;1278
6;121;2621;1297;1324
6;34;2658;1332;1326
6;1514;1285;750;535
6;1427;1367;742;625
6;1340;1502;788;714
6;1253;1498;784;714
6;1166;1649;876;773
6;1079;1708;903;805
6;992;1810;912;898
6;905;1898;964;934
6;818;1858;945;913
6;731;2079;1051;1028
6;644;2143;1036;1107
6;557;2313;1175;1138
6;470;2416;1223;1193
6;383;2590;1300;1290
6;296;2513;1254;1259
6;209;2604;1288;1316
6;122;2623;1309;1314
6;35;2674;1300;1374
6;1515;1308;709;599
6;1428;1417;739;678
6;1341;1440;751;689
6;1254;1610;849;761
6;1167;1682;880;802
6;1080;1750;883;867
6;993;1837;933;904
6;906;1877;964;913
6;819;2024;1021;1003
6;732;2097;1014;1083
6;645;2264;1141;1123
6;558;2368;1200;1168
6;471;2517;1254;1263
6;384;2466;1224;1242
6;297;2568;1268;1300
6;210;2591;1295;1296
6;123;2643;1276;1367
6;36;2657;1327;1330
6;1516;1379;720;659
6;1429;1381;721;660
6;1342;1568;831;737
6;1255;1643;859;784
6;1168;1716;863;853
6;1081;1772;891;881
6;994;1852;951;901
6;907;1983;993;990
6;820;2059;990;1069
6;733;2225;1125;1100
6;646;2331;1176;1155
6;559;2470;1224;1246
6;472;2406;1191;1215
6;385;2523;1247;1276
6;298;2553;1271;1282
6;211;2610;1264;1346
6;124;2624;1314;1310
6;37;2819;1433;1386
6;1517;1327;700;627
6;1430;1525;809;716
6;1343;1601;840;761
6;1256;1682;841;841
6;1169;1734;867;867
6;1082;1819;937;882
6;995;1945;976;969
6;908;2096;1017;1079
6;821;2179;1097;1082
6;734;2304;1163;1141
6;647;2441;1203;1238
6;560;2366;1170;1196
6;473;2455;1209;1246
6;386;2499;1240;1259
6;299;2572;1237;1335
6;212;2591;1295;1296
6;125;2778;1406;1372
6;38;2850;1454;1396
6;1518;1475;774;701
6;1431;1563;824;739
6;1344;1662;825;837
6;1257;1722;863;859
6;1170;1808;932;876
6;1083;1904;956;948
6;996;2069;1009;1060
6;909;2248;1144;1104
6;822;2260;1137;1123
6;735;2408;1186;1222
6;648;2335;1149;1186
6;561;2409;1176;1233
6;474;2432;1200;1232
6;387;2521;1207;1314
6;300;2551;1272;1279
6;213;2750;1395;1355
6;126;2805;1423;1382
6;39;2883;1463;1420
6;1519;1517;793;724
6;1432;1605;793;812
6;1345;1690;844;846
6;1258;1772;910;862
6;1171;1882;943;939
6;1084;2029;992;1037
6;997;2207;1115;1092
6;910;2334;1167;1167
6;823;2366;1160;1206
6;736;2312;1140;1172
6;649;2374;1154;1220
6;562;2395;1182;1213
6;475;2462;1173;1289
6;388;2527;1265;1262
6;301;2715;1374;1341
6;214;2775;1408;1367
6;127;2824;1428;1396
6;40;3106;1592;1514
6;1520;1587;787;800
6;1433;1645;813;832
6;1346;1738;883;855
6;1259;1864;937;927
6;1172;2009;978;1031
6;1085;2179;1097;1082
6;998;2313;1162;1151
6;911;2424;1198;1226
6;824;2259;1107;1152
6;737;2346;1140;1206
6;650;2362;1162;1200
6;563;2421;1146;1275
6;476;2469;1232;1237
6;389;2676;1349;1327
6;302;2740;1385;1355
6;215;2796;1415;1381
6;128;3059;1556;1503
6;41;3001;1556;1445
6;1521;1620;803;817
6;1434;1693;857;836
6;1347;1828;921;907
6;1260;1997;968;1029
6;1173;2139;1078;1061
6;1086;2281;1143;1138
6;999;2397;1189;1208
6;912;2312;1158;1154
6;825;2305;1113;1192
6;738;2339;1148;1191
6;651;2401;1133;1268
6;564;2421;1199;1222
6;477;2622;1318;1304
6;390;2694;1355;1339
6;303;2757;1396;1361
6;216;3029;1540;1489
6;129;2976;1542;1434
6;42;2885;1457;1428
6;1522;1670;845;825
6;1435;1789;905;884
6;1348;1974;958;1016
6;1261;2120;1069;1051
6;1174;2259;1128;1131
6;1087;2353;1154;1199
6;1000;2283;1143;1140
6;913;2354;1160;1194
6;826;2297;1121;1176
6;739;2373;1121;1252
6;652;2378;1174;1204
6;565;2591;1299;1292
6;478;2637;1324;1313
6;391;2709;1367;1342
6;304;2993;1525;1468
6;217;2947;1523;1424
6;130;2852;1443;1409
6;43;2787;1411;1376
6;1523;1749;884;865
6;1436;1945;947;998
6;1349;2076;1043;1033
6;1262;2240;1117;1123
6;1175;2323;1134;1189
6;1088;2261;1130;1131
6;1001;2332;1149;1183
6;914;2349;1172;1177
6;827;2349;1108;1241
6;740;2366;1167;1199
6;653;2549;1281;1268
6;566;2593;1296;1297
6;479;2652;1337;1315
6;392;2953;1494;1459
6;305;2906;1495;1411
6;218;2828;1429;1399
6;131;2760;1402;1358
6;44;2573;1298;1275
6;1524;1908;929;979
6;1437;2025;1010;1015
6;1350;2228;1104;1124
6;1263;2285;1118;1167
6;1176;2250;1124;1126
6;1089;2297;1130;1167
6;1002;2313;1156;1157
6;915;2403;1165;1238
6;828;2326;1144;1182
6;741;2524;1266;1258
6;654;2539;1262;1277
6;567;2604;1311;1293
6;480;2897;1461;1436
6;393;2886;1481;1405
6;306;2780;1394;1386
6;219;2759;1404;1355
6;132;2545;1283;1262
6;45;2436;1159;1277
6;1525;2001;1001;1000
6;1438;2179;1083;1096
6;1351;2259;1107;1152
6;1264;2222;1113;1109
6;1177;2260;1109;1151
6;1090;2273;1138;1135
6;1003;2367;1147;1220
6;916;2332;1130;1202
6;829;2487;1247;1240
6;742;2507;1245;1262
6;655;2570;1286;1284
6;568;2851;1432;1419
6;481;2853;1469;1384
6;394;2748;1374;1374
6;307;2745;1397;1348
6;220;2517;1266;1251
6;133;2396;1138;1258
6;46;2431;1181;1250
6;1526;2138;1065;1073
6;1439;2217;1085;1132
6;1352;2211;1107;1104
6;1265;2229;1084;1145
6;1178;2254;1125;1129
6;1091;2335;1123;1212
6;1004;2307;1120;1187
6;917;2517;1251;1266
6;830;2458;1213;1245
6;743;2546;1268;1278
6;656;2808;1406;1402
6;569;2810;1440;1370
6;482;2708;1355;1353
6;395;2708;1376;1332
6;308;2494;1250;1244
6;221;2365;1121;1244
6;134;2389;1164;1225
6;47;2185;1077;1108
6;1527;2191;1071;1120
6;1440;2180;1088;1092
6;1353;2210;1076;1134
6;1266;2226;1108;1118
6;1179;2308;1103;1205
6;1092;2287;1110;1177
6;1005;2484;1234;1250
6;918;2508;1251;1257
6;831;2513;1249;1264
6;744;2775;1382;1393
6;657;2773;1412;1361
6;570;2660;1323;1337
6;483;2661;1344;1317
6;396;2459;1226;1233
6;309;2339;1109;1230
6;222;2369;1153;1216
6;135;2174;1075;1099
6;48;2086;1037;1049
6;1528;2146;1073;1073
6;1441;2178;1065;1113
6;1354;2224;1111;1113
6;1267;2280;1091;1189
6;1180;2265;1090;1175
6;1093;2462;1219;1243
6;1006;2477;1231;1246
6;919;2514;1242;1272
6;832;2741;1365;1376
6;745;2734;1387;1347
6;658;2632;1301;1331
6;571;2640;1330;1310
6;484;2436;1215;1221
6;397;2314;1094;1220
6;310;2340;1129;1211
6;223;2137;1054;1083
6;136;2048;1021;1027
6;49;2068;1051;1017
6;1529;2137;1044;1093
6;1442;2181;1083;1098
6;1355;2255;1077;1178
6;1268;2251;1080;1171
6;1181;2447;1211;1236
6;1094;2446;1208;1238
6;1007;2470;1211;1259
6;920;2707;1319;1388
6;833;2698;1367;1331
6;746;2604;1290;1314
6;659;2613;1312;1301
6;572;2410;1203;1207
6;485;2271;1068;1203
6;398;2306;1102;1204
6;311;2112;1039;1073
6;224;2025;1007;1018
6;137;2032;1030;1002
6;50;2132;1063;1069
6;1530;2171;1076;1095
6;1443;2220;1059;1161
6;1356;2226;1064;1162
6;1269;2428;1196;1232
6;1182;2421;1186;1235
6;1095;2443;1191;1252
6;1008;2662;1292;1370
6;921;2668;1353;1315
6;834;2567;1270;1297
6;747;2568;1282;1286
6;660;2370;1180;1190
6;573;2226;1038;1188
6;486;2259;1075;1184
6;399;2078;1017;1061
6;312;1996;990;1006
6;225;2008;1018;990
6;138;2099;1037;1062
6;51;2143;1051;1092
6;1531;2196;1046;1150
6;1444;2190;1043;1147
6;1357;2399;1176;1223
6;1270;2408;1185;1223
6;1183;2427;1182;1245
6;1096;2628;1265;1363
6;1009;2635;1329;1306
6;922;2548;1265;1283
6;835;2523;1257;1266
6;748;2350;1170;1180
6;661;2200;1024;1176
6;574;2210;1046;1164
6;487;2054;1005;1049
6;400;1953;961;992
6;313;1972;990;982
6;226;2064;1015;1049
6;139;2099;1029;1070
6;52;2120;1047;1073
6;1532;2168;1033;1135
6;1445;2372;1162;1210
6;1358;2390;1179;1211
6;1271;2409;1174;1235
6;1184;2606;1251;1355
6;1097;2605;1306;1299
6;1010;2510;1241;1269
6;923;2444;1210;1234
6;836;2304;1137;1167
6;749;2169;1005;1164
6;662;2184;1031;1153
6;575;2020;977;1043
6;488;1917;940;977
6;401;1939;968;971
6;314;2035;999;1036
6;227;2082;1013;1069
6;140;2102;1037;1065
6;53;1791;831;960
6;1533;2355;1155;1200
6;1446;2356;1161;1195
6;1359;2392;1161;1231
6;1272;2582;1230;1352
6;1185;2573;1287;1286
6;1098;2477;1224;1253
6;1011;2408;1190;1218
6;924;2265;1117;1148
6;837;2125;975;1150
6;750;2153;1020;1133
6;663;1984;955;1029
6;576;1894;919;975
6;489;1894;937;957
6;402;2001;978;1023
6;315;2052;993;1059
6;228;2096;1034;1062
6;141;1772;821;951
6;54;1645;800;845
6;1534;2316;1139;1177
6;1447;2345;1146;1199
6;1360;2551;1205;1346
6;1273;2540;1269;1271
6;1186;2446;1207;1239
6;1099;2366;1163;1203
6;1012;2241;1103;1138
6;925;2150;986;1164
6;838;2130;998;1132
6;751;1950;940;1010
6;664;1861;893;968
6;577;1865;916;949
6;490;1963;955;1008
6;403;2018;970;1048
6;316;2083;1031;1052
6;229;1753;806;947
6;142;1609;781;828
6;55;1522;736;786
6;1535;2317;1136;1181
6;1448;2506;1177;1329
6;1361;2500;1236;1264
6;1274;2410;1182;1228
6;1187;2343;1153;1190
6;1100;2211;1086;1125
6;1013;2122;969;1153
6;926;2141;980;1161
6;839;1910;914;996
6;752;1819;868;951
6;665;1832;897;935
6;578;1915;924;991
6;491;1982;949;1033
6;404;2061;1012;1049
6;317;1727;787;940
6;230;1589;767;822
6;143;1497;725;772
6;56;1907;895;1012
6;1536;2471;1160;1311
6;1449;2470;1214;1256
6;1362;2376;1160;1216
6;1275;2311;1133;1178
6;1188;2171;1059;1112
6;1101;2100;960;1140
6;1014;2095;945;1150
6;927;1892;882;1010
6;840;1790;857;933
6;753;1801;876;925
6;666;1878;905;973
6;579;1957;926;1031
6;492;2020;990;1030
6;405;1708;773;935
6;318;1561;750;811
6;231;1475;716;759
6;144;1859;869;990
6;57;1448;656;792
6;1537;2439;1190;1249
6;1450;2347;1141;1206
6;1363;2287;1110;1177
6;1276;2146;1040;1106
6;1189;2073;942;1131
6;1102;2058;916;1142
6;1015;1854;854;1000
6;928;1818;847;971
6;841;1758;848;910
6;754;1823;870;953
6;667;1919;907;1012
6;580;1983;959;1024
6;493;1675;754;921
6;406;1534;732;802
6;319;1442;693;749
6;232;1848;859;989
6;145;1426;646;780
6;58;1959;862;1097
6;1538;2323;1126;1197
6;1451;2272;1099;1173
6;1364;2112;1016;1096
6;1277;2048;925;1123
6;1190;2031;898;1133
6;1103;1828;836;992
6;1016;1783;817;966
6;929;1802;865;937
6;842;1796;853;943
6;755;1885;887;998
6;668;1935;929;1006
6;581;1649;738;911
6;494;1506;715;791
6;407;1425;679;746
6;320;1811;835;976
6;233;1395;624;771
6;146;1919;849;1070
6;59;2217;963;1254
6;1539;2255;1090;1165
6;1452;2077;992;1085
6;1365;2014;900;1114
6;1278;2000;878;1122
6;1191;1812;820;992
6;1104;1762;802;960
6;1017;1786;848;938
6;930;1825;838;987
6;843;1855;871;984
6;756;1903;907;996
6;669;1615;711;904
6;582;1479;690;789
6;495;1396;665;731
6;408;1775;810;965
6;321;1368;606;762
6;234;1901;837;1064
6;147;2173;941;1232
6;60;2122;923;1199
6;1540;2045;973;1072
6;1453;1986;887;1099
6;1366;1975;863;1112
6;1279;1779;800;979
6;1192;1745;787;958
6;1105;1760;825;935
6;1018;1800;814;986
6;931;1857;858;999
6;844;1872;879;993
6;757;1578;685;893
6;670;1445;668;777
6;583;1371;646;725
6;496;1732;793;939
6;409;1342;592;750
6;322;1862;811;1051
6;235;2132;909;1223
6;148;2090;906;1184
6;61;1937;816;1121
6;1541;1960;874;1086
6;1454;1949;841;1108
6;1367;1763;794;969
6;1280;1719;764;955
6;1193;1729;801;928
6;1106;1760;791;969
6;1019;1820;833;987
6;932;1814;832;982
6;845;1550;670;880
6;758;1424;656;768
6;671;1337;621;716
6;584;1692;769;923
6;497;1317;576;741
6;410;1831;787;1044
6;323;2090;882;1208
6;236;2064;889;1175
6;149;1928;812;1116
6;62;1780;742;1038
6;1542;1920;813;1107
6;1455;1733;776;957
6;1368;1676;733;943
6;1281;1693;776;917
6;1194;1726;768;958
6;1107;1792;813;979
6;1020;1770;807;963
6;933;1526;645;881
6;846;1395;631;764
6;759;1302;601;701
6;672;1653;741;912
6;585;1285;558;727
6;498;1785;761;1024
6;411;2052;854;1198
6;324;2024;861;1163
6;237;1918;805;1113
6;150;1780;745;1035
6;63;1932;814;1118
6;1543;1715;766;949
6;1456;1639;711;928
6;1369;1661;759;902
6;1282;1687;743;944
6;1195;1761;791;970
6;1108;1729;783;946
6;1021;1505;630;875
6;934;1406;633;773
6;847;1266;577;689
6;760;1622;718;904
6;673;1258;538;720
6;586;1751;738;1013
6;499;2010;836;1174
6;412;2000;837;1163
6;325;1884;781;1103
6;238;1755;729;1026
6;151;1916;797;1119
6;64;1894;792;1102
6;1544;1609;696;913
6;1457;1624;732;892
6;1370;1650;718;932
6;1283;1727;765;962
6;1196;1687;754;933
6;1109;1472;606;866
6;1022;1386;618;768
6;935;1273;564;709
6;848;1595;703;892
6;761;1238;522;716
6;674;1696;700;996
6;587;1965;806;1159
6;500;1952;806;1146
6;413;1848;759;1089
6;326;1719;702;1017
6;239;1897;783;1114
6;152;1877;784;1093
6;65;1989;852;1137
6;1545;1589;710;879
6;1458;1609;691;918
6;1371;1673;729;944
6;1284;1659;734;925
6;1197;1450;592;858
6;1110;1366;604;762
6;1023;1249;547;702
6;936;1605;705;900
6;849;1202;495;707
6;762;1646;666;980
6;675;1907;762;1145
6;588;1892;764;1128
6;501;1807;728;1079
6;414;1678;675;1003
6;327;1876;761;1115
6;240;1862;773;1089
6;153;1958;834;1124
6;66;1916;794;1122
6;1546;1573;668;905
6;1459;1624;701;923
6;1372;1606;697;909
6;1285;1411;571;840
6;1198;1320;569;751
6;1111;1212;520;692
6;1024;1570;687;883
6;937;1214;487;727
6;850;1594;634;960
6;763;1873;738;1135
6;676;1859;745;1114
6;589;1770;698;1072
6;502;1631;646;985
6;415;1830;724;1106
6;328;1820;741;1079
6;241;1926;804;1122
6;154;1875;771;1104
6;67;1792;756;1036
6;1547;1583;673;910
6;1460;1560;667;893
6;1373;1376;544;832
6;1286;1295;551;744
6;1199;1192;503;689
6;1112;1536;662;874
6;1025;1177;464;713
6;938;1581;606;975
6;851;1814;701;1113
6;764;1812;718;1094
6;677;1711;669;1042
6;590;1604;629;975
6;503;1780;692;1088
6;416;1772;712;1060
6;329;1893;778;1115
6;242;1867;764;1103
6;155;1765;743;1022
6;68;2116;863;1253
6;1548;1528;643;885
6;1461;1348;527;821
6;1374;1251;526;725
6;1287;1165;482;683
6;1200;1489;628;861
6;1113;1151;443;708
6;1026;1553;590;963
6;939;1801;674;1127
6;852;1772;693;1079
6;765;1672;648;1024
6;678;1570;610;960
6;591;1736;663;1073
6;504;1723;681;1042
6;417;1839;736;1103
6;330;1814;716;1098
6;243;1718;708;1010
6;156;2085;844;1241
6;69;2104;768;1336
6;1549;1326;517;809
6;1462;1213;498;715
6;1375;1133;467;666
6;1288;1439;598;841
6;1201;1127;422;705
6;1114;1520;569;951
6;1027;1743;633;1110
6;940;1750;670;1080
6;853;1637;626;1011
6;766;1516;577;939
6;679;1696;637;1059
6;592;1671;653;1018
6;505;1786;699;1087
6;418;1751;673;1078
6;331;1667;675;992
6;244;2034;816;1218
6;157;2071;749;1322
6;70;1857;727;1130
6;1550;1176;475;701
6;1463;1097;450;647
6;1376;1402;576;826
6;1289;1094;397;697
6;1202;1479;537;942
6;1115;1697;610;1087
6;1028;1699;636;1063
6;941;1616;602;1014
6;854;1481;563;918
6;767;1651;609;1042
6;680;1617;626;991
6;593;1727;671;1056
6;506;1712;651;1061
6;419;1629;655;974
6;332;1982;776;1206
6;245;2034;728;1306
6;158;1816;702;1114
6;71;2047;818;1229
6;1551;1058;420;638
6;1464;1363;552;811
6;1377;1063;373;690
6;1290;1427;504;923
6;1203;1645;577;1068
6;1116;1649;602;1047
6;1029;1570;582;988
6;942;1426;527;899
6;855;1603;588;1015
6;768;1573;605;968
6;681;1684;645;1039
6;594;1660;618;1042
6;507;1568;611;957
6;420;1915;744;1171
6;333;1993;699;1294
6;246;1762;669;1093
6;159;2002;788;1214
6;72;1942;720;1222
6;1552;1321;525;796
6;1465;1032;350;682
6;1378;1378;477;901
6;1291;1597;547;1050
6;1204;1585;561;1024
6;1117;1519;548;971
6;1030;1383;507;876
6;943;1538;543;995
6;856;1506;563;943
6;769;1620;612;1008
6;682;1597;587;1010
6;595;1517;585;932
6;508;1827;686;1141
6;421;1906;648;1258
6;334;1686;629;1057
6;247;1951;754;1197
6;160;1899;701;1198
6;73;1840;668;1172
6;1553;996;329;667
6;1466;1341;453;888
6;1379;1555;528;1027
6;1292;1527;523;1004
6;1205;1458;515;943
6;1118;1339;485;854
6;1031;1488;521;967
6;944;1472;543;929
6;857;1565;578;987
6;770;1555;564;991
6;683;1454;545;909
6;596;1757;646;1111
6;509;1831;609;1222
6;422;1632;600;1032
6;335;1896;723;1173
6;248;1820;656;1164
6;161;1787;649;1138
6;74;1514;529;985
6;1554;1282;417;865
6;1467;1497;499;998
6;1380;1479;504;975
6;1293;1406;486;920
6;1206;1290;454;836
6;1119;1426;485;941
6;1032;1434;521;913
6;945;1495;532;963
6;858;1490;532;958
6;771;1395;515;880
6;684;1675;602;1073
6;597;1755;562;1193
6;510;1572;571;1001
6;423;1813;677;1136
6;336;1745;604;1141
6;249;1705;605;1100
6;162;1457;496;961
6;75;1367;430;937
6;1555;1433;464;969
6;1468;1439;489;950
6;1381;1346;456;890
6;1294;1237;422;815
6;1207;1385;462;923
6;1120;1388;498;890
6;1033;1428;493;935
6;946;1436;498;938
6;859;1346;493;853
6;772;1600;559;1041
6;685;1676;522;1154
6;598;1504;540;964
6;511;1743;643;1100
6;424;1657;555;1102
6;337;1647;572;1075
6;250;1408;467;941
6;163;1323;414;909
6;76;1306;412;894
6;1556;1385;460;925
6;1469;1279;423;856
6;1382;1195;393;802
6;1295;1325;436;889
6;1208;1326;465;861
6;1121;1357;458;899
6;1034;1375;459;916
6;947;1296;465;831
6;860;1533;532;1001
6;773;1606;496;1110
6;686;1424;498;926
6;599;1667;605;1062
6;512;1576;511;1065
6;425;1573;527;1046
6;338;1338;425;913
6;251;1262;390;872
6;164;1259;396;863
6;77;1183;357;826
6;1557;1222;393;829
6;1470;1155;372;783
6;1383;1258;409;849
6;1296;1271;433;838
6;1209;1309;440;869
6;1122;1309;425;884
6;1035;1256;444;812
6;948;1461;502;959
6;861;1540;456;1084
6;774;1358;471;887
6;687;1589;571;1018
6;600;1495;476;1019
6;513;1493;483;1010
6;426;1277;401;876
6;339;1198;359;839
6;252;1194;361;833
6;165;1113;322;791
6;78;1068;337;731
6;1558;1087;343;744
6;1471;1195;372;823
6;1384;1184;389;795
6;1297;1258;415;843
6;1210;1238;395;843
6;1123;1203;417;786
6;1036;1377;464;913
6;949;1461;421;1040
6;862;1271;431;840
6;775;1490;526;964
6;688;1376;423;953
6;601;1422;458;964
6;514;1208;372;836
6;427;1135;332;803
6;340;1142;340;802
6;253;1051;284;767
6;166;1016;305;711
6;79;1044;326;718
6;1559;1123;343;780
6;1472;1112;353;759
6;1385;1196;382;814
6;1298;1177;366;811
6;1211;1121;383;738
6;1124;1276;410;866
6;1037;1362;388;974
6;950;1190;393;797
6;863;1393;484;909
6;776;1298;385;913
6;689;1325;415;910
6;602;1126;341;785
6;515;1058;300;758
6;428;1054;308;746
6;341;998;260;738
6;254;947;276;671
6;167;989;302;687
6;80;772;241;531
6;1560;1034;327;707
6;1473;1131;346;785
6;1386;1107;335;772
6;1299;1043;348;695
6;1212;1183;373;810
6;1125;1290;358;932
6;1038;1127;364;763
6;951;1289;435;854
6;864;1215;352;863
6;777;1233;382;851
6;690;1037;312;725
6;603;987;281;706
6;516;979;277;702
6;429;935;239;696
6;342;866;240;626
6;255;915;272;643
6;168;733;232;501
6;81;737;240;497
6;1561;1039;307;732
6;1474;1047;314;733
6;1387;959;312;647
6;1300;1098;343;755
6;1213;1211;332;879
6;1126;1060;327;733
6;1039;1191;394;797
6;952;1114;317;797
6;865;1154;359;795
6;778;967;289;678
6;691;920;249;671
6;604;903;249;654
6;517;872;222;650
6;430;792;212;580
6;343;864;251;613
6;256;681;204;477
6;169;675;210;465
6;82;646;180;466
6;1562;967;286;681
6;1475;891;281;610
6;1388;1017;303;714
6;1301;1121;309;812
6;1214;976;289;687
6;1127;1110;356;754
6;1040;1023;285;738
6;953;1037;304;733
6;866;886;253;633
6;779;858;232;626
6;692;820;222;598
6;605;791;192;599
6;518;715;191;524
6;431;785;214;571
6;344;641;187;454
6;257;622;184;438
6;170;574;169;405
6;83;515;142;373
6;1563;823;252;571
6;1476;951;280;671
6;1389;1035;279;756
6;1302;894;258;636
6;1215;986;311;675
6;1128;924;256;668
6;1041;945;278;667
6;954;807;226;581
6;867;777;201;576
6;780;742;193;549
6;693;726;175;551
6;606;654;171;483
6;519;715;191;524
6;432;590;170;420
6;345;580;165;415
6;258;525;146;379
6;171;478;132;346
6;84;430;121;309
6;1564;870;252;618
6;1477;959;252;707
6;1390;808;227;581
6;1303;888;270;618
6;1216;830;216;614
6;1129;850;243;607
6;1042;734;198;536
6;955;698;175;523
6;868;668;167;501
6;781;652;150;502
6;694;582;153;429
6;607;625;167;458
6;520;543;153;390
6;433;522;142;380
6;346;465;125;340
6;259;433;119;314
6;172;391;113;278
6;85;420;117;303
6;1565;4049;1010;3039
6;1478;3817;965;2852
6;1391;3702;940;2762
6;1304;3530;849;2681
6;1217;3346;795;2551
6;1130;3115;727;2388
6;1043;2961;675;2286
6;956;2780;627;2153
6;869;2648;593;2055
6;782;2531;596;1935
6;695;2448;595;1853
6;608;2291;564;1727
6;521;2270;572;1698
6;434;2225;547;1678
6;347;2246;572;1674
6;260;2281;619;1662
6;173;2399;675;1724
6;86;2407;677;1730
6;1566;141287;67148;74139
6;1479;145360;68988;76372
6;1392;149077;70730;78347
6;1305;151793;72076;79717
6;1218;154084;73029;81055
6;1131;156455;74130;82325
6;1044;159273;75507;83766
6;957;162205;76800;85405
6;870;167143;79162;87981
6;783;169973;80527;89446
6;696;172200;81477;90723
6;609;174810;82795;92015
6;522;177439;84163;93276
6;435;181376;86078;95298
6;348;184058;87540;96518
6;261;185970;88666;97304
6;174;187281;89323;97958
6;87;188775;90031;98744
7;1480;1927;971;956
7;1393;1992;1030;962
7;1306;2219;1129;1090
7;1219;2161;1090;1071
7;1132;2112;1076;1036
7;1045;2138;1062;1076
7;958;2072;1078;994
7;871;1951;992;959
7;784;2277;1188;1089
7;697;2164;1152;1012
7;610;2116;1046;1070
7;523;2253;1098;1155
7;436;2329;1204;1125
7;349;2372;1197;1175
7;262;2462;1308;1154
7;175;2521;1321;1200
7;88;2641;1317;1324
7;1;2817;1496;1321
7;1481;1966;1014;952
7;1394;2187;1118;1069
7;1307;2169;1104;1065
7;1220;2114;1072;1042
7;1133;2146;1064;1082
7;1046;2074;1077;997
7;959;1930;980;950
7;872;2153;1124;1029
7;785;2135;1132;1003
7;698;2092;1036;1056
7;611;2222;1082;1140
7;524;2302;1191;1111
7;437;2332;1171;1161
7;350;2438;1300;1138
7;263;2509;1310;1199
7;176;2644;1321;1323
7;89;2798;1489;1309
7;2;3049;1571;1478
7;1482;2138;1086;1052
7;1395;2110;1078;1032
7;1308;2094;1057;1037
7;1221;2122;1048;1074
7;1134;2038;1055;983
7;1047;1892;967;925
7;960;2117;1100;1017
7;873;2011;1101;910
7;786;2046;1012;1034
7;699;2203;1071;1132
7;612;2274;1179;1095
7;525;2301;1157;1144
7;438;2385;1269;1116
7;351;2486;1296;1190
7;264;2635;1315;1320
7;177;2777;1481;1296
7;90;3036;1560;1476
7;3;3091;1566;1525
7;1483;2061;1049;1012
7;1396;2046;1030;1016
7;1309;2076;1013;1063
7;1222;2017;1046;971
7;1135;1877;962;915
7;1048;2100;1085;1015
7;961;1997;1090;907
7;874;1958;955;1003
7;787;2174;1055;1119
7;700;2245;1164;1081
7;613;2267;1149;1118
7;526;2353;1250;1103
7;439;2441;1277;1164
7;352;2607;1304;1303
7;265;2759;1468;1291
7;178;3026;1553;1473
7;91;3071;1556;1515
7;4;3250;1635;1615
7;1484;2020;1013;1007
7;1397;2042;1001;1041
7;1310;1982;1028;954
7;1223;1846;949;897
7;1136;2072;1077;995
7;1049;1976;1080;896
7;962;1928;941;987
7;875;2114;1026;1088
7;788;2215;1142;1073
7;701;2254;1145;1109
7;614;2340;1241;1099
7;527;2416;1260;1156
7;440;2561;1279;1282
7;353;2714;1444;1270
7;266;3014;1544;1470
7;179;3058;1544;1514
7;92;3228;1625;1603
7;5;3432;1720;1712
7;1485;2005;985;1020
7;1398;1949;1007;942
7;1311;1824;935;889
7;1224;2064;1074;990
7;1137;1946;1056;890
7;1050;1893;911;982
7;963;2089;1017;1072
7;876;2141;1108;1033
7;789;2219;1122;1097
7;702;2311;1224;1087
7;615;2392;1248;1144
7;528;2543;1268;1275
7;441;2672;1416;1256
7;354;2984;1527;1457
7;267;3040;1534;1506
7;180;3224;1616;1608
7;93;3424;1716;1708
7;6;3463;1773;1690
7;1486;1902;988;914
7;1399;1797;926;871
7;1312;2029;1050;979
7;1225;1922;1050;872
7;1138;1872;906;966
7;1051;2061;1003;1058
7;964;2123;1098;1025
7;877;2214;1121;1093
7;790;2273;1203;1070
7;703;2364;1228;1136
7;616;2505;1248;1257
7;529;2642;1403;1239
7;442;2946;1509;1437
7;355;3008;1520;1488
7;268;3205;1605;1600
7;181;3406;1708;1698
7;94;3443;1759;1684
7;7;3650;1877;1773
7;1487;1763;911;852
7;1400;2008;1034;974
7;1313;1886;1032;854
7;1226;1859;900;959
7;1139;2039;986;1053
7;1052;2101;1088;1013
7;965;2202;1115;1087
7;878;2234;1181;1053
7;791;2327;1202;1125
7;704;2472;1232;1240
7;617;2615;1392;1223
7;530;2923;1499;1424
7;443;2983;1503;1480
7;356;3179;1594;1585
7;269;3389;1695;1694
7;182;3431;1751;1680
7;95;3635;1866;1769
7;8;4114;2153;1961
7;1488;1969;1013;956
7;1401;1849;1006;843
7;1314;1846;890;956
7;1227;2013;976;1037
7;1140;2083;1081;1002
7;1053;2176;1105;1071
7;966;2218;1175;1043
7;879;2290;1210;1080
7;792;2453;1221;1232
7;705;2588;1381;1207
7;618;2902;1491;1411
7;531;2954;1485;1469
7;444;3144;1578;1566
7;357;3366;1680;1686
7;270;3416;1744;1672
7;183;3631;1866;1765
7;96;4091;2140;1951
7;9;4766;2410;2356
7;1489;1813;986;827
7;1402;1820;878;942
7;1315;1997;970;1027
7;1228;2074;1077;997
7;1141;2170;1101;1069
7;1054;2196;1163;1033
7;967;2265;1200;1065
7;880;2411;1208;1203
7;793;2568;1364;1204
7;706;2880;1482;1398
7;619;2918;1465;1453
7;532;3119;1562;1557
7;445;3330;1659;1671
7;358;3390;1728;1662
7;271;3615;1859;1756
7;184;4075;2130;1945
7;97;4736;2380;2356
7;10;4755;2427;2328
7;1490;1785;863;922
7;1403;1969;964;1005
7;1316;2051;1065;986
7;1229;2149;1085;1064
7;1142;2177;1155;1022
7;1055;2248;1191;1057
7;968;2380;1188;1192
7;881;2589;1380;1209
7;794;2855;1471;1384
7;707;2890;1448;1442
7;620;3091;1552;1539
7;533;3321;1651;1670
7;446;3360;1709;1651
7;359;3583;1837;1746
7;272;4066;2127;1939
7;185;4707;2374;2333
7;98;4728;2410;2318
7;11;4746;2438;2308
7;1491;1947;955;992
7;1404;2018;1048;970
7;1317;2128;1072;1056
7;1230;2158;1138;1020
7;1143;2242;1188;1054
7;1056;2370;1178;1192
7;969;2572;1363;1209
7;882;2833;1470;1363
7;795;2863;1433;1430
7;708;3058;1536;1522
7;621;3283;1633;1650
7;534;3346;1704;1642
7;447;3554;1819;1735
7;360;4030;2113;1917
7;273;4671;2359;2312
7;186;4700;2400;2300
7;99;4691;2405;2286
7;12;4695;2387;2308
7;1492;1992;1033;959
7;1405;2105;1060;1045
7;1318;2144;1135;1009
7;1231;2229;1183;1046
7;1144;2352;1166;1186
7;1057;2549;1352;1197
7;970;2805;1459;1346
7;883;2846;1448;1398
7;796;3038;1523;1515
7;709;3262;1619;1643
7;622;3311;1686;1625
7;535;3532;1803;1729
7;448;4001;2096;1905
7;361;4624;2330;2294
7;274;4645;2363;2282
7;187;4616;2365;2251
7;100;4637;2365;2272
7;13;4815;2414;2401
7;1493;2076;1049;1027
7;1406;2119;1120;999
7;1319;2219;1179;1040
7;1232;2335;1153;1182
7;1145;2526;1336;1190
7;1058;2792;1452;1340
7;971;2809;1429;1380
7;884;3033;1521;1512
7;797;3231;1607;1624
7;710;3296;1677;1619
7;623;3499;1787;1712
7;536;3969;2081;1888
7;449;4517;2265;2252
7;362;4599;2340;2259
7;275;4539;2332;2207
7;188;4579;2330;2249
7;101;4729;2366;2363
7;14;4975;2532;2443
7;1494;2085;1102;983
7;1407;2190;1160;1030
7;1320;2317;1152;1165
7;1233;2504;1325;1179
7;1146;2767;1439;1328
7;1059;2800;1425;1375
7;972;3001;1504;1497
7;885;3246;1609;1637
7;798;3282;1669;1613
7;711;3464;1767;1697
7;624;3927;2061;1866
7;537;4473;2240;2233
7;450;4519;2297;2222
7;363;4474;2296;2178
7;276;4483;2285;2198
7;189;4659;2326;2333
7;102;4907;2487;2420
7;15;4988;2583;2405
7;1495;2161;1142;1019
7;1408;2296;1140;1156
7;1321;2486;1316;1170
7;1234;2750;1429;1321
7;1147;2795;1425;1370
7;1060;2986;1492;1494
7;973;3214;1593;1621
7;886;3248;1671;1577
7;799;3441;1747;1694
7;712;3893;2047;1846
7;625;4424;2215;2209
7;538;4470;2273;2197
7;451;4344;2227;2117
7;364;4413;2249;2164
7;277;4584;2295;2289
7;190;4828;2442;2386
7;103;4912;2531;2381
7;16;4687;2351;2336
7;1496;2279;1130;1149
7;1409;2463;1303;1160
7;1322;2730;1420;1310
7;1235;2774;1416;1358
7;1148;2969;1486;1483
7;1061;3206;1589;1617
7;974;3216;1654;1562
7;887;3399;1738;1661
7;800;3863;2032;1831
7;713;4396;2197;2199
7;626;4428;2244;2184
7;539;4274;2192;2082
7;452;4263;2165;2098
7;365;4484;2240;2244
7;278;4733;2404;2329
7;191;4831;2486;2345
7;104;4622;2315;2307
7;17;4712;2347;2365
7;1497;2446;1296;1150
7;1410;2705;1408;1297
7;1323;2752;1404;1348
7;1236;2954;1478;1476
7;1149;3187;1581;1606
7;1062;3196;1647;1549
7;975;3392;1734;1658
7;888;3846;2009;1837
7;801;4368;2176;2192
7;714;4394;2229;2165
7;627;4228;2167;2061
7;540;4192;2133;2059
7;453;4343;2156;2187
7;366;4635;2350;2285
7;279;4742;2447;2295
7;192;4530;2261;2269
7;105;4626;2298;2328
7;18;4556;2330;2226
7;1498;2642;1372;1270
7;1411;2704;1382;1322
7;1324;2932;1460;1472
7;1237;3168;1570;1598
7;1150;3160;1634;1526
7;1063;3363;1713;1650
7;976;3811;1999;1812
7;889;4329;2163;2166
7;802;4341;2200;2141
7;715;4189;2145;2044
7;628;4130;2102;2028
7;541;4237;2098;2139
7;454;4480;2262;2218
7;367;4608;2371;2237
7;280;4421;2209;2212
7;193;4550;2258;2292
7;106;4468;2282;2186
7;19;3714;1915;1799
7;1499;2545;1314;1231
7;1412;2832;1426;1406
7;1325;3094;1534;1560
7;1238;3101;1605;1496
7;1151;3301;1683;1618
7;1064;3729;1963;1766
7;977;4204;2099;2105
7;890;3691;1944;1747
7;803;4105;2104;2001
7;716;4086;2075;2011
7;629;4158;2065;2093
7;542;4378;2208;2170
7;455;4369;2235;2134
7;368;4278;2131;2147
7;281;4454;2220;2234
7;194;4389;2238;2151
7;107;3616;1860;1756
7;20;3149;1726;1423
7;1500;2686;1348;1338
7;1413;3009;1499;1510
7;1326;3039;1569;1470
7;1239;3234;1653;1581
7;1152;3642;1920;1722
7;1065;4115;2061;2054
7;978;3611;1906;1705
7;891;3330;1760;1570
7;804;4005;2032;1973
7;717;4097;2036;2061
7;630;4274;2168;2106
7;543;4245;2165;2080
7;456;4042;2003;2039
7;369;4299;2149;2150
7;282;4279;2170;2109
7;195;3530;1823;1707
7;108;3093;1679;1414
7;21;3141;1717;1424
7;1501;2843;1426;1417
7;1414;2957;1532;1425
7;1327;3174;1619;1555
7;1240;3595;1889;1706
7;1153;4022;1995;2027
7;1066;3530;1852;1678
7;979;3215;1704;1511
7;892;3247;1707;1540
7;805;3994;1988;2006
7;718;4183;2122;2061
7;631;4126;2106;2020
7;544;3911;1934;1977
7;457;4044;2024;2020
7;370;4144;2102;2042
7;283;3429;1764;1665
7;196;3041;1660;1381
7;109;3065;1668;1397
7;22;3149;1601;1548
7;1502;2776;1443;1333
7;1415;3056;1560;1496
7;1328;3482;1829;1653
7;1241;3941;1979;1962
7;1154;3475;1825;1650
7;1067;3108;1658;1450
7;980;3098;1626;1472
7;893;3221;1674;1547
7;806;4063;2056;2007
7;719;4034;2064;1970
7;632;3802;1891;1911
7;545;3920;1954;1966
7;458;3904;1998;1906
7;371;3295;1695;1600
7;284;2954;1613;1341
7;197;3036;1656;1380
7;110;3090;1563;1527
7;23;3308;1726;1582
7;1503;2813;1433;1380
7;1416;3299;1748;1551
7;1329;3796;1904;1892
7;1242;3374;1784;1590
7;1155;2992;1613;1379
7;1068;2946;1564;1382
7;981;3042;1607;1435
7;894;3240;1695;1545
7;807;3877;1976;1901
7;720;3727;1853;1874
7;633;3799;1902;1897
7;546;3785;1927;1858
7;459;3109;1592;1517
7;372;2858;1558;1300
7;285;2962;1610;1352
7;198;3043;1535;1508
7;111;3237;1691;1546
7;24;3542;1826;1716
7;1504;3070;1639;1431
7;1417;3591;1822;1769
7;1330;3183;1695;1488
7;1243;2887;1570;1317
7;1156;2856;1535;1321
7;1069;2895;1550;1345
7;982;3065;1628;1437
7;895;3059;1637;1422
7;808;3562;1773;1789
7;721;3677;1857;1820
7;634;3652;1858;1794
7;547;2997;1531;1466
7;460;2673;1464;1209
7;373;2855;1562;1293
7;286;2981;1515;1466
7;199;3199;1668;1531
7;112;3451;1776;1675
7;25;3580;1812;1768
7;1505;3331;1711;1620
7;1418;2987;1617;1370
7;1331;2714;1474;1240
7;1244;2798;1521;1277
7;1157;2764;1492;1272
7;1070;2931;1581;1350
7;983;2838;1525;1313
7;896;2692;1436;1256
7;809;3516;1772;1744
7;722;3538;1811;1727
7;635;2899;1490;1409
7;548;2543;1394;1149
7;461;2660;1455;1205
7;374;2846;1461;1385
7;287;3121;1637;1484
7;200;3412;1764;1648
7;113;3536;1800;1736
7;26;3698;1809;1889
7;1506;2664;1482;1182
7;1419;2487;1380;1107
7;1332;2627;1426;1201
7;1245;2656;1451;1205
7;1158;2817;1546;1271
7;1071;2668;1444;1224
7;984;2422;1333;1089
7;897;2594;1361;1233
7;810;3336;1719;1617
7;723;2765;1435;1330
7;636;2453;1338;1115
7;549;2562;1402;1160
7;462;2707;1386;1321
7;375;2991;1568;1423
7;288;3319;1718;1601
7;201;3495;1785;1710
7;114;3634;1780;1854
7;27;3739;1817;1922
7;1507;2272;1282;990
7;1420;2393;1319;1074
7;1333;2511;1388;1123
7;1246;2678;1482;1196
7;1159;2543;1388;1155
7;1072;2270;1257;1013
7;985;2376;1255;1121
7;898;2510;1300;1210
7;811;2588;1354;1234
7;724;2343;1290;1053
7;637;2479;1356;1123
7;550;2628;1339;1289
7;463;2860;1501;1359
7;376;3209;1649;1560
7;289;3395;1733;1662
7;202;3556;1732;1824
7;115;3658;1767;1891
7;28;3958;1970;1988
7;1508;2181;1219;962
7;1421;2297;1297;1000
7;1334;2567;1418;1149
7;1247;2457;1352;1105
7;1160;2149;1218;931
7;1073;2248;1216;1032
7;986;2308;1205;1103
7;899;2349;1192;1157
7;812;2204;1216;988
7;725;2365;1294;1071
7;638;2545;1300;1245
7;551;2790;1459;1331
7;464;3095;1590;1505
7;377;3299;1694;1605
7;290;3473;1689;1784
7;203;3616;1746;1870
7;116;3883;1913;1970
7;29;4055;2031;2024
7;1509;2073;1195;878
7;1422;2319;1294;1025
7;1335;2323;1293;1030
7;1248;2069;1171;898
7;1161;2102;1145;957
7;1074;2210;1146;1064
7;987;2230;1124;1106
7;900;2306;1203;1103
7;813;2296;1251;1045
7;726;2451;1253;1198
7;639;2690;1414;1276
7;552;3030;1546;1484
7;465;3203;1655;1548
7;378;3386;1663;1723
7;291;3526;1698;1828
7;204;3813;1870;1943
7;117;3949;1966;1983
7;30;4128;1961;2167
7;1510;2121;1187;934
7;1423;2089;1198;891
7;1336;1966;1117;849
7;1249;1989;1089;900
7;1162;2114;1098;1016
7;1075;2160;1101;1059
7;988;2188;1135;1053
7;901;2325;1223;1102
7;814;2359;1207;1152
7;727;2601;1368;1233
7;640;2959;1511;1448
7;553;3129;1609;1520
7;466;3302;1615;1687
7;379;3457;1674;1783
7;292;3701;1811;1890
7;205;3897;1944;1953
7;118;4028;1912;2116
7;31;4296;2164;2132
7;1511;1957;1127;830
7;1424;1802;1042;760
7;1337;1869;1021;848
7;1250;2018;1061;957
7;1163;2096;1070;1026
7;1076;2120;1093;1027
7;989;2219;1174;1045
7;902;2432;1186;1246
7;815;2519;1325;1194
7;728;2895;1478;1417
7;641;3076;1575;1501
7;554;3258;1589;1669
7;467;3365;1627;1738
7;380;3604;1763;1841
7;293;3803;1896;1907
7;206;3993;1896;2097
7;119;4224;2124;2100
7;32;4326;2115;2211
7;1512;1668;976;692
7;1425;1746;952;794
7;1338;1925;1016;909
7;1251;2032;1046;986
7;1164;2061;1063;998
7;1077;2156;1151;1005
7;990;2339;1124;1215
7;903;2551;1298;1253
7;816;2821;1443;1378
7;729;3022;1548;1474
7;642;3187;1550;1637
7;555;3311;1594;1717
7;468;3498;1701;1797
7;381;3676;1821;1855
7;294;3901;1855;2046
7;207;4176;2106;2070
7;120;4243;2068;2175
7;33;4458;2215;2243
7;1513;1613;883;730
7;1426;1787;935;852
7;1339;1947;1005;942
7;1252;2018;1039;979
7;1165;2116;1124;992
7;1078;2293;1086;1207
7;991;2467;1247;1220
7;904;2784;1406;1378
7;817;2959;1520;1439
7;730;3123;1519;1604
7;643;3236;1557;1679
7;556;3436;1662;1774
7;469;3571;1758;1813
7;382;3817;1816;2001
7;295;4082;2062;2020
7;208;4189;2046;2143
7;121;4387;2170;2217
7;34;4547;2157;2390
7;1514;1691;877;814
7;1427;1822;938;884
7;1340;1978;1018;960
7;1253;2046;1083;963
7;1166;2242;1066;1176
7;1079;2425;1232;1193
7;992;2689;1366;1323
7;905;2838;1409;1429
7;818;3051;1481;1570
7;731;3170;1518;1652
7;644;3380;1630;1750
7;557;3521;1727;1794
7;470;3710;1762;1948
7;383;3996;2006;1990
7;296;4107;2007;2100
7;209;4342;2146;2196
7;122;4488;2126;2362
7;35;4536;2233;2303
7;1515;1740;903;837
7;1428;1872;963;909
7;1341;1957;1026;931
7;1254;2203;1048;1155
7;1167;2378;1210;1168
7;1080;2628;1331;1297
7;993;2762;1362;1400
7;906;2990;1433;1557
7;819;3093;1472;1621
7;732;3317;1596;1721
7;645;3464;1703;1761
7;558;3644;1726;1918
7;471;3891;1938;1953
7;384;4023;1969;2054
7;297;4271;2110;2161
7;210;4412;2079;2333
7;123;4450;2177;2273
7;36;4497;2240;2257
7;1516;1819;935;884
7;1429;1876;978;898
7;1342;2136;1018;1118
7;1255;2346;1188;1158
7;1168;2595;1310;1285
7;1081;2721;1345;1376
7;994;2922;1404;1518
7;907;3111;1465;1646
7;820;3238;1556;1682
7;733;3418;1679;1739
7;646;3594;1697;1897
7;559;3823;1895;1928
7;472;3916;1903;2013
7;385;4160;2047;2113
7;298;4341;2052;2289
7;211;4398;2151;2247
7;124;4438;2209;2229
7;37;4678;2264;2414
7;1517;1825;948;877
7;1430;2064;982;1082
7;1343;2288;1157;1131
7;1256;2555;1289;1266
7;1169;2693;1334;1359
7;1082;2873;1386;1487
7;995;3044;1428;1616
7;908;3275;1585;1690
7;821;3351;1636;1715
7;734;3539;1668;1871
7;647;3764;1863;1901
7;560;3846;1869;1977
7;473;4048;1967;2081
7;386;4250;1997;2253
7;299;4328;2115;2213
7;212;4363;2161;2202
7;125;4609;2217;2392
7;38;4675;2274;2401
7;1518;1992;943;1049
7;1431;2210;1116;1094
7;1344;2504;1269;1235
7;1257;2655;1310;1345
7;1170;2851;1378;1473
7;1083;3006;1400;1606
7;996;3215;1554;1661
7;909;3437;1676;1761
7;822;3478;1629;1849
7;735;3704;1833;1871
7;648;3796;1848;1948
7;561;3988;1940;2048
7;474;4141;1936;2205
7;387;4264;2075;2189
7;300;4285;2119;2166
7;213;4564;2200;2364
7;126;4594;2225;2369
7;39;4913;2424;2489
7;1519;2154;1089;1065
7;1432;2453;1241;1212
7;1345;2602;1286;1316
7;1258;2827;1367;1460
7;1171;2956;1380;1576
7;1084;3178;1528;1650
7;997;3391;1651;1740
7;910;3565;1691;1874
7;823;3637;1791;1846
7;736;3732;1809;1923
7;649;3929;1902;2027
7;562;4072;1899;2173
7;475;4162;2014;2148
7;388;4215;2082;2133
7;301;4483;2158;2325
7;214;4544;2199;2345
7;127;4814;2361;2453
7;40;4955;2436;2519
7;1520;2380;1200;1180
7;1433;2541;1251;1290
7;1346;2799;1356;1443
7;1259;2938;1377;1561
7;1172;3141;1514;1627
7;1085;3357;1633;1724
7;998;3519;1664;1855
7;911;3713;1815;1898
7;824;3672;1773;1899
7;737;3885;1877;2008
7;650;4013;1868;2145
7;563;4091;1965;2126
7;476;4118;2015;2103
7;389;4398;2114;2284
7;302;4464;2166;2298
7;215;4755;2328;2427
7;128;4863;2377;2486
7;41;4755;2351;2404
7;1521;2500;1221;1279
7;1434;2749;1324;1425
7;1347;2914;1370;1544
7;1260;3118;1501;1617
7;1173;3327;1614;1713
7;1086;3474;1642;1832
7;999;3646;1778;1868
7;912;3699;1757;1942
7;825;3821;1839;1982
7;738;3964;1837;2127
7;651;4016;1916;2100
7;564;4044;1967;2077
7;477;4294;2054;2240
7;390;4385;2123;2262
7;303;4680;2294;2386
7;216;4813;2352;2461
7;129;4692;2313;2379
7;42;4806;2350;2456
7;1522;2692;1293;1399
7;1435;2864;1337;1527
7;1348;3079;1480;1599
7;1261;3296;1596;1700
7;1174;3457;1634;1823
7;1087;3615;1760;1855
7;1000;3663;1735;1928
7;913;3852;1848;2004
7;826;3903;1793;2110
7;739;3965;1887;2078
7;652;3985;1942;2043
7;565;4222;2019;2203
7;478;4283;2053;2230
7;391;4599;2256;2343
7;304;4736;2311;2425
7;217;4652;2287;2365
7;130;4734;2323;2411
7;43;4423;2137;2286
7;1523;2814;1301;1513
7;1436;3032;1454;1578
7;1349;3259;1575;1684
7;1262;3425;1617;1808
7;1175;3598;1754;1844
7;1088;3629;1713;1916
7;1001;3802;1823;1979
7;914;3978;1833;2145
7;827;3896;1844;2052
7;740;3935;1912;2023
7;653;4133;1973;2160
7;566;4214;2011;2203
7;479;4514;2201;2313
7;392;4663;2271;2392
7;305;4603;2264;2339
7;218;4690;2300;2390
7;131;4381;2113;2268
7;44;4154;1928;2226
7;1524;2992;1438;1554
7;1437;3198;1551;1647
7;1350;3381;1595;1786
7;1263;3565;1734;1831
7;1176;3601;1697;1904
7;1089;3771;1800;1971
7;1002;3926;1799;2127
7;915;3931;1882;2049
7;828;3875;1878;1997
7;741;4083;1939;2144
7;654;4146;1971;2175
7;567;4436;2160;2276
7;480;4590;2230;2360
7;393;4539;2225;2314
7;306;4613;2254;2359
7;219;4346;2106;2240
7;132;4100;1900;2200
7;45;3918;1905;2013
7;1525;3141;1516;1625
7;1438;3315;1553;1762
7;1351;3502;1702;1800
7;1264;3561;1676;1885
7;1177;3730;1783;1947
7;1090;3882;1779;2103
7;1003;3879;1859;2020
7;916;3903;1891;2012
7;829;4003;1890;2113
7;742;4085;1937;2148
7;655;4369;2121;2248
7;568;4505;2187;2318
7;481;4486;2192;2294
7;394;4547;2227;2320
7;307;4296;2084;2212
7;220;4064;1887;2177
7;133;3840;1864;1976
7;46;3707;1778;1929
7;1526;3237;1509;1728
7;1439;3466;1686;1780
7;1352;3508;1638;1870
7;1265;3715;1775;1940
7;1178;3836;1755;2081
7;1091;3836;1837;1999
7;1004;3873;1881;1992
7;917;4046;1916;2130
7;830;4023;1899;2124
7;743;4316;2088;2228
7;656;4433;2151;2282
7;569;4455;2173;2282
7;482;4464;2179;2285
7;395;4246;2050;2196
7;308;4011;1863;2148
7;221;3802;1840;1962
7;134;3633;1736;1897
7;47;3648;1753;1895
7;1527;3417;1661;1756
7;1440;3465;1614;1851
7;1353;3676;1755;1921
7;1266;3806;1732;2074
7;1179;3807;1824;1983
7;1092;3829;1859;1970
7;1005;3983;1884;2099
7;918;4056;1920;2136
7;831;4248;2047;2201
7;744;4372;2119;2253
7;657;4379;2127;2252
7;570;4397;2141;2256
7;483;4182;2008;2174
7;396;3948;1825;2123
7;309;3733;1803;1930
7;222;3602;1716;1886
7;135;3630;1750;1880
7;48;3448;1722;1726
7;1528;3414;1581;1833
7;1441;3622;1726;1896
7;1354;3775;1714;2061
7;1267;3774;1801;1973
7;1180;3795;1834;1961
7;1093;3949;1863;2086
7;1006;4027;1901;2126
7;919;4303;2074;2229
7;832;4305;2084;2221
7;745;4321;2088;2233
7;658;4329;2096;2233
7;571;4129;1977;2152
7;484;3883;1792;2091
7;397;3666;1772;1894
7;310;3563;1701;1862
7;223;3591;1720;1871
7;136;3387;1684;1703
7;49;3633;1787;1846
7;1529;3556;1678;1878
7;1442;3717;1683;2034
7;1355;3744;1779;1965
7;1268;3754;1802;1952
7;1181;3928;1846;2082
7;1094;4001;1884;2117
7;1007;4247;2033;2214
7;920;4318;2069;2249
7;833;4255;2048;2207
7;746;4274;2057;2217
7;659;4056;1924;2132
7;572;3827;1763;2064
7;485;3589;1721;1868
7;398;3505;1667;1838
7;311;3537;1690;1847
7;224;3346;1659;1687
7;137;3534;1734;1800
7;50;3566;1705;1861
7;1530;3672;1664;2008
7;1443;3702;1762;1940
7;1356;3729;1786;1943
7;1269;3879;1807;2072
7;1182;3984;1874;2110
7;1095;4205;2007;2198
7;1008;4274;2041;2233
7;921;4252;2041;2211
7;834;4203;2013;2190
7;747;3999;1883;2116
7;660;3764;1729;2035
7;573;3531;1679;1852
7;486;3430;1622;1808
7;399;3481;1653;1828
7;312;3293;1631;1662
7;225;3501;1713;1788
7;138;3497;1655;1842
7;51;3531;1665;1866
7;1531;3657;1733;1924
7;1444;3681;1760;1921
7;1357;3841;1780;2061
7;1270;3938;1839;2099
7;1183;4177;1994;2183
7;1096;4213;1997;2216
7;1009;4204;2018;2186
7;922;4210;2004;2206
7;835;3954;1852;2102
7;748;3713;1695;2018
7;661;3469;1641;1828
7;574;3366;1587;1779
7;487;3424;1620;1804
7;400;3227;1592;1635
7;313;3456;1690;1766
7;226;3451;1632;1819
7;139;3447;1614;1833
7;52;3391;1516;1875
7;1532;3634;1728;1906
7;1445;3789;1752;2037
7;1358;3885;1800;2085
7;1271;4133;1963;2170
7;1184;4162;1973;2189
7;1097;4158;1986;2172
7;1010;4160;1977;2183
7;923;3943;1845;2098
7;836;3656;1658;1998
7;749;3422;1604;1818
7;662;3304;1547;1757
7;575;3362;1581;1781
7;488;3169;1553;1616
7;401;3399;1655;1744
7;314;3397;1604;1793
7;227;3401;1585;1816
7;140;3360;1500;1860
7;53;3275;1530;1745
7;1533;3728;1721;2007
7;1446;3825;1771;2054
7;1359;4073;1929;2144
7;1272;4118;1944;2174
7;1185;4122;1964;2158
7;1098;4123;1951;2172
7;1011;3887;1809;2078
7;924;3682;1669;2013
7;837;3361;1566;1795
7;750;3246;1514;1732
7;663;3304;1551;1753
7;576;3109;1515;1594
7;489;3326;1603;1723
7;402;3328;1555;1773
7;315;3351;1560;1791
7;228;3333;1490;1843
7;141;3230;1509;1721
7;54;3019;1366;1653
7;1534;3787;1750;2037
7;1447;4006;1895;2111
7;1360;4062;1903;2159
7;1273;4081;1934;2147
7;1186;4093;1931;2162
7;1099;3828;1766;2062
7;1012;3627;1631;1996
7;925;3442;1590;1852
7;838;3185;1477;1708
7;751;3240;1514;1726
7;664;3040;1474;1566
7;577;3263;1558;1705
7;490;3261;1513;1748
7;403;3288;1530;1758
7;316;3280;1456;1824
7;229;3188;1479;1709
7;142;2944;1334;1610
7;55;3005;1398;1607
7;1535;3951;1860;2091
7;1448;3999;1860;2139
7;1361;4021;1893;2128
7;1274;4053;1904;2149
7;1187;3799;1739;2060
7;1100;3595;1615;1980
7;1013;3395;1558;1837
7;926;3219;1492;1727
7;839;3187;1486;1701
7;752;2978;1429;1549
7;665;3186;1509;1677
7;578;3199;1472;1727
7;491;3222;1492;1730
7;404;3223;1414;1809
7;317;3133;1440;1693
7;230;2903;1304;1599
7;143;2935;1365;1570
7;56;3323;1530;1793
7;1536;3955;1829;2126
7;1449;3962;1856;2106
7;1362;3991;1863;2128
7;1275;3767;1723;2044
7;1188;3541;1580;1961
7;1101;3359;1530;1829
7;1014;3184;1466;1718
7;927;3204;1499;1705
7;840;2924;1399;1525
7;753;3137;1484;1653
7;666;3130;1429;1701
7;579;3159;1445;1714
7;492;3161;1374;1787
7;405;3091;1413;1678
7;318;2864;1279;1585
7;231;2891;1342;1549
7;144;3228;1483;1745
7;57;3121;1454;1667
7;1537;3916;1827;2089
7;1450;3947;1835;2112
7;1363;3712;1694;2018
7;1276;3493;1550;1943
7;1189;3309;1502;1807
7;1102;3146;1436;1710
7;1015;3161;1465;1696
7;928;2926;1396;1530
7;841;3073;1441;1632
7;754;3086;1398;1688
7;667;3073;1399;1674
7;580;3109;1336;1773
7;493;3029;1370;1659
7;406;2818;1248;1570
7;319;2843;1309;1534
7;232;3177;1446;1731
7;145;3050;1415;1635
7;58;3704;1663;2041
7;1538;3882;1795;2087
7;1451;3666;1665;2001
7;1364;3435;1506;1929
7;1277;3259;1467;1792
7;1190;3117;1422;1695
7;1103;3116;1429;1687
7;1016;2879;1371;1508
7;929;3110;1444;1666
7;842;3014;1351;1663
7;755;3005;1343;1662
7;668;3029;1287;1742
7;581;2973;1340;1633
7;494;2775;1226;1549
7;407;2795;1280;1515
7;320;3111;1407;1704
7;233;2991;1377;1614
7;146;3598;1605;1993
7;59;3806;1674;2132
7;1539;3608;1628;1980
7;1452;3395;1485;1910
7;1365;3214;1430;1784
7;1278;3082;1395;1687
7;1191;3067;1398;1669
7;1104;2838;1342;1496
7;1017;3057;1410;1647
7;930;3050;1350;1700
7;843;2944;1305;1639
7;756;2959;1240;1719
7;669;2911;1290;1621
7;582;2721;1192;1529
7;495;2734;1242;1492
7;408;3045;1366;1679
7;321;2945;1351;1594
7;234;3531;1564;1967
7;147;3710;1618;2092
7;60;3784;1668;2116
7;1540;3353;1454;1899
7;1453;3165;1396;1769
7;1366;3054;1376;1678
7;1279;3039;1375;1664
7;1192;2794;1312;1482
7;1105;3010;1375;1635
7;1018;2993;1303;1690
7;931;2995;1314;1681
7;844;2910;1210;1700
7;757;2839;1235;1604
7;670;2662;1155;1507
7;583;2670;1198;1472
7;496;2954;1314;1640
7;409;2878;1313;1565
7;322;3449;1504;1945
7;235;3645;1584;2061
7;148;3738;1640;2098
7;61;3430;1545;1885
7;1541;3116;1368;1748
7;1454;2998;1337;1661
7;1367;2992;1341;1651
7;1280;2749;1284;1465
7;1193;2962;1341;1621
7;1106;2929;1252;1677
7;1019;2951;1279;1672
7;932;2911;1191;1720
7;845;2787;1200;1587
7;758;2612;1124;1488
7;671;2612;1165;1447
7;584;2907;1286;1621
7;497;2808;1261;1547
7;410;3382;1465;1917
7;323;3561;1532;2029
7;236;3679;1605;2074
7;149;3392;1519;1873
7;62;3346;1430;1916
7;1542;2952;1307;1645
7;1455;2930;1304;1626
7;1368;2703;1250;1453
7;1281;2902;1297;1605
7;1194;2881;1220;1661
7;1107;2891;1238;1653
7;1020;2856;1157;1699
7;933;2778;1190;1588
7;846;2548;1079;1469
7;759;2565;1133;1432
7;672;2843;1248;1595
7;585;2750;1218;1532
7;498;3301;1409;1892
7;411;3505;1496;2009
7;324;3608;1561;2047
7;237;3359;1501;1858
7;150;3317;1409;1908
7;63;3304;1378;1926
7;1543;2884;1274;1610
7;1456;2665;1222;1443
7;1369;2847;1262;1585
7;1282;2825;1185;1640
7;1195;2841;1213;1628
7;1108;2798;1121;1677
7;1021;2737;1164;1573
7;934;2529;1055;1474
7;847;2505;1089;1416
7;760;2744;1184;1560
7;673;2659;1169;1490
7;586;3215;1350;1865
7;499;3425;1449;1976
7;412;3539;1513;2026
7;325;3314;1466;1848
7;238;3285;1388;1897
7;151;3277;1363;1914
7;64;3299;1330;1969
7;1544;2614;1183;1431
7;1457;2780;1216;1564
7;1370;2769;1143;1626
7;1283;2782;1173;1609
7;1196;2755;1083;1672
7;1109;2701;1141;1560
7;1022;2461;1003;1458
7;935;2462;1033;1429
7;848;2653;1121;1532
7;761;2598;1124;1474
7;674;3117;1287;1830
7;587;3334;1390;1944
7;500;3441;1454;1987
7;413;3233;1421;1812
7;326;3217;1342;1875
7;239;3229;1335;1894
7;152;3255;1302;1953
7;65;3459;1450;2009
7;1545;2722;1178;1544
7;1458;2688;1093;1595
7;1371;2714;1132;1582
7;1284;2695;1043;1652
7;1197;2649;1100;1549
7;1110;2403;967;1436
7;1023;2407;994;1413
7;936;2646;1095;1551
7;849;2526;1076;1450
7;762;3023;1226;1797
7;675;3245;1335;1910
7;588;3349;1388;1961
7;501;3142;1355;1787
7;414;3136;1289;1847
7;327;3184;1303;1881
7;240;3229;1287;1942
7;153;3418;1423;1995
7;66;3059;1254;1805
7;1546;2613;1049;1564
7;1459;2652;1092;1560
7;1372;2634;1006;1628
7;1285;2594;1065;1529
7;1198;2363;942;1421
7;1111;2354;954;1400
7;1024;2583;1055;1528
7;937;2508;1060;1448
7;850;2932;1170;1762
7;763;3156;1270;1886
7;676;3269;1334;1935
7;589;3041;1299;1742
7;502;3053;1230;1823
7;415;3114;1250;1864
7;328;3174;1243;1931
7;241;3376;1393;1983
7;154;3001;1217;1784
7;67;3167;1270;1897
7;1547;2588;1050;1538
7;1460;2563;958;1605
7;1373;2551;1032;1519
7;1286;2307;910;1397
7;1199;2288;912;1376
7;1112;2518;1004;1514
7;1025;2433;1004;1429
7;938;2966;1163;1803
7;851;3084;1226;1858
7;764;3156;1264;1892
7;677;2932;1230;1702
7;590;2971;1180;1791
7;503;3023;1189;1834
7;416;3094;1192;1902
7;329;3302;1332;1970
7;242;2984;1199;1785
7;155;3114;1242;1872
7;68;3052;1215;1837
7;1548;2487;908;1579
7;1461;2478;984;1494
7;1374;2258;882;1376
7;1287;2223;870;1353
7;1200;2455;966;1489
7;1113;2375;965;1410
7;1026;2892;1116;1776
7;939;3076;1203;1873
7;852;3053;1193;1860
7;765;2832;1162;1670
7;678;2901;1137;1764
7;591;2943;1140;1803
7;504;3007;1140;1867
7;417;3213;1277;1936
7;330;2905;1137;1768
7;243;3041;1182;1859
7;156;3008;1187;1821
7;69;3109;1185;1924
7;1549;2422;943;1479
7;1462;2208;855;1353
7;1375;2172;841;1331
7;1288;2378;924;1454
7;1201;2300;919;1381
7;1114;2809;1070;1739
7;1027;2996;1151;1845
7;940;3004;1152;1852
7;853;2737;1103;1634
7;766;2811;1085;1726
7;679;2853;1093;1760
7;592;2942;1102;1840
7;505;3120;1221;1899
7;418;2819;1088;1731
7;331;2980;1131;1849
7;244;2941;1142;1799
7;157;3038;1138;1900
7;70;2760;1037;1723
7;1550;2145;818;1327
7;1463;2109;807;1302
7;1376;2308;882;1426
7;1289;2242;886;1356
7;1202;2727;1017;1710
7;1115;2900;1096;1804
7;1028;2926;1106;1820
7;941;2665;1053;1612
7;854;2727;1026;1701
7;767;2765;1036;1729
7;680;2851;1052;1799
7;593;3020;1160;1860
7;506;2727;1026;1701
7;419;2903;1097;1806
7;332;2845;1090;1755
7;245;2980;1099;1881
7;158;2717;1015;1702
7;71;2784;1027;1757
7;1551;2031;750;1281
7;1464;2245;842;1403
7;1377;2181;845;1336
7;1290;2650;973;1677
7;1203;2820;1048;1772
7;1116;2831;1046;1785
7;1029;2587;1005;1582
7;942;2661;978;1683
7;855;2681;990;1691
7;768;2748;991;1757
7;681;2921;1104;1817
7;594;2646;980;1666
7;507;2802;1039;1763
7;420;2747;1040;1707
7;333;2908;1048;1860
7;246;2621;949;1672
7;159;2723;986;1737
7;72;2665;985;1680
7;1552;2169;793;1376
7;1465;2119;808;1311
7;1378;2567;918;1649
7;1291;2733;987;1746
7;1204;2746;995;1751
7;1117;2498;955;1543
7;1030;2575;921;1654
7;943;2597;928;1669
7;856;2658;946;1712
7;769;2808;1033;1775
7;682;2569;940;1629
7;595;2708;980;1728
7;508;2657;985;1672
7;421;2806;987;1819
7;334;2537;895;1642
7;247;2652;944;1708
7;160;2598;952;1646
7;73;2709;981;1728
7;1553;2050;770;1280
7;1466;2476;864;1612
7;1379;2634;935;1699
7;1292;2671;954;1717
7;1205;2417;901;1516
7;1118;2492;867;1625
7;1031;2518;883;1635
7;944;2538;868;1670
7;857;2715;979;1736
7;770;2455;877;1578
7;683;2627;932;1695
7;596;2546;921;1625
7;509;2695;925;1770
7;422;2452;853;1599
7;335;2575;897;1678
7;248;2521;901;1620
7;161;2647;948;1699
7;74;2480;886;1594
7;1554;2379;813;1566
7;1467;2523;864;1659
7;1380;2565;893;1672
7;1293;2331;843;1488
7;1206;2409;827;1582
7;1119;2440;834;1606
7;1032;2426;797;1629
7;945;2635;932;1703
7;858;2351;815;1536
7;771;2531;884;1647
7;684;2442;867;1575
7;597;2604;870;1734
7;510;2342;795;1547
7;423;2472;848;1624
7;336;2424;859;1565
7;249;2560;884;1676
7;162;2401;850;1551
7;75;2258;666;1592
7;1555;2432;807;1625
7;1468;2454;830;1624
7;1381;2254;802;1452
7;1294;2329;779;1550
7;1207;2348;779;1569
7;1120;2333;748;1585
7;1033;2542;882;1660
7;946;2268;768;1500
7;859;2417;817;1600
7;772;2343;816;1527
7;685;2507;810;1697
7;598;2245;752;1493
7;511;2354;772;1582
7;424;2325;811;1514
7;337;2450;825;1625
7;250;2291;796;1495
7;163;2180;625;1555
7;76;2147;607;1540
7;1556;2373;778;1595
7;1469;2153;741;1412
7;1382;2228;717;1511
7;1295;2268;736;1532
7;1208;2251;710;1541
7;1121;2430;830;1600
7;1034;2180;727;1453
7;947;2326;779;1547
7;860;2233;756;1477
7;773;2406;752;1654
7;686;2118;694;1424
7;599;2241;719;1522
7;512;2216;761;1455
7;425;2337;773;1564
7;338;2184;746;1438
7;251;2092;584;1508
7;164;2064;567;1497
7;77;2004;585;1419
7;1557;2062;695;1367
7;1470;2137;669;1468
7;1383;2158;686;1472
7;1296;2167;672;1495
7;1209;2334;778;1556
7;1122;2086;683;1403
7;1035;2205;719;1486
7;948;2167;725;1442
7;861;2284;699;1585
7;774;2024;648;1376
7;687;2119;663;1456
7;600;2107;711;1396
7;513;2220;719;1501
7;426;2056;682;1374
7;339;1998;544;1454
7;252;1989;528;1461
7;165;1929;553;1376
7;78;1995;592;1403
7;1558;2033;625;1408
7;1471;2053;641;1412
7;1384;2064;616;1448
7;1297;2242;734;1508
7;1210;1995;634;1361
7;1123;2113;673;1440
7;1036;2059;661;1398
7;949;2155;642;1513
7;862;1917;596;1321
7;775;2005;617;1388
7;688;1997;659;1338
7;601;2082;657;1425
7;514;1942;627;1315
7;427;1898;514;1384
7;340;1875;470;1405
7;253;1823;511;1312
7;166;1913;570;1343
7;79;1763;505;1258
7;1559;1960;598;1362
7;1472;1944;574;1370
7;1385;2136;683;1453
7;1298;1878;587;1291
7;1211;1997;620;1377
7;1124;1955;606;1349
7;1037;2022;587;1435
7;950;1819;551;1268
7;863;1888;564;1324
7;776;1868;602;1266
7;689;1956;599;1357
7;602;1837;588;1249
7;515;1786;472;1314
7;428;1741;422;1319
7;341;1713;474;1239
7;254;1805;515;1290
7;167;1676;472;1204
7;80;1582;470;1112
7;1560;1850;533;1317
7;1473;2008;627;1381
7;1386;1764;535;1229
7;1299;1885;570;1315
7;1212;1840;555;1285
7;1125;1915;550;1365
7;1038;1704;503;1201
7;951;1780;522;1258
7;864;1747;561;1186
7;777;1837;539;1298
7;690;1709;521;1188
7;603;1661;426;1235
7;516;1637;383;1254
7;429;1597;437;1160
7;342;1694;464;1230
7;255;1564;414;1150
7;168;1503;445;1058
7;81;1348;375;973
7;1561;1861;556;1305
7;1474;1663;490;1173
7;1387;1768;527;1241
7;1300;1752;522;1230
7;1213;1800;513;1287
7;1126;1597;469;1128
7;1039;1656;474;1182
7;952;1622;492;1130
7;865;1702;478;1224
7;778;1571;470;1101
7;691;1550;386;1164
7;604;1525;355;1170
7;517;1479;391;1088
7;430;1565;419;1146
7;343;1450;366;1084
7;256;1390;397;993
7;169;1223;332;891
7;82;908;247;661
7;1562;1547;435;1112
7;1475;1657;482;1175
7;1388;1613;464;1149
7;1301;1674;460;1214
7;1214;1479;426;1053
7;1127;1526;425;1101
7;1040;1519;444;1075
7;953;1578;446;1132
7;866;1432;416;1016
7;779;1434;358;1076
7;692;1396;306;1090
7;605;1353;350;1003
7;518;1448;372;1076
7;431;1309;318;991
7;344;1292;363;929
7;257;1122;291;831
7;170;833;222;611
7;83;670;159;511
7;1563;1526;435;1091
7;1476;1492;418;1074
7;1389;1547;415;1132
7;1302;1355;377;978
7;1215;1406;379;1027
7;1128;1391;395;996
7;1041;1446;387;1059
7;954;1307;374;933
7;867;1311;317;994
7;780;1268;267;1001
7;693;1219;308;911
7;606;1322;339;983
7;519;1198;291;907
7;432;1184;325;859
7;345;1025;262;763
7;258;757;193;564
7;171;605;144;461
7;84;639;174;465
7;1564;1367;374;993
7;1477;1431;385;1046
7;1390;1232;336;896
7;1303;1304;339;965
7;1216;1257;349;908
7;1129;1310;330;980
7;1042;1188;331;857
7;955;1172;275;897
7;868;1154;232;922
7;781;1107;266;841
7;694;1194;298;896
7;607;1085;253;832
7;520;1075;289;786
7;433;921;233;688
7;346;687;171;516
7;259;550;126;424
7;172;585;158;427
7;85;635;181;454
7;1565;6446;1522;4924
7;1478;6184;1426;4758
7;1391;6125;1379;4746
7;1304;5972;1345;4627
7;1217;5748;1267;4481
7;1130;5484;1209;4275
7;1043;5257;1127;4130
7;956;5006;1097;3909
7;869;4899;1116;3783
7;782;4626;1084;3542
7;695;4344;998;3346
7;608;4048;944;3104
7;521;3702;866;2836
7;434;3585;845;2740
7;347;3714;888;2826
7;260;3868;988;2880
7;173;4013;1031;2982
7;86;4113;1020;3093
7;1566;218726;100267;118459
7;1479;225033;103277;121756
7;1392;231001;105939;125062
7;1305;235394;108063;127331
7;1218;238748;109605;129143
7;1131;242340;111157;131183
7;1044;246298;113057;133241
7;957;251401;115537;135864
7;870;259374;119218;140156
7;783;264319;121778;142541
7;696;268815;123947;144868
7;609;273701;126341;147360
7;522;278262;128780;149482
7;435;284918;132342;152576
7;348;290097;134825;155272
7;261;294182;136801;157381
7;174;296871;138121;158750
7;87;300305;139877;160428
8;1480;2505;1276;1229
8;1393;2686;1382;1304
8;1306;2757;1417;1340
8;1219;2711;1380;1331
8;1132;2754;1384;1370
8;1045;2755;1438;1317
8;958;2786;1460;1326
8;871;2639;1350;1289
8;784;2955;1523;1432
8;697;2965;1538;1427
8;610;2908;1418;1490
8;523;2811;1414;1397
8;436;2861;1406;1455
8;349;3094;1537;1557
8;262;3134;1623;1511
8;175;3130;1611;1519
8;88;3275;1671;1604
8;1;3539;1841;1698
8;1481;2681;1377;1304
8;1394;2678;1375;1303
8;1307;2715;1387;1328
8;1220;2739;1384;1355
8;1133;2751;1431;1320
8;1046;2780;1453;1327
8;959;2637;1344;1293
8;872;2828;1489;1339
8;785;2890;1502;1388
8;698;2855;1388;1467
8;611;2756;1382;1374
8;524;2814;1383;1431
8;437;3023;1491;1532
8;350;3077;1586;1491
8;263;3098;1596;1502
8;176;3247;1653;1594
8;89;3519;1833;1686
8;2;3853;1988;1865
8;1482;2643;1364;1279
8;1395;2653;1354;1299
8;1308;2710;1369;1341
8;1221;2718;1417;1301
8;1134;2755;1443;1312
8;1047;2616;1338;1278
8;960;2764;1451;1313
8;873;2782;1447;1335
8;786;2794;1344;1450
8;699;2714;1363;1351
8;612;2768;1359;1409
8;525;2985;1478;1507
8;438;3013;1545;1468
8;351;3070;1585;1485
8;264;3210;1632;1578
8;177;3499;1814;1685
8;90;3828;1969;1859
8;3;3975;2092;1883
8;1483;2615;1331;1284
8;1396;2645;1330;1315
8;1309;2691;1410;1281
8;1222;2756;1438;1318
8;1135;2577;1314;1263
8;1048;2688;1413;1275
8;961;2714;1402;1312
8;874;2581;1261;1320
8;787;2636;1322;1314
8;700;2719;1338;1381
8;613;2933;1453;1480
8;526;2976;1521;1455
8;439;3006;1552;1454
8;352;3178;1622;1556
8;265;3462;1788;1674
8;178;3799;1950;1849
8;91;3942;2071;1871
8;4;4135;2062;2073
8;1484;2604;1307;1297
8;1397;2624;1376;1248
8;1310;2721;1423;1298
8;1223;2563;1302;1261
8;1136;2651;1396;1255
8;1049;2658;1380;1278
8;962;2521;1247;1274
8;875;2529;1277;1252
8;788;2671;1313;1358
8;701;2896;1432;1464
8;614;2931;1498;1433
8;527;2962;1533;1429
8;440;3111;1586;1525
8;353;3426;1767;1659
8;266;3770;1933;1837
8;179;3927;2070;1857
8;92;4124;2053;2071
8;5;4328;2299;2029
8;1485;2593;1351;1242
8;1398;2676;1407;1269
8;1311;2530;1277;1253
8;1224;2613;1370;1243
8;1137;2671;1393;1278
8;1050;2467;1229;1238
8;963;2495;1252;1243
8;876;2568;1273;1295
8;789;2837;1408;1429
8;702;2884;1474;1410
8;615;2905;1500;1405
8;528;3082;1566;1516
8;441;3379;1738;1641
8;354;3719;1910;1809
8;267;3907;2056;1851
8;180;4112;2043;2069
8;93;4286;2276;2010
8;6;4392;2214;2178
8;1486;2633;1382;1251
8;1399;2498;1267;1231
8;1312;2561;1342;1219
8;1225;2650;1372;1278
8;1138;2422;1203;1219
8;1051;2468;1230;1238
8;964;2509;1246;1263
8;877;2770;1371;1399
8;790;2842;1467;1375
8;703;2863;1486;1377
8;616;3014;1527;1487
8;529;3347;1715;1632
8;442;3653;1879;1774
8;355;3875;2040;1835
8;268;4071;2019;2052
8;181;4260;2263;1997
8;94;4370;2197;2173
8;7;4588;2352;2236
8;1487;2468;1250;1218
8;1400;2506;1308;1198
8;1313;2603;1350;1253
8;1226;2390;1184;1206
8;1139;2439;1204;1235
8;1052;2469;1227;1242
8;965;2702;1341;1361
8;878;2810;1474;1336
8;791;2817;1465;1352
8;704;2986;1512;1474
8;617;3295;1692;1603
8;530;3586;1842;1744
8;443;3822;2006;1816
8;356;4039;2012;2027
8;269;4236;2247;1989
8;182;4353;2192;2161
8;95;4562;2331;2231
8;8;5324;2723;2601
8;1488;2464;1292;1172
8;1401;2554;1326;1228
8;1314;2339;1155;1184
8;1227;2420;1197;1223
8;1140;2448;1216;1232
8;1053;2684;1333;1351
8;966;2768;1439;1329
8;879;2766;1463;1303
8;792;2939;1488;1451
8;705;3272;1679;1593
8;618;3526;1809;1717
8;531;3782;1978;1804
8;444;3989;1986;2003
8;357;4197;2226;1971
8;270;4328;2179;2149
8;183;4547;2319;2228
8;96;5281;2703;2578
8;9;6150;3073;3077
8;1489;2516;1305;1211
8;1402;2307;1132;1175
8;1315;2383;1175;1208
8;1228;2414;1196;1218
8;1141;2656;1320;1336
8;1054;2740;1426;1314
8;967;2721;1434;1287
8;880;2930;1474;1456
8;793;3221;1659;1562
8;706;3494;1788;1706
8;619;3743;1963;1780
8;532;3927;1955;1972
8;445;4148;2206;1942
8;358;4300;2161;2139
8;271;4517;2308;2209
8;184;5264;2690;2574
8;97;6093;3030;3063
8;10;6012;3116;2896
8;1490;2279;1116;1163
8;1403;2341;1161;1180
8;1316;2387;1178;1209
8;1229;2620;1297;1323
8;1142;2709;1411;1298
8;1055;2692;1420;1272
8;968;2867;1444;1423
8;881;3148;1625;1523
8;794;3455;1767;1688
8;707;3701;1942;1759
8;620;3894;1936;1958
8;533;4113;2183;1930
8;446;4251;2144;2107
8;359;4484;2292;2192
8;272;5234;2668;2566
8;185;6052;3021;3031
8;98;5963;3091;2872
8;11;6007;3032;2975
8;1491;2309;1140;1169
8;1404;2336;1145;1191
8;1317;2583;1279;1304
8;1230;2676;1390;1286
8;1143;2637;1386;1251
8;1056;2838;1435;1403
8;969;3098;1602;1496
8;882;3439;1765;1674
8;795;3655;1915;1740
8;708;3856;1913;1943
8;621;4078;2161;1917
8;534;4208;2128;2080
8;447;4430;2262;2168
8;360;5200;2643;2557
8;273;5989;2998;2991
8;186;5914;3067;2847
8;99;5948;2991;2957
8;12;5929;2972;2957
8;1492;2317;1133;1184
8;1405;2531;1256;1275
8;1318;2647;1374;1273
8;1231;2614;1374;1240
8;1144;2808;1418;1390
8;1057;3063;1588;1475
8;970;3389;1741;1648
8;883;3616;1904;1712
8;796;3815;1886;1929
8;709;4051;2147;1904
8;622;4177;2115;2062
8;535;4383;2243;2140
8;448;5134;2617;2517
8;361;5926;2961;2965
8;274;5828;3015;2813
8;187;5857;2937;2920
8;100;5842;2921;2921
8;13;5896;3031;2865
8;1493;2508;1243;1265
8;1406;2614;1359;1255
8;1319;2579;1354;1225
8;1232;2783;1406;1377
8;1145;3037;1574;1463
8;1058;3352;1727;1625
8;971;3584;1886;1698
8;884;3761;1876;1885
8;797;4010;2121;1889
8;710;4139;2098;2041
8;623;4338;2208;2130
8;536;5085;2590;2495
8;449;5780;2887;2893
8;362;5772;2984;2788
8;275;5769;2901;2868
8;188;5744;2872;2872
8;101;5785;2959;2826
8;14;6245;3131;3114
8;1494;2583;1342;1241
8;1407;2538;1328;1210
8;1320;2744;1384;1360
8;1233;3001;1554;1447
8;1146;3335;1716;1619
8;1059;3552;1870;1682
8;972;3707;1852;1855
8;885;3990;2104;1886
8;798;4093;2074;2019
8;711;4316;2198;2118
8;624;5041;2562;2479
8;537;5714;2854;2860
8;450;5668;2929;2739
8;363;5680;2858;2822
8;276;5630;2821;2809
8;189;5698;2895;2803
8;102;6158;3075;3083
8;15;6373;3362;3011
8;1495;2505;1309;1196
8;1408;2709;1371;1338
8;1321;2960;1530;1430
8;1234;3297;1693;1604
8;1147;3542;1869;1673
8;1060;3667;1838;1829
8;973;3943;2076;1867
8;886;4082;2084;1998
8;799;4268;2174;2094
8;712;5008;2544;2464
8;625;5649;2818;2831
8;538;5623;2909;2714
8;451;5512;2774;2738
8;364;5534;2763;2771
8;277;5594;2854;2740
8;190;6040;3008;3032
8;103;6278;3292;2986
8;16;6314;3106;3208
8;1496;2691;1362;1329
8;1409;2928;1517;1411
8;1322;3265;1674;1591
8;1235;3521;1853;1668
8;1148;3628;1817;1811
8;1061;3912;2061;1851
8;974;4045;2067;1978
8;887;4241;2179;2062
8;800;4950;2519;2431
8;713;5613;2797;2816
8;626;5552;2869;2683
8;539;5421;2734;2687
8;452;5340;2655;2685
8;365;5495;2799;2696
8;278;5923;2954;2969
8;191;6167;3232;2935
8;104;6233;3061;3172
8;17;6261;3189;3072
8;1497;2887;1498;1389
8;1410;3235;1657;1578
8;1323;3478;1824;1654
8;1236;3602;1808;1794
8;1149;3884;2057;1827
8;1062;4004;2044;1960
8;975;4200;2163;2037
8;888;4946;2522;2424
8;801;5561;2761;2800
8;714;5509;2846;2663
8;627;5346;2698;2648
8;540;5251;2608;2643
8;453;5336;2707;2629
8;366;5787;2883;2904
8;279;6049;3178;2871
8;192;6125;3002;3123
8;105;6165;3126;3039
8;18;6027;3094;2933
8;1498;3165;1619;1546
8;1411;3412;1785;1627
8;1324;3532;1777;1755
8;1237;3841;2031;1810
8;1150;3940;2019;1921
8;1063;4148;2138;2010
8;976;4867;2482;2385
8;889;5373;2699;2674
8;802;5421;2799;2622
8;715;5277;2660;2617
8;628;5152;2563;2589
8;541;5222;2651;2571
8;454;5568;2759;2809
8;367;5884;3079;2805
8;280;5977;2936;3041
8;193;6076;3079;2997
8;106;5918;3033;2885
8;19;5226;2678;2548
8;1499;3185;1670;1515
8;1412;3383;1713;1670
8;1325;3692;1953;1739
8;1238;3782;1949;1833
8;1151;3985;2072;1913
8;1064;4662;2398;2264
8;977;5100;2577;2523
8;890;4705;2505;2200
8;803;5155;2590;2565
8;716;5086;2531;2555
8;629;5101;2586;2515
8;542;5425;2689;2736
8;455;5563;2896;2667
8;368;5794;2846;2948
8;281;5917;3004;2913
8;194;5832;2986;2846
8;107;5084;2595;2489
8;20;4778;2458;2320
8;1500;3181;1618;1563
8;1413;3567;1879;1688
8;1326;3663;1880;1783
8;1239;3879;2021;1858
8;1152;4565;2339;2226
8;1065;4968;2531;2437
8;978;4516;2402;2114
8;891;4315;2195;2120
8;804;4936;2458;2478
8;717;5015;2536;2479
8;630;5289;2627;2662
8;543;5396;2800;2596
8;456;5475;2686;2789
8;369;5739;2918;2821
8;282;5702;2917;2785
8;195;5005;2560;2445
8;108;4686;2400;2286
8;21;4724;2439;2285
8;1501;3357;1781;1576
8;1414;3517;1804;1713
8;1327;3752;1943;1809
8;1240;4452;2274;2178
8;1153;4832;2455;2377
8;1066;4397;2345;2052
8;979;4136;2106;2030
8;892;4061;2041;2020
8;805;4835;2462;2373
8;718;5164;2563;2601
8;631;5238;2730;2508
8;544;5296;2583;2713
8;457;5383;2734;2649
8;370;5490;2815;2675
8;283;4865;2491;2374
8;196;4608;2364;2244
8;109;4617;2375;2242
8;22;4603;2378;2225
8;1502;3293;1684;1609
8;1415;3574;1860;1714
8;1328;4274;2167;2107
8;1241;4651;2365;2286
8;1154;4266;2303;1963
8;1067;3963;2032;1931
8;980;3825;1924;1901
8;893;3990;2116;1874
8;806;4961;2461;2500
8;719;5124;2680;2444
8;632;5117;2500;2617
8;545;5197;2632;2565
8;458;5178;2670;2508
8;371;4681;2411;2270
8;284;4468;2298;2170
8;197;4556;2348;2208
8;110;4508;2328;2180
8;23;4553;2334;2219
8;1503;3307;1738;1569
8;1416;4079;2081;1998
8;1329;4459;2278;2181
8;1242;4078;2217;1861
8;1155;3771;1956;1815
8;1068;3611;1867;1744
8;981;3675;1961;1714
8;894;3946;2028;1918
8;807;4890;2559;2331
8;720;4963;2438;2525
8;633;5044;2560;2484
8;546;4989;2563;2426
8;459;4421;2267;2154
8;372;4322;2234;2088
8;285;4425;2263;2162
8;198;4440;2293;2147
8;111;4461;2294;2167
8;24;4556;2287;2269
8;1504;3760;1927;1833
8;1417;4193;2169;2024
8;1330;3836;2074;1762
8;1243;3616;1899;1717
8;1156;3437;1794;1643
8;1069;3492;1890;1602
8;982;3669;1901;1768
8;895;3792;2052;1740
8;808;4713;2327;2386
8;721;4852;2475;2377
8;634;4846;2483;2363
8;547;4271;2178;2093
8;460;4055;2104;1951
8;373;4262;2179;2083
8;286;4330;2239;2091
8;199;4407;2263;2144
8;112;4466;2228;2238
8;25;4668;2389;2279
8;1505;3878;2020;1858
8;1418;3610;1978;1632
8;1331;3435;1794;1641
8;1244;3326;1739;1587
8;1157;3364;1838;1526
8;1070;3533;1831;1702
8;983;3476;1882;1594
8;896;3627;1856;1771
8;809;4621;2371;2250
8;722;4661;2408;2253
8;635;4104;2102;2002
8;548;3851;1996;1855
8;461;3969;2033;1936
8;374;4069;2125;1944
8;287;4203;2171;2032
8;200;4427;2213;2214
8;113;4604;2357;2247
8;26;4758;2378;2380
8;1506;3334;1873;1461
8;1419;3196;1676;1520
8;1332;3108;1609;1499
8;1245;3256;1788;1468
8;1158;3368;1758;1610
8;1071;3218;1751;1467
8;984;3270;1691;1579
8;897;3461;1808;1653
8;810;4354;2252;2102
8;723;3915;2026;1889
8;636;3661;1908;1753
8;549;3818;1947;1871
8;462;3862;2012;1850
8;375;4038;2078;1960
8;288;4268;2119;2149
8;201;4527;2325;2202
8;114;4656;2317;2339
8;27;4712;2346;2366
8;1507;2967;1582;1385
8;1420;2915;1529;1386
8;1333;3096;1719;1377
8;1246;3266;1707;1559
8;1159;3056;1663;1393
8;1072;3069;1578;1491
8;985;3200;1662;1538
8;898;3325;1718;1607
8;811;3690;1908;1782
8;724;3506;1837;1669
8;637;3664;1879;1785
8;550;3747;1948;1799
8;463;3844;1978;1866
8;376;4107;2027;2080
8;289;4379;2242;2137
8;202;4590;2269;2321
8;115;4624;2275;2349
8;28;4888;2424;2464
8;1508;2720;1442;1278
8;1421;2899;1637;1262
8;1334;3167;1665;1502
8;1247;2992;1622;1370
8;1160;2970;1541;1429
8;1073;3062;1582;1480
8;986;3087;1591;1496
8;899;3086;1579;1507
8;812;3307;1743;1564
8;725;3499;1804;1695
8;638;3623;1872;1751
8;551;3777;1947;1830
8;464;3928;1930;1998
8;377;4254;2183;2071
8;290;4469;2203;2266
8;203;4555;2233;2322
8;116;4805;2353;2452
8;29;5148;2544;2604
8;1509;2764;1582;1182
8;1422;3019;1610;1409
8;1335;2847;1541;1306
8;1248;2877;1493;1384
8;1161;2932;1508;1424
8;1074;2910;1505;1405
8;987;2880;1477;1403
8;900;2986;1545;1441
8;813;3341;1719;1622
8;726;3501;1813;1688
8;639;3613;1865;1748
8;552;3832;1875;1957
8;465;4123;2111;2012
8;378;4348;2130;2218
8;291;4444;2183;2261
8;204;4721;2319;2402
8;117;5036;2475;2561
8;30;5366;2635;2731
8;1510;2891;1575;1316
8;1423;2684;1468;1216
8;1336;2788;1436;1352
8;1249;2829;1451;1378
8;1162;2837;1467;1370
8;1075;2771;1419;1352
8;988;2832;1452;1380
8;901;3129;1573;1556
8;814;3340;1725;1615
8;727;3503;1812;1691
8;640;3721;1817;1904
8;553;4038;2067;1971
8;466;4236;2074;2162
8;379;4314;2114;2200
8;292;4596;2239;2357
8;205;4975;2448;2527
8;118;5256;2578;2678
8;31;5431;2717;2714
8;1511;2623;1467;1156
8;1424;2640;1352;1288
8;1337;2721;1387;1334
8;1250;2779;1431;1348
8;1163;2685;1372;1313
8;1076;2748;1403;1345
8;989;2957;1473;1484
8;902;3159;1573;1586
8;815;3346;1720;1626
8;728;3610;1771;1839
8;641;3919;2001;1918
8;554;4138;2020;2118
8;467;4195;2058;2137
8;380;4456;2154;2302
8;293;4864;2386;2478
8;206;5172;2531;2641
8;119;5295;2647;2648
8;32;5217;2578;2639
8;1512;2546;1329;1217
8;1425;2594;1329;1265
8;1338;2680;1372;1308
8;1251;2632;1343;1289
8;1164;2691;1375;1316
8;1077;2887;1441;1446
8;990;3007;1498;1509
8;903;3113;1545;1568
8;816;3453;1700;1753
8;729;3809;1942;1867
8;642;4063;1987;2076
8;555;4126;2009;2117
8;468;4330;2085;2245
8;381;4721;2299;2422
8;294;5064;2474;2590
8;207;5259;2628;2631
8;120;5112;2512;2600
8;33;5455;2690;2765
8;1513;2539;1338;1201
8;1426;2535;1307;1228
8;1339;2546;1286;1260
8;1252;2642;1348;1294
8;1165;2800;1393;1407
8;1078;2928;1458;1470
8;991;2992;1473;1519
8;904;3310;1586;1724
8;817;3692;1882;1810
8;730;3979;1946;2033
8;643;4048;1971;2077
8;556;4221;2031;2190
8;469;4562;2208;2354
8;382;4937;2407;2530
8;295;5176;2584;2592
8;208;5049;2479;2570
8;121;5367;2631;2736
8;34;5396;2672;2724
8;1514;2502;1312;1190
8;1427;2474;1260;1214
8;1340;2559;1303;1256
8;1253;2731;1338;1393
8;1166;2869;1442;1427
8;1079;2901;1419;1482
8;992;3195;1519;1676
8;905;3516;1735;1781
8;818;3855;1888;1967
8;731;3980;1936;2044
8;644;4150;1989;2161
8;557;4495;2158;2337
8;470;4775;2309;2466
8;383;5068;2531;2537
8;296;4941;2422;2519
8;209;5306;2595;2711
8;122;5296;2610;2686
8;35;5431;2714;2717
8;1515;2475;1294;1181
8;1428;2447;1250;1197
8;1341;2655;1298;1357
8;1254;2813;1413;1400
8;1167;2849;1395;1454
8;1080;3121;1493;1628
8;993;3393;1668;1725
8;906;3645;1751;1894
8;819;3844;1865;1979
8;732;4071;1947;2124
8;645;4395;2097;2298
8;558;4691;2267;2424
8;471;4902;2439;2463
8;384;4834;2362;2472
8;297;5200;2547;2653
8;210;5219;2575;2644
8;123;5333;2644;2689
8;36;5438;2673;2765
8;1516;2442;1274;1168
8;1429;2562;1245;1317
8;1342;2729;1365;1364
8;1255;2800;1376;1424
8;1168;3070;1473;1597
8;1081;3312;1629;1683
8;994;3527;1689;1838
8;907;3699;1765;1934
8;820;3951;1889;2062
8;733;4309;2057;2252
8;646;4616;2230;2386
8;559;4835;2410;2425
8;472;4695;2278;2417
8;385;5093;2508;2585
8;298;5135;2539;2596
8;211;5257;2612;2645
8;124;5360;2631;2729
8;37;5583;2714;2869
8;1517;2583;1296;1287
8;1430;2668;1342;1326
8;1343;2760;1343;1417
8;1256;3031;1448;1583
8;1169;3274;1601;1673
8;1082;3472;1654;1818
8;995;3612;1714;1898
8;908;3866;1844;2022
8;821;4189;1991;2198
8;734;4547;2186;2361
8;647;4724;2350;2374
8;560;4619;2244;2375
8;473;4957;2429;2528
8;386;5038;2474;2564
8;299;5158;2561;2597
8;212;5281;2584;2697
8;125;5483;2654;2829
8;38;5657;2801;2856
8;1518;2690;1385;1305
8;1431;2718;1327;1391
8;1344;2954;1411;1543
8;1257;3247;1587;1660
8;1170;3419;1623;1796
8;1083;3544;1675;1869
8;996;3790;1810;1980
8;909;4172;1963;2209
8;822;4415;2099;2316
8;735;4656;2314;2342
8;648;4528;2196;2332
8;561;4868;2390;2478
8;474;4902;2383;2519
8;387;5051;2498;2553
8;300;5188;2537;2651
8;213;5397;2606;2791
8;126;5537;2720;2817
8;39;5832;2831;3001
8;1519;2753;1378;1375
8;1432;2901;1390;1511
8;1345;3200;1553;1647
8;1258;3365;1590;1775
8;1171;3509;1652;1857
8;1084;3750;1786;1964
8;997;4079;1919;2160
8;910;4279;2003;2276
8;823;4557;2247;2310
8;736;4453;2151;2302
8;649;4782;2347;2435
8;562;4823;2348;2475
8;475;4923;2423;2500
8;388;5094;2493;2601
8;301;5288;2559;2729
8;214;5463;2680;2783
8;127;5714;2752;2962
8;40;6085;3028;3057
8;1520;2932;1440;1492
8;1433;3169;1558;1611
8;1346;3288;1543;1745
8;1259;3480;1640;1840
8;1172;3695;1753;1942
8;1085;4028;1895;2133
8;998;4197;1964;2233
8;911;4505;2190;2315
8;824;4358;2087;2271
8;737;4714;2311;2403
8;650;4728;2299;2429
8;563;4825;2360;2465
8;476;4956;2406;2550
8;389;5195;2506;2689
8;302;5353;2628;2725
8;215;5635;2711;2924
8;128;5964;2951;3013
8;41;6018;2845;3173
8;1521;3190;1610;1580
8;1434;3260;1547;1713
8;1347;3417;1605;1812
8;1260;3665;1744;1921
8;1173;3979;1875;2104
8;1086;4157;1954;2203
8;999;4409;2133;2276
8;912;4285;2051;2234
8;825;4600;2235;2365
8;738;4660;2260;2400
8;651;4752;2322;2430
8;564;4862;2361;2501
8;477;5066;2425;2641
8;390;5253;2567;2686
8;303;5525;2661;2864
8;216;5878;2899;2979
8;129;5949;2807;3142
8;42;5896;2891;3005
8;1522;3273;1594;1679
8;1435;3389;1599;1790
8;1348;3625;1735;1890
8;1261;3929;1847;2082
8;1174;4116;1937;2179
8;1087;4334;2089;2245
8;1000;4189;1997;2192
8;913;4602;2251;2351
8;826;4593;2213;2380
8;739;4690;2285;2405
8;652;4786;2320;2466
8;565;4978;2373;2605
8;478;5122;2491;2631
8;391;5418;2605;2813
8;304;5772;2852;2920
8;217;5879;2755;3124
8;130;5818;2851;2967
8;43;5813;2891;2922
8;1523;3405;1652;1753
8;1436;3608;1736;1872
8;1349;3879;1829;2050
8;1262;4101;1923;2178
8;1175;4279;2057;2222
8;1088;4166;1994;2172
8;1001;4517;2196;2321
8;914;4532;2196;2336
8;827;4603;2234;2369
8;740;4711;2287;2424
8;653;4876;2324;2552
8;566;5022;2433;2589
8;479;5277;2527;2750
8;392;5666;2789;2877
8;305;5785;2707;3078
8;218;5759;2820;2939
8;131;5758;2866;2892
8;44;5361;2614;2747
8;1524;3620;1785;1835
8;1437;3854;1835;2019
8;1350;4056;1911;2145
8;1263;4230;2028;2202
8;1176;4110;1966;2144
8;1089;4438;2159;2279
8;1002;4417;2135;2282
8;915;4576;2220;2356
8;828;4622;2229;2393
8;741;4817;2297;2520
8;654;4927;2374;2553
8;567;5166;2465;2701
8;480;5549;2710;2839
8;393;5710;2674;3036
8;306;5651;2751;2900
8;219;5713;2841;2872
8;132;5295;2588;2707
8;45;5020;2513;2507
8;1525;3883;1896;1987
8;1438;3983;1886;2097
8;1351;4168;2007;2161
8;1264;4051;1942;2109
8;1177;4371;2125;2246
8;1090;4339;2096;2243
8;1003;4465;2166;2299
8;916;4573;2213;2360
8;829;4704;2233;2471
8;742;4848;2337;2511
8;655;5059;2404;2655
8;568;5429;2642;2787
8;481;5588;2605;2983
8;394;5555;2709;2846
8;307;5634;2805;2829
8;220;5241;2556;2685
8;133;4907;2447;2460
8;46;4781;2315;2466
8;1526;3988;1927;2061
8;1439;4141;2008;2133
8;1352;4014;1919;2095
8;1265;4338;2109;2229
8;1178;4286;2067;2219
8;1091;4418;2139;2279
8;1004;4500;2178;2322
8;917;4706;2268;2438
8;830;4762;2283;2479
8;743;4980;2358;2622
8;656;5349;2601;2748
8;569;5492;2547;2945
8;482;5410;2621;2789
8;395;5555;2757;2798
8;308;5151;2512;2639
8;221;4868;2421;2447
8;134;4698;2265;2433
8;47;4637;2249;2388
8;1527;4157;2050;2107
8;1440;3988;1916;2072
8;1353;4289;2086;2203
8;1266;4260;2047;2213
8;1179;4381;2111;2270
8;1092;4455;2153;2302
8;1005;4636;2232;2404
8;918;4679;2241;2438
8;831;4892;2301;2591
8;744;5267;2539;2728
8;657;5407;2499;2908
8;570;5308;2564;2744
8;483;5464;2696;2768
8;396;5064;2454;2610
8;309;4787;2371;2416
8;222;4636;2229;2407
8;135;4612;2236;2376
8;48;4173;1966;2207
8;1528;3985;1948;2037
8;1441;4237;2067;2170
8;1354;4186;2018;2168
8;1267;4335;2090;2245
8;1180;4412;2131;2281
8;1093;4576;2197;2379
8;1006;4589;2190;2399
8;919;4882;2323;2559
8;832;5163;2473;2690
8;745;5314;2437;2877
8;658;5220;2508;2712
8;571;5369;2643;2726
8;484;4972;2401;2571
8;397;4672;2302;2370
8;310;4565;2183;2382
8;223;4569;2207;2362
8;136;4066;1905;2161
8;49;4329;2070;2259
8;1529;4223;2095;2128
8;1442;4137;1995;2142
8;1355;4298;2060;2238
8;1268;4355;2092;2263
8;1181;4549;2185;2364
8;1094;4539;2166;2373
8;1007;4824;2291;2533
8;920;5148;2467;2681
8;833;5231;2384;2847
8;746;5124;2455;2669
8;659;5282;2574;2708
8;572;4895;2357;2538
8;485;4565;2243;2322
8;398;4494;2138;2356
8;311;4501;2169;2332
8;224;4013;1870;2143
8;137;4233;2016;2217
8;50;4486;2153;2333
8;1530;4103;2000;2103
8;1443;4240;2028;2212
8;1356;4305;2062;2243
8;1269;4529;2177;2352
8;1182;4508;2155;2353
8;1095;4778;2270;2508
8;1008;5067;2420;2647
8;921;5198;2385;2813
8;834;5038;2400;2638
8;747;5202;2539;2663
8;660;4795;2294;2501
8;573;4463;2180;2283
8;486;4383;2074;2309
8;399;4444;2131;2313
8;312;3931;1823;2108
8;225;4185;1984;2201
8;138;4416;2098;2318
8;51;4436;2018;2418
8;1531;4210;2037;2173
8;1444;4266;2048;2218
8;1357;4483;2157;2326
8;1270;4468;2126;2342
8;1183;4718;2235;2483
8;1096;5027;2394;2633
8;1009;5095;2326;2769
8;922;4985;2386;2599
8;835;5100;2467;2633
8;748;4730;2253;2477
8;661;4376;2118;2258
8;574;4290;2015;2275
8;487;4335;2063;2272
8;400;3856;1779;2077
8;313;4116;1945;2171
8;226;4340;2056;2284
8;139;4346;1965;2381
8;52;4200;1960;2240
8;1532;4243;2058;2185
8;1445;4428;2135;2293
8;1358;4409;2088;2321
8;1271;4660;2204;2456
8;1184;4973;2349;2624
8;1097;5048;2297;2751
8;1010;4914;2338;2576
8;923;5041;2448;2593
8;836;4652;2207;2445
8;749;4296;2062;2234
8;662;4190;1960;2230
8;575;4253;2018;2235
8;488;3763;1725;2038
8;401;4014;1883;2131
8;314;4260;2011;2249
8;227;4289;1928;2361
8;140;4146;1920;2226
8;53;3842;1781;2061
8;1533;4388;2135;2253
8;1446;4354;2065;2289
8;1359;4586;2148;2438
8;1272;4911;2312;2599
8;1185;4974;2248;2726
8;1098;4849;2295;2554
8;1011;4960;2408;2552
8;924;4567;2131;2436
8;837;4198;2005;2193
8;750;4122;1919;2203
8;663;4170;1954;2216
8;576;3684;1678;2006
8;489;3904;1820;2084
8;402;4166;1957;2209
8;315;4215;1883;2332
8;228;4119;1910;2209
8;141;3779;1753;2026
8;54;3746;1723;2023
8;1534;4320;2063;2257
8;1447;4521;2106;2415
8;1360;4856;2280;2576
8;1273;4913;2216;2697
8;1186;4791;2263;2528
8;1099;4885;2355;2530
8;1012;4478;2074;2404
8;925;4191;2009;2182
8;838;4050;1871;2179
8;751;4105;1916;2189
8;664;3594;1612;1982
8;577;3821;1758;2063
8;490;4057;1890;2167
8;403;4128;1838;2290
8;316;4061;1874;2187
8;229;3726;1712;2014
8;142;3680;1693;1987
8;55;3575;1607;1968
8;1535;4463;2081;2382
8;1448;4797;2245;2552
8;1361;4861;2188;2673
8;1274;4714;2208;2506
8;1187;4828;2322;2506
8;1100;4425;2042;2383
8;1013;4108;1964;2144
8;926;4013;1837;2176
8;839;4010;1859;2151
8;752;3506;1563;1943
8;665;3738;1706;2032
8;578;3984;1854;2130
8;491;4039;1795;2244
8;404;3997;1830;2167
8;317;3670;1675;1995
8;230;3630;1657;1973
8;143;3485;1565;1920
8;56;4023;1780;2243
8;1536;4732;2226;2506
8;1449;4803;2149;2654
8;1362;4656;2170;2486
8;1275;4746;2279;2467
8;1188;4370;2010;2360
8;1101;4049;1928;2121
8;1014;3939;1794;2145
8;927;3939;1812;2127
8;840;3444;1519;1925
8;753;3655;1651;2004
8;666;3880;1794;2086
8;579;3949;1732;2217
8;492;3909;1773;2136
8;405;3594;1626;1968
8;318;3564;1625;1939
8;231;3430;1531;1899
8;144;3919;1723;2196
8;57;3356;1534;1822
8;1537;4746;2122;2624
8;1450;4574;2120;2454
8;1363;4670;2231;2439
8;1276;4327;1977;2350
8;1189;3990;1884;2106
8;1102;3887;1764;2123
8;1015;3874;1776;2098
8;928;3481;1547;1934
8;841;3577;1606;1971
8;754;3799;1734;2065
8;667;3848;1673;2175
8;580;3835;1718;2117
8;493;3517;1582;1935
8;406;3500;1582;1918
8;319;3370;1501;1869
8;232;3856;1683;2173
8;145;3275;1490;1785
8;58;3985;1771;2214
8;1538;4498;2072;2426
8;1451;4596;2190;2406
8;1364;4262;1935;2327
8;1277;3916;1831;2085
8;1190;3835;1735;2100
8;1103;3820;1739;2081
8;1016;3419;1502;1917
8;929;3585;1599;1986
8;842;3714;1687;2027
8;755;3773;1625;2148
8;668;3732;1645;2087
8;581;3451;1540;1911
8;494;3425;1532;1893
8;407;3307;1462;1845
8;320;3798;1643;2155
8;233;3199;1443;1756
8;146;3879;1717;2162
8;59;4467;1950;2517
8;1539;4532;2154;2378
8;1452;4175;1888;2287
8;1365;3869;1804;2065
8;1278;3758;1681;2077
8;1191;3750;1686;2064
8;1104;3370;1466;1904
8;1017;3523;1565;1958
8;930;3690;1687;2003
8;843;3691;1581;2110
8;756;3662;1609;2053
8;669;3364;1486;1878
8;582;3336;1469;1867
8;495;3231;1419;1812
8;408;3704;1590;2114
8;321;3132;1394;1738
8;234;3807;1666;2141
8;147;4358;1887;2471
8;60;4202;1825;2377
8;1540;4118;1844;2274
8;1453;3801;1759;2042
8;1366;3679;1631;2048
8;1279;3687;1649;2038
8;1192;3328;1435;1893
8;1105;3479;1530;1949
8;1018;3617;1635;1982
8;931;3722;1572;2150
8;844;3602;1567;2035
8;757;3288;1444;1844
8;670;3237;1403;1834
8;583;3140;1347;1793
8;496;3602;1533;2069
8;409;3060;1342;1718
8;322;3719;1609;2110
8;235;4264;1825;2439
8;148;4130;1774;2356
8;61;3760;1623;2137
8;1541;3732;1721;2011
8;1454;3613;1588;2025
8;1367;3622;1599;2023
8;1280;3296;1405;1891
8;1193;3421;1499;1922
8;1106;3564;1597;1967
8;1019;3628;1515;2113
8;932;3554;1530;2024
8;845;3197;1389;1808
8;758;3170;1357;1813
8;671;3069;1295;1774
8;584;3506;1474;2032
8;497;2972;1281;1691
8;410;3608;1540;2068
8;323;4154;1766;2388
8;236;4071;1740;2331
8;149;3705;1588;2117
8;62;3811;1600;2211
8;1542;3568;1554;2014
8;1455;3557;1556;2001
8;1368;3245;1375;1870
8;1281;3350;1454;1896
8;1194;3488;1548;1940
8;1107;3569;1466;2103
8;1020;3481;1475;2006
8;933;3190;1370;1820
8;846;3097;1306;1791
8;759;2996;1255;1741
8;672;3413;1410;2003
8;585;2901;1239;1662
8;498;3504;1468;2036
8;411;4058;1709;2349
8;324;4003;1702;2301
8;237;3652;1549;2103
8;150;3769;1569;2200
8;63;3853;1636;2217
8;1543;3513;1526;1987
8;1456;3185;1332;1853
8;1369;3274;1405;1869
8;1282;3434;1511;1923
8;1195;3497;1418;2079
8;1108;3417;1426;1991
8;1021;3124;1321;1803
8;934;3044;1261;1783
8;847;2923;1205;1718
8;760;3327;1353;1974
8;673;2814;1177;1637
8;586;3383;1393;1990
8;499;3944;1643;2301
8;412;3902;1637;2265
8;325;3595;1518;2077
8;238;3706;1529;2177
8;151;3803;1594;2209
8;64;3836;1551;2285
8;1544;3133;1298;1835
8;1457;3194;1348;1846
8;1370;3332;1442;1890
8;1283;3425;1377;2048
8;1196;3337;1370;1967
8;1109;3058;1276;1782
8;1022;2984;1222;1762
8;935;2920;1190;1730
8;848;3230;1290;1940
8;761;2744;1132;1612
8;674;3279;1330;1949
8;587;3846;1580;2266
8;500;3786;1573;2213
8;413;3488;1458;2030
8;326;3652;1484;2168
8;239;3757;1567;2190
8;152;3784;1512;2272
8;65;3952;1589;2363
8;1545;3134;1305;1829
8;1458;3263;1401;1862
8;1371;3354;1333;2021
8;1284;3279;1333;1946
8;1197;2983;1222;1761
8;1110;2914;1178;1736
8;1023;2881;1169;1712
8;936;3242;1262;1980
8;849;2670;1089;1581
8;762;3189;1269;1920
8;675;3752;1526;2226
8;588;3680;1510;2170
8;501;3393;1401;1992
8;414;3547;1422;2125
8;327;3710;1518;2192
8;240;3752;1485;2267
8;153;3887;1557;2330
8;66;3731;1459;2272
8;1546;3189;1352;1837
8;1459;3281;1279;2002
8;1372;3212;1304;1908
8;1285;2904;1166;1738
8;1198;2845;1136;1709
8;1111;2798;1124;1674
8;1024;3162;1219;1943
8;937;2648;1061;1587
8;850;3123;1231;1892
8;763;3650;1461;2189
8;676;3573;1437;2136
8;589;3283;1326;1957
8;502;3451;1363;2088
8;415;3605;1461;2144
8;328;3681;1429;2252
8;241;3839;1516;2323
8;154;3679;1432;2247
8;67;3576;1348;2228
8;1547;3205;1232;1973
8;1460;3139;1260;1879
8;1373;2818;1123;1695
8;1286;2778;1092;1686
8;1199;2713;1078;1635
8;1112;3077;1158;1919
8;1025;2597;1021;1576
8;938;3135;1225;1910
8;851;3549;1394;2155
8;764;3490;1386;2104
8;677;3171;1252;1919
8;590;3336;1299;2037
8;503;3482;1397;2085
8;416;3587;1381;2206
8;329;3770;1454;2316
8;242;3619;1395;2224
8;155;3508;1324;2184
8;68;3659;1460;2199
8;1548;3067;1212;1855
8;1461;2732;1067;1665
8;1374;2704;1041;1663
8;1287;2641;1022;1619
8;1200;3012;1125;1887
8;1113;2524;966;1558
8;1026;3046;1177;1869
8;939;3548;1393;2155
8;852;3373;1308;2065
8;765;3082;1197;1885
8;678;3217;1235;1982
8;591;3361;1322;2039
8;504;3475;1317;2158
8;417;3687;1401;2286
8;330;3529;1339;2190
8;243;3410;1251;2159
8;156;3592;1417;2175
8;69;3566;1360;2206
8;1549;2649;1023;1626
8;1462;2623;986;1637
8;1375;2577;986;1591
8;1288;2918;1076;1842
8;1201;2453;920;1533
8;1114;2965;1123;1842
8;1027;3458;1339;2119
8;940;3337;1270;2067
8;853;2985;1142;1843
8;766;3117;1186;1931
8;679;3258;1262;1996
8;592;3359;1258;2101
8;505;3576;1335;2241
8;418;3428;1279;2149
8;331;3324;1198;2126
8;244;3503;1352;2151
8;157;3479;1306;2173
8;70;3369;1308;2061
8;1550;2544;941;1603
8;1463;2504;945;1559
8;1376;2837;1030;1807
8;1289;2402;887;1515
8;1202;2878;1075;1803
8;1115;3372;1284;2088
8;1028;3243;1201;2042
8;941;2941;1107;1834
8;854;3012;1129;1883
8;767;3169;1215;1954
8;680;3243;1185;2058
8;593;3454;1267;2187
8;506;3295;1193;2102
8;419;3208;1121;2087
8;332;3399;1289;2110
8;245;3395;1241;2154
8;158;3316;1280;2036
8;71;3220;1193;2027
8;1551;2424;895;1529
8;1464;2766;993;1773
8;1377;2323;844;1479
8;1290;2799;1025;1774
8;1203;3274;1219;2055
8;1116;3156;1154;2002
8;1029;2847;1057;1790
8;942;2925;1047;1878
8;855;3078;1161;1917
8;768;3132;1120;2012
8;681;3325;1194;2131
8;594;3188;1137;2051
8;507;3074;1051;2023
8;420;3277;1225;2052
8;333;3281;1167;2114
8;246;3217;1224;1993
8;159;3142;1140;2002
8;72;3035;1123;1912
8;1552;2686;949;1737
8;1465;2234;794;1440
8;1378;2717;982;1735
8;1291;3170;1164;2006
8;1204;3037;1094;1943
8;1117;2776;1018;1758
8;1030;2830;1000;1830
8;943;2972;1093;1879
8;856;3022;1060;1962
8;769;3226;1132;2094
8;682;3058;1073;1985
8;595;2956;990;1966
8;508;3151;1160;1991
8;421;3162;1104;2058
8;334;3106;1159;1947
8;247;3054;1086;1968
8;160;2950;1074;1876
8;73;3246;1156;2090
8;1553;2143;744;1399
8;1466;2625;929;1696
8;1379;3039;1099;1940
8;1292;2955;1047;1908
8;1205;2686;968;1718
8;1118;2725;949;1776
8;1031;2855;1028;1827
8;944;2952;1024;1928
8;857;3108;1080;2028
8;770;2941;1024;1917
8;683;2822;928;1894
8;596;3009;1081;1928
8;509;3028;1034;1994
8;422;2998;1099;1899
8;335;2962;1028;1934
8;248;2864;1018;1846
8;161;3170;1124;2046
8;74;2888;1045;1843
8;1554;2532;876;1656
8;1467;2924;1037;1887
8;1380;2869;991;1878
8;1293;2574;904;1670
8;1206;2614;880;1734
8;1119;2749;974;1775
8;1032;2853;970;1883
8;945;2996;1008;1988
8;858;2831;975;1856
8;771;2706;864;1842
8;684;2866;1008;1858
8;597;2883;956;1927
8;510;2859;1020;1839
8;423;2847;976;1871
8;336;2755;958;1797
8;249;3061;1063;1998
8;162;2798;1006;1792
8;75;2543;753;1790
8;1555;2805;975;1830
8;1468;2752;935;1817
8;1381;2480;847;1633
8;1294;2526;834;1692
8;1207;2640;924;1716
8;1120;2746;914;1832
8;1033;2881;946;1935
8;946;2714;905;1809
8;859;2578;813;1765
8;772;2739;933;1806
8;685;2750;885;1865
8;598;2717;952;1765
8;511;2712;914;1798
8;424;2623;889;1734
8;337;2929;984;1945
8;250;2681;946;1735
8;163;2497;730;1767
8;76;2484;772;1712
8;1556;2625;877;1748
8;1469;2372;786;1586
8;1382;2424;779;1645
8;1295;2538;867;1671
8;1208;2627;852;1775
8;1121;2737;884;1853
8;1034;2579;840;1739
8;947;2473;754;1719
8;860;2604;865;1739
8;773;2625;833;1792
8;686;2559;875;1684
8;599;2587;857;1730
8;512;2498;814;1684
8;425;2773;915;1858
8;338;2549;885;1664
8;251;2384;670;1714
8;164;2387;729;1658
8;77;2305;715;1590
8;1557;2272;736;1536
8;1470;2311;716;1595
8;1383;2408;800;1608
8;1296;2514;800;1714
8;1209;2613;828;1785
8;1122;2470;779;1691
8;1035;2369;709;1660
8;948;2508;817;1691
8;861;2487;759;1728
8;774;2426;812;1614
8;687;2426;773;1653
8;600;2340;748;1592
8;513;2617;830;1787
8;426;2393;808;1585
8;339;2276;623;1653
8;252;2264;656;1608
8;165;2192;659;1533
8;78;2209;657;1552
8;1558;2196;661;1535
8;1471;2304;752;1552
8;1384;2395;742;1653
8;1297;2485;772;1713
8;1210;2354;720;1634
8;1123;2223;643;1580
8;1036;2376;760;1616
8;949;2356;697;1659
8;862;2274;742;1532
8;775;2272;703;1569
8;688;2188;683;1505
8;601;2452;770;1682
8;514;2240;740;1500
8;427;2142;581;1561
8;340;2154;600;1554
8;253;2066;612;1454
8;166;2143;629;1514
8;79;1862;612;1250
8;1559;2182;691;1491
8;1472;2266;681;1585
8;1385;2364;717;1647
8;1298;2223;662;1561
8;1211;2093;592;1501
8;1124;2214;681;1533
8;1037;2230;643;1587
8;950;2219;713;1506
8;863;2126;640;1486
8;776;2058;618;1440
8;689;2303;700;1603
8;602;2079;666;1413
8;515;2002;532;1470
8;428;2036;551;1485
8;341;1930;555;1375
8;254;2008;568;1440
8;167;1774;567;1207
8;80;1655;493;1162
8;1560;2122;617;1505
8;1473;2241;657;1584
8;1386;2092;600;1492
8;1299;1961;537;1424
8;1212;2085;635;1450
8;1125;2067;584;1483
8;1038;2076;657;1419
8;951;1977;600;1377
8;864;1935;569;1366
8;777;2127;632;1495
8;690;1926;596;1330
8;603;1853;472;1381
8;516;1871;500;1371
8;429;1803;504;1299
8;342;1890;518;1372
8;255;1643;499;1144
8;168;1536;445;1091
8;81;1455;406;1049
8;1561;2088;593;1495
8;1474;1947;541;1406
8;1387;1814;480;1334
8;1300;1948;579;1369
8;1213;1914;535;1379
8;1126;1944;596;1348
8;1039;1859;546;1313
8;952;1805;522;1283
8;865;1968;560;1408
8;778;1775;531;1244
8;691;1712;424;1288
8;604;1707;442;1265
8;517;1641;446;1195
8;430;1736;474;1262
8;343;1524;439;1085
8;256;1425;396;1029
8;169;1362;377;985
8;82;1051;298;753
8;1562;1815;492;1323
8;1475;1681;434;1247
8;1388;1804;513;1291
8;1301;1787;490;1297
8;1214;1789;539;1250
8;1127;1707;494;1213
8;1040;1695;480;1215
8;953;1802;495;1307
8;866;1619;468;1151
8;779;1557;378;1179
8;692;1547;392;1155
8;605;1496;394;1102
8;518;1575;430;1145
8;431;1394;385;1009
8;344;1330;356;974
8;257;1220;322;898
8;170;967;274;693
8;83;747;178;569
8;1563;1546;382;1164
8;1476;1665;461;1204
8;1389;1643;436;1207
8;1302;1626;469;1157
8;1215;1564;448;1116
8;1128;1543;432;1111
8;1041;1651;439;1212
8;954;1473;416;1057
8;867;1416;335;1081
8;780;1411;346;1065
8;693;1350;344;1006
8;606;1418;374;1044
8;519;1241;333;908
8;432;1187;300;887
8;345;1109;274;835
8;258;869;233;636
8;171;685;169;516
8;84;728;223;505
8;1564;1539;412;1127
8;1477;1524;391;1133
8;1390;1475;424;1051
8;1303;1421;397;1024
8;1216;1395;372;1023
8;1129;1483;384;1099
8;1042;1318;355;963
8;955;1274;298;976
8;868;1272;309;963
8;781;1217;305;912
8;694;1238;311;927
8;607;1092;285;807
8;520;1066;261;805
8;433;981;238;743
8;346;766;187;579
8;259;606;144;462
8;172;664;200;464
8;85;666;192;474
8;1565;6993;1679;5314
8;1478;6812;1651;5161
8;1391;6545;1553;4992
8;1304;6332;1458;4874
8;1217;6015;1362;4653
8;1130;5734;1287;4447
8;1043;5529;1215;4314
8;956;5224;1158;4066
8;869;4922;1106;3816
8;782;4623;1053;3570
8;695;4278;971;3307
8;608;4038;912;3126
8;521;3872;889;2983
8;434;3669;833;2836
8;347;3697;893;2804
8;260;3824;983;2841
8;173;3958;1006;2952
8;86;4038;1040;2998
8;1566;265467;123094;142373
8;1479;270482;124442;146040
8;1392;276329;126908;149421
8;1305;281632;129495;152137
8;1218;285763;131479;154284
8;1131;290471;133568;156903
8;1044;295824;135906;159918
8;957;303110;139467;163643
8;870;316278;145729;170549
8;783;323353;149292;174061
8;696;328699;151764;176935
8;609;335221;155145;180076
8;522;341761;158492;183269
8;435;350938;163306;187632
8;348;357441;166629;190812
8;261;362783;169378;193405
8;174;366330;171284;195046
8;87;370444;173631;196813
9;1480;954;492;462
9;1393;1051;540;511
9;1306;1146;575;571
9;1219;1075;564;511
9;1132;1086;570;516
9;1045;1090;579;511
9;958;1027;544;483
9;871;907;467;440
9;784;1041;517;524
9;697;1108;547;561
9;610;1090;557;533
9;523;1050;544;506
9;436;1094;575;519
9;349;1104;573;531
9;262;1258;643;615
9;175;1202;614;588
9;88;1258;622;636
9;1;1428;733;695
9;1481;1040;531;509
9;1394;1128;563;565
9;1307;1067;560;507
9;1220;1088;573;515
9;1133;1080;575;505
9;1046;1011;536;475
9;959;900;467;433
9;872;954;464;490
9;785;1073;527;546
9;698;1080;556;524
9;611;1029;535;494
9;524;1073;563;510
9;437;1082;561;521
9;350;1237;630;607
9;263;1201;617;584
9;176;1261;626;635
9;89;1416;724;692
9;2;1548;830;718
9;1482;1091;547;544
9;1395;1037;542;495
9;1308;1072;567;505
9;1221;1038;550;488
9;1134;986;519;467
9;1047;869;447;422
9;960;946;461;485
9;873;942;470;472
9;786;1051;536;515
9;699;1012;525;487
9;612;1062;554;508
9;525;1074;556;518
9;438;1208;613;595
9;351;1194;614;580
9;264;1249;618;631
9;177;1405;716;689
9;90;1529;818;711
9;3;1561;839;722
9;1483;1029;537;492
9;1396;1054;557;497
9;1309;1026;540;486
9;1222;975;511;464
9;1135;848;436;412
9;1048;942;454;488
9;961;929;463;466
9;874;994;522;472
9;787;999;520;479
9;700;1057;553;504
9;613;1059;554;505
9;526;1191;609;582
9;439;1158;591;567
9;352;1235;611;624
9;265;1401;714;687
9;178;1535;822;713
9;91;1557;833;724
9;4;1550;812;738
9;1484;1025;543;482
9;1397;995;521;474
9;1310;963;502;461
9;1223;828;422;406
9;1136;920;445;475
9;1049;920;460;460
9;962;974;514;460
9;875;936;495;441
9;788;1039;547;492
9;701;1044;545;499
9;614;1176;600;576
9;527;1148;584;564
9;440;1208;599;609
9;353;1388;709;679
9;266;1529;821;708
9;179;1554;830;724
9;92;1539;807;732
9;5;1672;831;841
9;1485;993;527;466
9;1398;945;490;455
9;1311;813;413;400
9;1224;912;436;476
9;1137;900;454;446
9;1050;958;507;451
9;963;915;490;425
9;876;938;505;433
9;789;1024;534;490
9;702;1143;590;553
9;615;1128;576;552
9;528;1201;591;610
9;441;1365;689;676
9;354;1507;811;696
9;267;1544;826;718
9;180;1535;803;732
9;93;1669;830;839
9;6;1800;945;855
9;1486;932;487;445
9;1399;797;408;389
9;1312;891;425;466
9;1225;871;439;432
9;1138;939;493;446
9;1051;901;483;418
9;964;921;498;423
9;877;986;514;472
9;790;1131;581;550
9;703;1105;563;542
9;616;1185;584;601
9;529;1347;680;667
9;442;1481;798;683
9;355;1531;822;709
9;268;1524;801;723
9;181;1663;826;837
9;94;1792;938;854
9;7;1938;991;947
9;1487;787;397;390
9;1400;883;424;459
9;1313;862;441;421
9;1226;928;493;435
9;1139;892;479;413
9;1052;911;492;419
9;965;978;507;471
9;878;1107;563;544
9;791;1086;554;532
9;704;1165;577;588
9;617;1324;661;663
9;530;1462;783;679
9;443;1504;803;701
9;356;1511;793;718
9;269;1655;820;835
9;182;1787;932;855
9;95;1927;985;942
9;8;2080;1061;1019
9;1488;878;421;457
9;1401;844;434;410
9;1314;917;487;430
9;1227;874;470;404
9;1140;913;496;417
9;1053;969;501;468
9;966;1104;563;541
9;879;1056;535;521
9;792;1158;578;580
9;705;1308;655;653
9;618;1444;776;668
9;531;1498;802;696
9;444;1497;782;715
9;357;1642;816;826
9;270;1777;925;852
9;183;1929;986;943
9;96;2068;1049;1019
9;9;2390;1192;1198
9;1489;829;431;398
9;1402;909;486;423
9;1315;880;471;409
9;1228;905;492;413
9;1141;973;502;471
9;1054;1096;559;537
9;967;1049;532;517
9;880;1133;572;561
9;793;1301;652;649
9;706;1429;766;663
9;619;1482;793;689
9;532;1478;773;705
9;445;1623;805;818
9;358;1765;923;842
9;271;1914;980;934
9;184;2063;1044;1019
9;97;2382;1184;1198
9;10;2312;1191;1121
9;1490;892;475;417
9;1403;872;464;408
9;1316;889;482;407
9;1229;961;493;468
9;1142;1085;551;534
9;1055;1036;526;510
9;968;1129;572;557
9;881;1291;663;628
9;794;1414;759;655
9;707;1465;787;678
9;620;1462;759;703
9;533;1610;793;817
9;446;1747;909;838
9;359;1902;975;927
9;272;2053;1040;1013
9;185;2365;1176;1189
9;98;2299;1183;1116
9;11;2454;1203;1251
9;1491;858;459;399
9;1404;877;476;401
9;1317;943;478;465
9;1230;1074;550;524
9;1143;1029;521;508
9;1056;1122;571;551
9;969;1289;660;629
9;882;1390;754;636
9;795;1458;779;679
9;708;1445;752;693
9;621;1590;784;806
9;534;1734;906;828
9;447;1878;961;917
9;360;2029;1028;1001
9;273;2355;1175;1180
9;186;2286;1177;1109
9;99;2422;1182;1240
9;12;2280;1204;1076
9;1492;863;469;394
9;1405;935;473;462
9;1318;1067;548;519
9;1231;1029;521;508
9;1144;1113;565;548
9;1057;1282;653;629
9;970;1368;744;624
9;883;1411;758;653
9;796;1433;747;686
9;709;1566;770;796
9;622;1716;895;821
9;535;1864;948;916
9;448;2006;1013;993
9;361;2328;1158;1170
9;274;2254;1157;1097
9;187;2391;1169;1222
9;100;2254;1192;1062
9;13;2295;1116;1179
9;1493;924;464;460
9;1406;1050;537;513
9;1319;1024;516;508
9;1232;1105;560;545
9;1145;1280;656;624
9;1058;1358;744;614
9;971;1395;750;645
9;884;1432;739;693
9;797;1559;768;791
9;710;1700;887;813
9;623;1845;939;906
9;536;1995;1010;985
9;449;2271;1125;1146
9;362;2226;1145;1081
9;275;2361;1160;1201
9;188;2222;1173;1049
9;101;2264;1096;1168
9;14;2462;1259;1203
9;1494;1031;524;507
9;1407;1007;514;493
9;1320;1097;558;539
9;1233;1271;650;621
9;1146;1353;745;608
9;1059;1393;747;646
9;972;1423;735;688
9;885;1521;754;767
9;798;1688;880;808
9;711;1832;932;900
9;624;1977;1003;974
9;537;2248;1113;1135
9;450;2174;1111;1063
9;363;2325;1141;1184
9;276;2178;1151;1027
9;189;2233;1075;1158
9;102;2433;1236;1197
9;15;2419;1251;1168
9;1495;997;511;486
9;1408;1086;554;532
9;1321;1256;647;609
9;1234;1349;745;604
9;1147;1376;735;641
9;1060;1408;725;683
9;973;1517;754;763
9;886;1675;880;795
9;799;1820;926;894
9;712;1963;993;970
9;625;2219;1096;1123
9;538;2141;1094;1047
9;451;2253;1105;1148
9;364;2156;1139;1017
9;277;2200;1067;1133
9;190;2394;1213;1181
9;103;2388;1234;1154
9;16;2460;1252;1208
9;1496;1071;547;524
9;1409;1239;636;603
9;1322;1340;742;598
9;1235;1371;737;634
9;1148;1394;717;677
9;1061;1508;750;758
9;974;1669;880;789
9;887;1800;903;897
9;800;1946;985;961
9;713;2203;1092;1111
9;626;2119;1083;1036
9;539;2219;1088;1131
9;452;2077;1093;984
9;365;2158;1048;1110
9;278;2353;1197;1156
9;191;2349;1211;1138
9;104;2428;1234;1194
9;17;2267;1179;1088
9;1497;1235;635;600
9;1410;1325;733;592
9;1323;1361;732;629
9;1236;1388;713;675
9;1149;1502;746;756
9;1062;1659;877;782
9;975;1792;901;891
9;888;1922;989;933
9;801;2182;1080;1102
9;714;2102;1071;1031
9;627;2188;1079;1109
9;540;2041;1067;974
9;453;2078;1007;1071
9;366;2309;1174;1135
9;279;2307;1191;1116
9;192;2379;1207;1172
9;105;2235;1157;1078
9;18;2185;1125;1060
9;1498;1298;720;578
9;1411;1343;726;617
9;1324;1376;704;672
9;1237;1481;737;744
9;1150;1647;873;774
9;1063;1764;889;875
9;976;1906;980;926
9;889;2101;1054;1047
9;802;2066;1058;1008
9;715;2167;1071;1096
9;628;2001;1047;954
9;541;2029;981;1048
9;454;2212;1121;1091
9;367;2247;1161;1086
9;280;2326;1182;1144
9;193;2207;1139;1068
9;106;2149;1102;1047
9;19;1765;903;862
9;1499;1266;685;581
9;1412;1325;682;643
9;1325;1436;715;721
9;1238;1617;854;763
9;1151;1720;875;845
9;1064;1859;951;908
9;977;2024;1025;999
9;890;1731;939;792
9;803;2128;1051;1077
9;716;1982;1036;946
9;629;1992;965;1027
9;542;2155;1085;1070
9;455;2117;1084;1033
9;368;2260;1154;1106
9;281;2156;1115;1041
9;194;2119;1089;1030
9;107;1712;873;839
9;20;1501;872;629
9;1500;1268;656;612
9;1413;1406;696;710
9;1326;1573;828;745
9;1239;1677;855;822
9;1152;1834;935;899
9;1065;1978;1006;972
9;978;1689;915;774
9;891;1687;875;812
9;804;1937;1012;925
9;717;1968;953;1015
9;630;2101;1065;1036
9;543;2039;1043;996
9;456;2131;1075;1056
9;369;2080;1079;1001
9;282;2065;1061;1004
9;195;1693;867;826
9;108;1478;847;631
9;21;1440;796;644
9;1501;1322;656;666
9;1414;1521;797;724
9;1327;1638;828;810
9;1240;1804;930;874
9;1153;1948;986;962
9;1066;1647;901;746
9;979;1627;847;780
9;892;1498;810;688
9;805;1908;927;981
9;718;2059;1046;1013
9;631;1973;1017;956
9;544;2055;1033;1022
9;457;1947;1014;933
9;370;2015;1036;979
9;283;1640;846;794
9;196;1460;834;626
9;109;1428;788;640
9;22;1537;803;734
9;1502;1442;757;685
9;1415;1580;811;769
9;1328;1729;894;835
9;1241;1900;967;933
9;1154;1603;887;716
9;1067;1558;824;734
9;980;1429;776;653
9;893;1432;731;701
9;806;1980;1001;979
9;719;1921;994;927
9;632;1980;998;982
9;545;1891;986;905
9;458;1904;980;924
9;371;1577;817;760
9;284;1435;822;613
9;197;1428;776;652
9;110;1532;787;745
9;23;1569;823;746
9;1503;1482;766;716
9;1416;1630;860;770
9;1329;1802;915;887
9;1242;1545;870;675
9;1155;1498;804;694
9;1068;1345;742;603
9;981;1303;674;629
9;894;1523;802;721
9;807;1841;952;889
9;720;1942;985;957
9;633;1837;967;870
9;546;1828;937;891
9;459;1491;775;716
9;372;1379;798;581
9;285;1412;769;643
9;198;1525;772;753
9;111;1554;812;742
9;24;1527;837;690
9;1504;1497;797;700
9;1417;1710;880;830
9;1330;1456;821;635
9;1243;1430;784;646
9;1156;1312;751;561
9;1069;1246;667;579
9;982;1432;760;672
9;895;1328;705;623
9;808;1855;944;911
9;721;1770;936;834
9;634;1761;904;857
9;547;1442;747;695
9;460;1282;751;531
9;373;1359;757;602
9;286;1517;761;756
9;199;1550;801;749
9;112;1524;823;701
9;25;1604;824;780
9;1505;1561;800;761
9;1418;1368;780;588
9;1331;1340;746;594
9;1244;1245;726;519
9;1157;1199;644;555
9;1070;1374;740;634
9;983;1219;657;562
9;896;1338;726;612
9;809;1685;890;795
9;722;1709;878;831
9;635;1357;712;645
9;548;1209;708;501
9;461;1245;695;550
9;374;1460;736;724
9;287;1489;778;711
9;200;1509;815;694
9;113;1579;806;773
9;26;1657;826;831
9;1506;1232;720;512
9;1419;1224;709;515
9;1332;1191;687;504
9;1245;1165;629;536
9;1158;1324;733;591
9;1071;1160;628;532
9;984;1209;678;531
9;897;1188;644;544
9;810;1582;823;759
9;723;1270;677;593
9;636;1134;670;464
9;549;1192;662;530
9;462;1383;693;690
9;375;1441;752;689
9;288;1456;788;668
9;201;1567;798;769
9;114;1626;801;825
9;27;1643;860;783
9;1507;1118;657;461
9;1420;1077;632;445
9;1333;1102;606;496
9;1246;1252;692;560
9;1159;1113;603;510
9;1072;1112;625;487
9;985;1096;591;505
9;898;1100;588;512
9;811;1194;640;554
9;724;1079;646;433
9;637;1143;636;507
9;550;1331;667;664
9;463;1362;713;649
9;376;1396;753;643
9;289;1515;769;746
9;202;1573;765;808
9;115;1619;834;785
9;28;1622;772;850
9;1508;969;578;391
9;1421;1005;569;436
9;1334;1195;669;526
9;1247;1065;580;485
9;1160;1054;608;446
9;1073;1011;547;464
9;986;1021;550;471
9;899;977;485;492
9;812;1019;612;407
9;725;1103;609;494
9;638;1272;643;629
9;551;1309;679;630
9;464;1322;709;613
9;377;1458;744;714
9;290;1527;746;781
9;203;1594;823;771
9;116;1579;741;838
9;29;1817;926;891
9;1509;903;522;381
9;1422;1105;639;466
9;1335;990;548;442
9;1248;1012;578;434
9;1161;956;515;441
9;1074;961;521;440
9;987;907;445;462
9;900;1037;541;496
9;813;1054;584;470
9;726;1211;614;597
9;639;1252;655;597
9;552;1278;683;595
9;465;1389;715;674
9;378;1460;717;743
9;291;1546;793;753
9;204;1559;732;827
9;117;1770;893;877
9;30;1874;946;928
9;1510;1014;583;431
9;1423;898;485;413
9;1336;952;553;399
9;1249;925;502;423
9;1162;931;508;423
9;1075;859;419;440
9;988;976;502;474
9;901;1057;533;524
9;814;1165;595;570
9;727;1202;628;574
9;640;1231;661;570
9;553;1348;694;654
9;466;1401;686;715
9;379;1483;767;716
9;292;1524;719;805
9;205;1755;888;867
9;118;1839;921;918
9;31;1877;965;912
9;1511;818;454;364
9;1424;872;508;364
9;1337;896;486;410
9;1250;906;500;406
9;1163;837;411;426
9;1076;930;477;453
9;989;1020;518;502
9;902;1142;549;593
9;815;1156;599;557
9;728;1186;639;547
9;641;1301;667;634
9;554;1373;675;698
9;467;1418;733;685
9;380;1469;686;783
9;293;1727;873;854
9;206;1808;904;904
9;119;1841;949;892
9;32;1907;1014;893
9;1512;791;461;330
9;1425;829;453;376
9;1338;874;477;397
9;1251;798;393;405
9;1164;902;457;445
9;1077;987;501;486
9;990;1104;526;578
9;903;1177;593;584
9;816;1146;624;522
9;729;1259;643;616
9;642;1335;657;678
9;555;1379;715;664
9;468;1412;656;756
9;381;1667;840;827
9;294;1770;884;886
9;207;1818;934;884
9;120;1878;991;887
9;33;1855;925;930
9;1513;770;423;347
9;1426;825;447;378
9;1339;778;382;396
9;1252;891;450;441
9;1165;969;501;468
9;1078;1068;498;570
9;991;1140;571;569
9;904;1158;621;537
9;817;1238;632;606
9;730;1298;650;648
9;643;1347;697;650
9;556;1405;648;757
9;469;1607;807;800
9;382;1723;860;863
9;295;1781;912;869
9;208;1863;985;878
9;121;1829;909;920
9;34;1855;923;932
9;1514;763;406;357
9;1427;716;341;375
9;1340;869;444;425
9;1253;942;480;462
9;1166;1030;467;563
9;1079;1117;570;547
9;992;1122;593;529
9;905;1245;602;643
9;818;1257;624;633
9;731;1310;675;635
9;644;1378;632;746
9;557;1564;784;780
9;470;1656;816;840
9;383;1734;886;848
9;296;1826;963;863
9;209;1803;893;910
9;122;1831;909;922
9;35;1857;913;944
9;1515;673;313;360
9;1428;811;411;400
9;1341;913;463;450
9;1254;1001;462;539
9;1167;1082;544;538
9;1080;1094;579;515
9;993;1210;588;622
9;906;1319;652;667
9;819;1271;655;616
9;732;1347;617;730
9;645;1543;768;775
9;558;1622;797;825
9;471;1675;850;825
9;384;1781;937;844
9;297;1781;885;896
9;210;1804;890;914
9;123;1823;885;938
9;36;1869;980;889
9;1516;773;386;387
9;1429;893;456;437
9;1342;981;445;536
9;1255;1041;522;519
9;1168;1084;569;515
9;1081;1185;572;613
9;994;1293;641;652
9;907;1348;678;670
9;820;1322;603;719
9;733;1500;742;758
9;646;1581;768;813
9;559;1634;820;814
9;472;1728;899;829
9;385;1738;863;875
9;298;1784;880;904
9;211;1796;870;926
9;124;1847;965;882
9;37;1925;974;951
9;1517;854;433;421
9;1430;932;413;519
9;1343;1020;513;507
9;1256;1069;554;515
9;1169;1165;557;608
9;1082;1273;620;653
9;995;1322;665;657
9;908;1366;625;741
9;821;1476;730;746
9;734;1561;751;810
9;647;1609;810;799
9;560;1693;874;819
9;473;1679;823;856
9;386;1756;868;888
9;299;1770;855;915
9;212;1826;950;876
9;125;1889;943;946
9;38;1910;983;927
9;1518;907;395;512
9;1431;984;491;493
9;1344;1044;543;501
9;1257;1137;543;594
9;1170;1261;612;649
9;1083;1300;658;642
9;996;1335;604;731
9;909;1513;751;762
9;822;1531;729;802
9;735;1573;782;791
9;648;1663;849;814
9;561;1640;796;844
9;474;1705;836;869
9;387;1748;849;899
9;300;1799;933;866
9;213;1864;927;937
9;126;1877;956;921
9;39;2025;1055;970
9;1519;953;471;482
9;1432;1026;534;492
9;1345;1113;525;588
9;1258;1257;609;648
9;1171;1280;649;631
9;1084;1333;603;730
9;997;1473;724;749
9;910;1621;781;840
9;823;1543;764;779
9;736;1639;832;807
9;649;1603;775;828
9;562;1675;819;856
9;475;1705;824;881
9;388;1771;919;852
9;301;1842;920;922
9;214;1857;946;911
9;127;1979;1024;955
9;40;2120;1099;1021
9;1520;999;513;486
9;1433;1087;511;576
9;1346;1243;604;639
9;1259;1267;635;632
9;1172;1319;599;720
9;1085;1457;718;739
9;998;1599;771;828
9;911;1588;788;800
9;824;1620;821;799
9;737;1573;761;812
9;650;1653;810;843
9;563;1666;803;863
9;476;1721;886;835
9;389;1817;907;910
9;302;1828;929;899
9;215;1958;1010;948
9;128;2077;1071;1006
9;41;2169;1111;1058
9;1521;1067;503;564
9;1434;1212;594;618
9;1347;1245;621;624
9;1260;1303;589;714
9;1173;1440;709;731
9;1086;1592;766;826
9;999;1545;760;785
9;912;1674;864;810
9;825;1544;740;804
9;738;1614;784;830
9;651;1626;776;850
9;564;1688;866;822
9;477;1768;876;892
9;390;1803;907;896
9;303;1926;994;932
9;216;2068;1070;998
9;129;2138;1092;1046
9;42;1979;1013;966
9;1522;1189;582;607
9;1435;1215;605;610
9;1348;1282;578;704
9;1261;1425;697;728
9;1174;1577;761;816
9;1087;1516;745;771
9;1000;1647;848;799
9;913;1614;775;839
9;826;1581;762;819
9;739;1601;763;838
9;652;1658;849;809
9;565;1735;852;883
9;478;1763;883;880
9;391;1884;971;913
9;304;2039;1055;984
9;217;2130;1088;1042
9;130;1950;993;957
9;43;2013;1023;990
9;1523;1185;587;598
9;1436;1260;561;699
9;1349;1405;682;723
9;1262;1565;757;808
9;1175;1515;744;771
9;1088;1632;842;790
9;1001;1590;764;826
9;914;1625;790;835
9;827;1582;752;830
9;740;1637;837;800
9;653;1697;830;867
9;566;1730;861;869
9;479;1838;939;899
9;392;2009;1033;976
9;305;2106;1073;1033
9;218;1938;989;949
9;131;1996;1013;983
9;44;1766;871;895
9;1524;1240;551;689
9;1437;1373;666;707
9;1350;1558;759;799
9;1263;1495;725;770
9;1176;1620;834;786
9;1089;1581;760;821
9;1002;1605;781;824
9;915;1615;765;850
9;828;1604;820;784
9;741;1681;819;862
9;654;1701;845;856
9;567;1789;911;878
9;480;1970;1012;958
9;393;2069;1052;1017
9;306;1893;956;937
9;219;1989;1007;982
9;132;1737;851;886
9;45;1687;841;846
9;1525;1354;652;702
9;1438;1537;755;782
9;1351;1470;713;757
9;1264;1607;824;783
9;1177;1562;752;810
9;1090;1592;776;816
9;1003;1582;745;837
9;916;1627;835;792
9;829;1647;798;849
9;742;1678;832;846
9;655;1753;891;862
9;568;1929;984;945
9;481;2031;1032;999
9;394;1858;940;918
9;307;1967;1000;967
9;220;1713;838;875
9;133;1654;824;830
9;46;1685;840;845
9;1526;1518;747;771
9;1439;1447;695;752
9;1352;1594;811;783
9;1265;1545;738;807
9;1178;1576;764;812
9;1091;1553;731;822
9;1004;1602;820;782
9;917;1684;821;863
9;830;1647;809;838
9;743;1733;873;860
9;656;1892;961;931
9;569;2011;1019;992
9;482;1812;912;900
9;395;1939;981;958
9;308;1700;830;870
9;221;1629;807;822
9;134;1653;822;831
9;47;1566;775;791
9;1527;1427;686;741
9;1440;1575;798;777
9;1353;1530;728;802
9;1266;1562;756;806
9;1179;1538;725;813
9;1092;1586;811;775
9;1005;1661;808;853
9;918;1663;835;828
9;831;1707;854;853
9;744;1872;950;922
9;657;1963;988;975
9;570;1785;900;885
9;483;1910;964;946
9;396;1678;824;854
9;309;1589;789;800
9;222;1637;814;823
9;135;1561;778;783
9;48;1469;742;727
9;1528;1556;786;770
9;1441;1519;724;795
9;1354;1542;744;798
9;1267;1537;721;816
9;1180;1564;797;767
9;1093;1649;803;846
9;1006;1648;828;820
9;919;1782;895;887
9;832;1842;928;914
9;745;1926;967;959
9;658;1741;872;869
9;571;1879;943;936
9;484;1648;802;846
9;397;1556;766;790
9;310;1611;797;814
9;223;1550;766;784
9;136;1433;722;711
9;49;1423;703;720
9;1529;1498;715;783
9;1442;1524;734;790
9;1355;1519;714;805
9;1268;1569;805;764
9;1181;1630;792;838
9;1094;1632;819;813
9;1007;1767;893;874
9;920;1832;923;909
9;833;1885;937;948
9;746;1718;861;857
9;659;1854;929;925
9;572;1626;789;837
9;485;1505;734;771
9;398;1579;783;796
9;311;1532;758;774
9;224;1410;709;701
9;137;1395;685;710
9;50;1514;687;827
9;1530;1502;717;785
9;1443;1498;703;795
9;1356;1551;789;762
9;1269;1617;780;837
9;1182;1609;806;803
9;1095;1750;880;870
9;1008;1790;904;886
9;921;1881;948;933
9;834;1686;838;848
9;747;1823;903;920
9;660;1593;763;830
9;573;1469;718;751
9;486;1547;761;786
9;399;1506;739;767
9;312;1379;686;693
9;225;1379;673;706
9;138;1488;666;822
9;51;1503;734;769
9;1531;1488;703;785
9;1444;1522;772;750
9;1357;1612;775;837
9;1270;1595;800;795
9;1183;1727;865;862
9;1096;1777;897;880
9;1009;1863;933;930
9;922;1695;836;859
9;835;1787;881;906
9;748;1570;748;822
9;661;1451;706;745
9;574;1508;735;773
9;487;1468;721;747
9;400;1354;669;685
9;313;1348;657;691
9;226;1471;656;815
9;139;1475;717;758
9;52;1506;709;797
9;1532;1504;762;742
9;1445;1581;755;826
9;1358;1582;790;792
9;1271;1727;866;861
9;1184;1761;883;878
9;1097;1841;916;925
9;1010;1675;824;851
9;923;1755;872;883
9;836;1542;732;810
9;749;1425;697;728
9;662;1482;719;763
9;575;1432;705;727
9;488;1317;640;677
9;401;1327;645;682
9;314;1441;642;799
9;227;1448;701;747
9;140;1488;697;791
9;53;1443;650;793
9;1533;1560;741;819
9;1446;1551;769;782
9;1359;1698;847;851
9;1272;1747;878;869
9;1185;1826;906;920
9;1098;1654;811;843
9;1011;1734;861;873
9;924;1525;719;806
9;837;1407;680;727
9;750;1450;698;752
9;663;1413;684;729
9;576;1285;617;668
9;489;1301;630;671
9;402;1408;624;784
9;315;1420;687;733
9;228;1478;693;785
9;141;1432;650;782
9;54;1278;647;631
9;1534;1534;754;780
9;1447;1678;831;847
9;1360;1724;863;861
9;1273;1809;897;912
9;1186;1634;800;834
9;1099;1713;847;866
9;1012;1505;710;795
9;925;1479;722;757
9;838;1422;678;744
9;751;1388;670;718
9;664;1267;607;660
9;577;1272;612;660
9;490;1368;600;768
9;403;1392;670;722
9;316;1476;696;780
9;229;1418;641;777
9;142;1252;633;619
9;55;1226;555;671
9;1535;1648;811;837
9;1448;1696;850;846
9;1361;1779;874;905
9;1274;1616;781;835
9;1187;1674;820;854
9;1100;1487;699;788
9;1013;1459;708;751
9;926;1455;691;764
9;839;1354;650;704
9;752;1239;595;644
9;665;1248;597;651
9;578;1336;578;758
9;491;1355;647;708
9;404;1448;680;768
9;317;1397;623;774
9;230;1237;624;613
9;143;1196;539;657
9;56;1351;611;740
9;1536;1669;823;846
9;1449;1739;848;891
9;1362;1586;764;822
9;1275;1656;810;846
9;1188;1476;694;782
9;1101;1439;694;745
9;1014;1430;676;754
9;927;1374;652;722
9;840;1214;580;634
9;753;1221;580;641
9;666;1312;562;750
9;579;1329;629;700
9;492;1424;662;762
9;405;1375;611;764
9;318;1223;611;612
9;231;1173;520;653
9;144;1311;586;725
9;57;1111;497;614
9;1537;1709;832;877
9;1450;1565;747;818
9;1363;1630;795;835
9;1276;1463;680;783
9;1189;1414;680;734
9;1102;1409;662;747
9;1015;1357;641;716
9;928;1247;603;644
9;841;1196;563;633
9;754;1278;551;727
9;667;1294;607;687
9;580;1395;641;754
9;493;1346;593;753
9;406;1200;596;604
9;319;1154;508;646
9;232;1292;573;719
9;145;1074;481;593
9;58;1438;640;798
9;1538;1538;725;813
9;1451;1604;773;831
9;1364;1442;665;777
9;1277;1398;670;728
9;1190;1383;641;742
9;1103;1345;629;716
9;1016;1228;589;639
9;929;1229;578;651
9;842;1260;540;720
9;755;1262;590;672
9;668;1369;622;747
9;581;1315;579;736
9;494;1163;572;591
9;407;1128;493;635
9;320;1269;554;715
9;233;1047;458;589
9;146;1393;613;780
9;59;1577;705;872
9;1539;1589;756;833
9;1452;1414;650;764
9;1365;1386;663;723
9;1278;1361;625;736
9;1191;1327;611;716
9;1104;1212;575;637
9;1017;1200;559;641
9;930;1314;559;755
9;843;1236;571;665
9;756;1338;601;737
9;669;1291;561;730
9;582;1140;552;588
9;495;1098;470;628
9;408;1253;544;709
9;321;1029;450;579
9;234;1363;591;772
9;147;1539;687;852
9;60;1501;642;859
9;1540;1391;633;758
9;1453;1361;647;714
9;1366;1330;601;729
9;1279;1307;598;709
9;1192;1193;563;630
9;1105;1183;545;638
9;1018;1291;542;749
9;931;1261;580;681
9;844;1298;578;720
9;757;1262;543;719
9;670;1111;532;579
9;583;1067;454;613
9;496;1218;519;699
9;409;1006;434;572
9;322;1327;571;756
9;235;1508;668;840
9;148;1479;631;848
9;61;1331;581;750
9;1541;1338;629;709
9;1454;1303;584;719
9;1367;1276;571;705
9;1280;1171;544;627
9;1193;1162;526;636
9;1106;1268;524;744
9;1019;1245;570;675
9;932;1324;581;743
9;845;1232;525;707
9;758;1084;517;567
9;671;1034;436;598
9;584;1185;498;687
9;497;974;415;559
9;410;1290;552;738
9;323;1467;643;824
9;236;1450;612;838
9;149;1319;571;748
9;62;1362;576;786
9;1542;1276;565;711
9;1455;1257;553;704
9;1368;1153;531;622
9;1281;1143;514;629
9;1194;1243;507;736
9;1107;1215;550;665
9;1020;1301;566;735
9;933;1245;521;724
9;846;1065;503;562
9;759;1012;422;590
9;672;1166;487;679
9;585;950;405;545
9;498;1251;526;725
9;411;1432;621;811
9;324;1419;600;819
9;237;1286;553;733
9;150;1342;558;784
9;63;1310;540;770
9;1543;1232;537;695
9;1456;1128;515;613
9;1369;1125;501;624
9;1282;1224;493;731
9;1195;1192;531;661
9;1108;1280;551;729
9;1021;1211;496;715
9;934;1053;485;568
9;847;983;402;581
9;760;1131;467;664
9;673;919;387;532
9;586;1208;500;708
9;499;1380;584;796
9;412;1371;568;803
9;325;1257;535;722
9;238;1324;546;778
9;151;1295;526;769
9;64;1358;552;806
9;1544;1095;494;601
9;1457;1093;480;613
9;1370;1201;480;721
9;1283;1170;515;655
9;1196;1245;529;716
9;1109;1182;478;704
9;1022;1033;473;560
9;935;970;387;583
9;848;1108;450;658
9;761;905;379;526
9;674;1178;480;698
9;587;1328;559;769
9;500;1334;542;792
9;413;1212;511;701
9;326;1299;525;774
9;239;1276;517;759
9;152;1345;540;805
9;65;1444;583;861
9;1545;1074;470;604
9;1458;1176;461;715
9;1371;1146;496;650
9;1284;1212;513;699
9;1197;1155;463;692
9;1110;1017;464;553
9;1023;928;356;572
9;936;1099;440;659
9;849;875;362;513
9;762;1133;454;679
9;675;1296;534;762
9;588;1293;518;775
9;501;1177;485;692
9;414;1262;505;757
9;327;1259;505;754
9;240;1324;530;794
9;153;1422;569;853
9;66;1432;553;879
9;1546;1152;446;706
9;1459;1120;484;636
9;1372;1190;495;695
9;1285;1123;441;682
9;1198;991;440;551
9;1111;912;345;567
9;1024;1063;417;646
9;937;903;361;542
9;850;1094;429;665
9;763;1254;508;746
9;676;1260;494;766
9;589;1145;466;679
9;502;1234;487;747
9;415;1219;489;730
9;328;1292;503;789
9;241;1390;550;840
9;154;1410;537;873
9;67;1352;558;794
9;1547;1086;462;624
9;1460;1151;472;679
9;1373;1087;417;670
9;1286;979;432;547
9;1199;886;327;559
9;1112;1038;394;644
9;1025;879;343;536
9;938;1117;436;681
9;851;1229;493;736
9;764;1225;476;749
9;677;1106;441;665
9;590;1195;465;730
9;503;1170;458;712
9;416;1267;486;781
9;329;1352;515;837
9;242;1385;524;861
9;155;1328;548;780
9;68;1402;533;869
9;1548;1121;452;669
9;1461;1064;404;660
9;1374;945;405;540
9;1287;869;315;554
9;1200;996;366;630
9;1113;856;329;527
9;1026;1081;418;663
9;939;1232;467;765
9;852;1197;459;738
9;765;1066;417;649
9;678;1157;440;717
9;591;1134;438;696
9;504;1219;456;763
9;417;1309;491;818
9;330;1356;506;850
9;243;1289;517;772
9;156;1371;519;852
9;69;1425;529;896
9;1549;1041;389;652
9;1462;921;388;533
9;1375;838;301;537
9;1288;975;354;621
9;1201;833;314;519
9;1114;1049;403;646
9;1027;1199;445;754
9;940;1198;445;753
9;853;1025;397;628
9;766;1122;418;704
9;679;1095;408;687
9;592;1184;438;746
9;505;1263;472;791
9;418;1310;477;833
9;331;1257;496;761
9;244;1325;484;841
9;157;1404;515;889
9;70;1368;527;841
9;1550;898;371;527
9;1463;826;291;535
9;1376;943;332;611
9;1289;809;300;509
9;1202;1017;383;634
9;1115;1161;416;745
9;1028;1159;425;734
9;941;1040;407;633
9;854;1086;396;690
9;767;1063;391;672
9;680;1134;410;724
9;593;1222;445;777
9;506;1270;447;823
9;419;1225;481;744
9;332;1289;464;825
9;245;1373;493;880
9;158;1342;511;831
9;71;1324;484;840
9;1551;803;277;526
9;1464;903;306;597
9;1377;787;287;500
9;1290;986;362;624
9;1203;1125;394;731
9;1116;1118;407;711
9;1029;992;380;612
9;942;1079;393;686
9;855;1027;373;654
9;768;1088;383;705
9;681;1182;420;762
9;594;1220;421;799
9;507;1178;448;730
9;420;1228;429;799
9;333;1325;461;864
9;246;1295;485;810
9;159;1298;463;835
9;72;1205;402;803
9;1552;875;289;586
9;1465;757;275;482
9;1378;960;347;613
9;1291;1087;375;712
9;1204;1078;388;690
9;1117;962;363;599
9;1030;1055;378;677
9;943;1011;361;650
9;856;1050;364;686
9;769;1146;405;741
9;682;1170;396;774
9;595;1122;414;708
9;508;1179;397;782
9;421;1287;445;842
9;334;1244;451;793
9;247;1264;442;822
9;160;1170;384;786
9;73;1268;440;828
9;1553;723;253;470
9;1466;929;336;593
9;1379;1049;350;699
9;1292;1048;375;673
9;1205;932;342;590
9;1118;1024;357;667
9;1031;975;337;638
9;944;1038;357;681
9;857;1106;387;719
9;770;1127;374;753
9;683;1085;392;693
9;596;1130;367;763
9;509;1223;406;817
9;422;1193;424;769
9;335;1227;419;808
9;248;1133;367;766
9;161;1233;420;813
9;74;1191;393;798
9;1554;898;314;584
9;1467;998;330;668
9;1380;1008;355;653
9;1293;901;327;574
9;1206;986;340;646
9;1119;935;319;616
9;1032;997;341;656
9;945;1063;369;694
9;858;1077;349;728
9;771;1040;369;671
9;684;1073;338;735
9;597;1165;379;786
9;510;1141;397;744
9;423;1168;390;778
9;336;1088;342;746
9;249;1189;401;788
9;162;1152;379;773
9;75;1042;345;697
9;1555;951;308;643
9;1468;964;328;636
9;1381;858;301;557
9;1294;952;323;629
9;1207;901;305;596
9;1120;963;321;642
9;1033;1010;342;668
9;946;1048;334;714
9;859;1007;352;655
9;772;1022;325;697
9;685;1103;350;753
9;598;1068;356;712
9;511;1123;370;753
9;424;1028;315;713
9;337;1126;360;766
9;250;1098;347;751
9;163;1018;335;683
9;76;971;312;659
9;1556;924;306;618
9;1469;815;279;536
9;1382;910;304;606
9;1295;854;280;574
9;1208;927;302;625
9;1121;966;323;643
9;1034;998;313;685
9;947;961;332;629
9;860;962;300;662
9;773;1060;334;726
9;686;1026;337;689
9;599;1061;352;709
9;512;957;289;668
9;425;1069;332;737
9;338;1051;325;726
9;251;966;314;652
9;164;928;293;635
9;77;822;286;536
9;1557;784;263;521
9;1470;874;284;590
9;1383;811;262;549
9;1296;876;270;606
9;1209;909;294;615
9;1122;951;289;662
9;1035;915;310;605
9;948;929;279;650
9;861;992;304;688
9;774;973;316;657
9;687;1001;325;676
9;600;907;269;638
9;513;995;300;695
9;426;992;296;696
9;339;914;281;633
9;252;870;263;607
9;165;793;269;524
9;78;896;300;596
9;1558;831;262;569
9;1471;776;245;531
9;1384;841;249;592
9;1297;855;263;592
9;1210;904;271;633
9;1123;866;280;586
9;1036;874;249;625
9;949;935;289;646
9;862;919;298;621
9;775;952;294;658
9;688;848;243;605
9;601;924;271;653
9;514;914;267;647
9;427;863;261;602
9;340;836;242;594
9;253;738;252;486
9;166;851;283;568
9;79;730;212;518
9;1559;733;230;503
9;1472;794;230;564
9;1385;796;243;553
9;1298;850;249;601
9;1211;811;251;560
9;1124;827;225;602
9;1037;883;262;621
9;950;851;259;592
9;863;895;276;619
9;776;779;217;562
9;689;862;248;614
9;602;860;242;618
9;515;795;233;562
9;428;779;228;551
9;341;684;231;453
9;254;797;254;543
9;167;699;206;493
9;80;623;180;443
9;1560;744;212;532
9;1473;743;223;520
9;1386;791;228;563
9;1299;768;230;538
9;1212;761;197;564
9;1125;831;241;590
9;1038;785;236;549
9;951;837;260;577
9;864;743;203;540
9;777;787;212;575
9;690;803;221;582
9;603;724;211;513
9;516;731;201;530
9;429;636;217;419
9;342;734;229;505
9;255;638;186;452
9;168;585;164;421
9;81;545;142;403
9;1561;697;207;490
9;1474;733;204;529
9;1387;699;201;498
9;1300;703;183;520
9;1213;763;217;546
9;1126;728;211;517
9;1039;758;234;524
9;952;697;187;510
9;865;723;183;540
9;778;743;198;545
9;691;667;195;472
9;604;665;176;489
9;517;562;185;377
9;430;669;203;466
9;343;588;170;418
9;256;541;148;393
9;169;496;125;371
9;82;438;132;306
9;1562;678;183;495
9;1475;632;177;455
9;1388;644;158;486
9;1301;702;194;508
9;1214;660;185;475
9;1127;698;207;491
9;1040;630;162;468
9;953;660;170;490
9;866;686;175;511
9;779;598;166;432
9;692;615;165;450
9;605;507;161;346
9;518;620;185;435
9;431;528;149;379
9;344;498;135;363
9;257;465;113;352
9;170;402;116;286
9;83;313;88;225
9;1563;572;151;421
9;1476;579;136;443
9;1389;635;168;467
9;1302;600;162;438
9;1215;626;177;449
9;1128;567;144;423
9;1041;601;150;451
9;954;605;151;454
9;867;546;151;395
9;780;558;143;415
9;693;449;137;312
9;606;568;165;403
9;519;469;131;338
9;432;447;115;332
9;345;425;96;329
9;258;349;96;253
9;171;283;79;204
9;84;258;77;181
9;1564;533;129;404
9;1477;582;145;437
9;1390;544;147;397
9;1303;564;157;407
9;1216;494;126;368
9;1129;541;130;411
9;1042;528;125;403
9;955;492;129;363
9;868;494;125;369
9;781;406;113;293
9;694;497;138;359
9;607;410;110;300
9;520;390;93;297
9;433;374;80;294
9;346;321;83;238
9;259;255;69;186
9;172;224;67;157
9;85;270;84;186
9;1565;2490;584;1906
9;1478;2418;573;1845
9;1391;2373;553;1820
9;1304;2289;530;1759
9;1217;2243;509;1734
9;1130;2186;517;1669
9;1043;2065;500;1565
9;956;1924;463;1461
9;869;1824;449;1375
9;782;1754;434;1320
9;695;1595;386;1209
9;608;1523;370;1153
9;521;1425;364;1061
9;434;1394;373;1021
9;347;1416;392;1024
9;260;1421;402;1019
9;173;1508;439;1069
9;86;1535;452;1083
9;1566;95817;44998;50819
9;1479;98608;46363;52245
9;1392;101200;47538;53662
9;1305;103083;48469;54614
9;1218;104623;49124;55499
9;1131;106335;49863;56472
9;1044;108125;50658;57467
9;957;110511;51746;58765
9;870;114763;53736;61027
9;783;117100;54920;62180
9;696;119179;55910;63269
9;609;121549;57081;64468
9;522;124020;58388;65632
9;435;127690;60396;67294
9;348;130179;61532;68647
9;261;131808;62359;69449
9;174;132982;63030;69952
9;87;134277;63890;70387
10;1480;1332;680;652
10;1393;1436;697;739
10;1306;1555;789;766
10;1219;1442;728;714
10;1132;1528;776;752
10;1045;1597;803;794
10;958;1572;802;770
10;871;1406;742;664
10;784;1543;783;760
10;697;1705;916;789
10;610;1544;790;754
10;523;1614;781;833
10;436;1564;807;757
10;349;1695;852;843
10;262;1697;888;809
10;175;1641;857;784
10;88;1749;904;845
10;1;1960;1021;939
10;1481;1414;685;729
10;1394;1527;770;757
10;1307;1427;719;708
10;1220;1534;780;754
10;1133;1604;811;793
10;1046;1564;790;774
10;959;1410;745;665
10;872;1451;734;717
10;785;1673;898;775
10;698;1511;769;742
10;611;1601;780;821
10;524;1545;793;752
10;437;1657;830;827
10;350;1684;889;795
10;263;1631;850;781
10;176;1736;897;839
10;89;1930;1002;928
10;2;2112;1124;988
10;1482;1497;759;738
10;1395;1394;705;689
10;1308;1524;769;755
10;1221;1578;792;786
10;1134;1530;767;763
10;1047;1390;730;660
10;960;1430;727;703
10;873;1561;838;723
10;786;1466;742;724
10;699;1583;777;806
10;612;1521;776;745
10;525;1629;818;811
10;438;1641;861;780
10;351;1616;844;772
10;264;1728;893;835
10;177;1922;993;929
10;90;2106;1121;985
10;3;2198;1109;1089
10;1483;1379;707;672
10;1396;1491;748;743
10;1309;1558;775;783
10;1222;1519;764;755
10;1135;1369;717;652
10;1048;1400;708;692
10;961;1517;822;695
10;874;1385;713;672
10;787;1555;767;788
10;700;1506;768;738
10;613;1617;811;806
10;526;1626;851;775
10;439;1579;828;751
10;352;1715;888;827
10;265;1908;990;918
10;178;2097;1116;981
10;91;2177;1103;1074
10;4;2190;1154;1036
10;1484;1475;738;737
10;1397;1529;757;772
10;1310;1499;756;743
10;1223;1361;711;650
10;1136;1395;707;688
10;1049;1505;818;687
10;962;1357;699;658
10;875;1480;717;763
10;788;1481;756;725
10;701;1597;803;794
10;614;1606;842;764
10;527;1557;811;746
10;440;1673;864;809
10;353;1881;974;907
10;266;2079;1104;975
10;179;2171;1098;1073
10;92;2170;1145;1025
10;5;2268;1197;1071
10;1485;1500;751;749
10;1398;1474;740;734
10;1311;1335;700;635
10;1224;1379;695;684
10;1137;1479;806;673
10;1050;1338;685;653
10;963;1459;703;756
10;876;1407;736;671
10;789;1571;791;780
10;702;1596;837;759
10;615;1533;798;735
10;528;1645;848;797
10;441;1848;958;890
10;354;2053;1091;962
10;267;2148;1093;1055
10;180;2164;1142;1022
10;93;2266;1195;1071
10;6;2425;1214;1211
10;1486;1436;718;718
10;1399;1310;684;626
10;1312;1370;694;676
10;1225;1455;805;650
10;1138;1326;682;644
10;1051;1429;687;742
10;964;1384;720;664
10;877;1509;750;759
10;790;1571;826;745
10;703;1523;796;727
10;616;1628;844;784
10;529;1823;951;872
10;442;2012;1073;939
10;355;2119;1077;1042
10;268;2159;1142;1017
10;181;2247;1184;1063
10;94;2403;1207;1196
10;7;2608;1275;1333
10;1487;1282;671;611
10;1400;1342;682;660
10;1313;1437;795;642
10;1226;1310;673;637
10;1139;1411;679;732
10;1052;1369;712;657
10;965;1495;741;754
10;878;1546;812;734
10;791;1507;788;719
10;704;1610;834;776
10;617;1798;936;862
10;530;1995;1058;937
10;443;2081;1055;1026
10;356;2137;1128;1009
10;269;2232;1174;1058
10;182;2390;1201;1189
10;95;2599;1272;1327
10;8;2851;1464;1387
10;1488;1336;676;660
10;1401;1405;779;626
10;1314;1308;676;632
10;1227;1398;673;725
10;1140;1342;701;641
10;1053;1479;728;751
10;966;1532;806;726
10;879;1509;774;735
10;792;1587;822;765
10;705;1782;933;849
10;618;1984;1050;934
10;531;2053;1035;1018
10;444;2108;1109;999
10;357;2218;1167;1051
10;270;2383;1200;1183
10;183;2590;1265;1325
10;96;2827;1452;1375
10;9;3360;1674;1686
10;1489;1389;772;617
10;1402;1294;668;626
10;1315;1379;667;712
10;1228;1330;700;630
10;1141;1468;723;745
10;1054;1530;802;728
10;967;1503;771;732
10;880;1580;834;746
10;793;1767;922;845
10;706;1964;1040;924
10;619;2039;1031;1008
10;532;2080;1094;986
10;445;2184;1154;1030
10;358;2370;1196;1174
10;271;2578;1264;1314
10;184;2821;1450;1371
10;97;3342;1657;1685
10;10;3195;1577;1618
10;1490;1270;660;610
10;1403;1344;650;694
10;1316;1310;693;617
10;1229;1453;719;734
10;1142;1510;787;723
10;1055;1503;773;730
10;968;1569;825;744
10;881;1772;913;859
10;794;1941;1025;916
10;707;2028;1021;1007
10;620;2061;1088;973
10;533;2162;1138;1024
10;446;2337;1177;1160
10;359;2562;1258;1304
10;272;2807;1448;1359
10;185;3312;1646;1666
10;98;3193;1570;1623
10;11;3157;1673;1484
10;1491;1321;637;684
10;1404;1276;681;595
10;1317;1424;700;724
10;1230;1490;776;714
10;1143;1478;761;717
10;1056;1544;815;729
10;969;1750;901;849
10;882;1964;1035;929
10;795;2010;1010;1000
10;708;2050;1081;969
10;621;2147;1126;1021
10;534;2324;1166;1158
10;447;2529;1237;1292
10;360;2782;1440;1342
10;273;3286;1633;1653
10;186;3172;1566;1606
10;99;3121;1652;1469
10;12;3297;1700;1597
10;1492;1259;680;579
10;1405;1402;697;705
10;1318;1464;766;698
10;1231;1458;749;709
10;1144;1525;804;721
10;1057;1732;889;843
10;970;1944;1025;919
10;883;1990;1014;976
10;796;2035;1071;964
10;709;2133;1124;1009
10;622;2298;1150;1148
10;535;2507;1222;1285
10;448;2755;1421;1334
10;361;3250;1616;1634
10;274;3140;1552;1588
10;187;3076;1629;1447
10;100;3260;1680;1580
10;13;3086;1573;1513
10;1493;1391;694;697
10;1406;1442;747;695
10;1319;1442;741;701
10;1232;1511;796;715
10;1145;1715;881;834
10;1058;1932;1021;911
10;971;1961;1000;961
10;884;2016;1051;965
10;797;2123;1116;1007
10;710;2286;1147;1139
10;623;2482;1207;1275
10;536;2715;1394;1321
10;449;3173;1568;1605
10;362;3106;1538;1568
10;275;3026;1612;1414
10;188;3207;1651;1556
10;101;3031;1544;1487
10;14;3227;1640;1587
10;1494;1431;740;691
10;1407;1419;725;694
10;1320;1496;792;704
10;1233;1697;873;824
10;1146;1919;1013;906
10;1059;1948;991;957
10;972;2000;1035;965
10;885;2126;1112;1014
10;798;2271;1143;1128
10;711;2465;1199;1266
10;624;2697;1388;1309
10;537;3136;1551;1585
10;450;3045;1506;1539
10;363;2986;1591;1395
10;276;3145;1625;1520
10;189;2991;1521;1470
10;102;3193;1615;1578
10;15;3302;1699;1603
10;1495;1400;713;687
10;1408;1481;786;695
10;1321;1677;861;816
10;1234;1906;1008;898
10;1147;1935;982;953
10;1060;1984;1027;957
10;973;2108;1105;1003
10;886;2266;1144;1122
10;799;2453;1194;1259
10;712;2673;1375;1298
10;625;3106;1540;1566
10;538;3010;1487;1523
10;451;2890;1535;1355
10;364;3102;1602;1500
10;277;2947;1506;1441
10;190;3149;1589;1560
10;103;3254;1668;1586
10;16;3200;1680;1520
10;1496;1465;775;690
10;1409;1654;845;809
10;1322;1887;1000;887
10;1235;1916;974;942
10;1148;1966;1016;950
10;1061;2090;1098;992
10;974;2249;1139;1110
10;887;2430;1198;1232
10;800;2658;1366;1292
10;713;3076;1526;1550
10;626;2975;1470;1505
10;539;2846;1509;1337
10;452;2989;1538;1451
10;365;2895;1480;1415
10;278;3099;1572;1527
10;191;3205;1642;1563
10;104;3160;1658;1502
10;17;3125;1579;1546
10;1497;1637;832;805
10;1410;1870;995;875
10;1323;1911;972;939
10;1236;1951;1006;945
10;1149;2082;1092;990
10;1062;2229;1135;1094
10;975;2414;1190;1224
10;888;2669;1377;1292
10;801;3060;1518;1542
10;714;2951;1461;1490
10;627;2799;1491;1308
10;540;2939;1513;1426
10;453;2798;1421;1377
10;366;3034;1534;1500
10;279;3152;1626;1526
10;192;3100;1619;1481
10;105;3073;1549;1524
10;18;3074;1561;1513
10;1498;1828;970;858
10;1411;1879;955;924
10;1324;1936;995;941
10;1237;2051;1078;973
10;1150;2211;1125;1086
10;1063;2385;1175;1210
10;976;2651;1363;1288
10;889;2994;1495;1499
10;802;2913;1443;1470
10;715;2763;1472;1291
10;628;2883;1488;1395
10;541;2744;1390;1354
10;454;2910;1463;1447
10;367;3068;1581;1487
10;280;3032;1589;1443
10;193;3042;1536;1506
10;106;2978;1508;1470
10;19;2570;1377;1193
10;1499;1752;907;845
10;1412;1862;964;898
10;1325;2008;1058;950
10;1238;2148;1090;1058
10;1151;2328;1151;1177
10;1064;2571;1331;1240
10;977;2889;1449;1440
10;890;2457;1264;1193
10;803;2713;1443;1270
10;716;2842;1466;1376
10;629;2679;1356;1323
10;542;2830;1419;1411
10;455;2894;1477;1417
10;368;2930;1534;1396
10;281;2962;1504;1458
10;194;2936;1489;1447
10;107;2487;1327;1160
10;20;2163;1160;1003
10;1500;1762;898;864
10;1413;1956;1039;917
10;1326;2099;1063;1036
10;1239;2278;1132;1146
10;1152;2502;1296;1206
10;1065;2819;1424;1395
10;978;2380;1232;1148
10;891;2264;1258;1006
10;804;2778;1440;1338
10;717;2641;1335;1306
10;630;2760;1391;1369
10;543;2798;1433;1365
10;456;2769;1447;1322
10;369;2863;1459;1404
10;282;2868;1458;1410
10;195;2453;1313;1140
10;108;2137;1141;996
10;21;2155;1134;1021
10;1501;1853;991;862
10;1414;2025;1027;998
10;1327;2205;1097;1108
10;1240;2468;1271;1197
10;1153;2742;1383;1359
10;1066;2334;1195;1139
10;979;2194;1225;969
10;892;2209;1185;1024
10;805;2576;1306;1270
10;718;2710;1364;1346
10;631;2713;1396;1317
10;544;2668;1389;1279
10;457;2676;1363;1313
10;370;2775;1416;1359
10;283;2382;1275;1107
10;196;2131;1134;997
10;109;2125;1116;1009
10;22;2184;1156;1028
10;1502;1901;963;938
10;1415;2125;1057;1068
10;1328;2369;1230;1139
10;1241;2683;1354;1329
10;1154;2241;1162;1079
10;1067;2112;1187;925
10;980;2110;1133;977
10;893;2037;1062;975
10;806;2607;1324;1283
10;719;2660;1371;1289
10;632;2588;1345;1243
10;545;2575;1305;1270
10;458;2613;1346;1267
10;371;2313;1242;1071
10;284;2100;1117;983
10;197;2117;1102;1015
10;110;2176;1135;1041
10;23;2234;1158;1076
10;1503;1938;970;968
10;1416;2241;1170;1071
10;1329;2570;1300;1270
10;1242;2135;1137;998
10;1155;2002;1144;858
10;1068;2011;1092;919
10;981;1917;1010;907
10;894;2058;1113;945
10;807;2547;1309;1238
10;720;2530;1319;1211
10;633;2498;1279;1219
10;546;2509;1288;1221
10;459;2179;1175;1004
10;372;1999;1075;924
10;285;2086;1092;994
10;198;2167;1126;1041
10;111;2202;1135;1067
10;24;2298;1180;1118
10;1504;2056;1088;968
10;1417;2416;1232;1184
10;1330;2018;1075;943
10;1243;1902;1101;801
10;1156;1909;1062;847
10;1069;1823;969;854
10;982;1943;1077;866
10;895;1965;1041;924
10;808;2424;1278;1146
10;721;2436;1257;1179
10;634;2430;1243;1187
10;547;2097;1132;965
10;460;1862;1002;860
10;373;2014;1065;949
10;286;2142;1105;1037
10;199;2199;1130;1069
10;112;2262;1158;1104
10;25;2286;1153;1133
10;1505;2218;1156;1062
10;1418;1871;1018;853
10;1331;1794;1032;762
10;1244;1811;1026;785
10;1157;1749;933;816
10;1070;1855;1042;813
10;983;1817;975;842
10;896;1780;951;829
10;809;2321;1202;1119
10;722;2357;1208;1149
10;635;2013;1087;926
10;548;1775;951;824
10;461;1857;983;874
10;374;2048;1061;987
10;287;2123;1090;1033
10;200;2251;1154;1097
10;113;2262;1138;1124
10;26;2300;1125;1175
10;1506;1683;936;747
10;1419;1621;953;668
10;1332;1676;964;712
10;1245;1672;906;766
10;1158;1770;1001;769
10;1071;1712;934;778
10;984;1641;881;760
10;897;1652;872;780
10;810;2240;1153;1087
10;723;1947;1054;893
10;636;1712;925;787
10;549;1778;937;841
10;462;1924;994;930
10;375;2058;1068;990
10;288;2183;1111;1072
10;201;2262;1139;1123
10;114;2269;1109;1160
10;27;2352;1156;1196
10;1507;1462;869;593
10;1420;1528;897;631
10;1333;1588;870;718
10;1246;1697;972;725
10;1159;1608;874;734
10;1072;1567;861;706
10;985;1526;808;718
10;898;1587;842;745
10;811;1846;994;852
10;724;1632;884;748
10;637;1716;905;811
10;550;1873;965;908
10;463;1963;1015;948
10;376;2091;1073;1018
10;289;2209;1107;1102
10;202;2245;1089;1156
10;115;2306;1129;1177
10;28;2370;1141;1229
10;1508;1396;841;555
10;1421;1431;800;631
10;1334;1614;925;689
10;1247;1556;859;697
10;1160;1518;835;683
10;1073;1434;774;660
10;986;1476;787;689
10;899;1550;801;749
10;812;1534;827;707
10;725;1673;890;783
10;638;1823;940;883
10;551;1906;984;922
10;464;2016;1023;993
10;377;2145;1078;1067
10;290;2196;1064;1132
10;203;2278;1111;1167
10;116;2319;1111;1208
10;29;2587;1277;1310
10;1509;1297;711;586
10;1422;1454;852;602
10;1335;1494;833;661
10;1248;1475;812;663
10;1161;1375;736;639
10;1074;1390;740;650
10;987;1481;754;727
10;900;1493;752;741
10;813;1597;854;743
10;726;1783;917;866
10;639;1877;974;903
10;552;1953;986;967
10;465;2087;1050;1037
10;378;2160;1043;1117
10;291;2237;1085;1152
10;204;2309;1103;1206
10;117;2532;1238;1294
10;30;2732;1353;1379
10;1510;1347;798;549
10;1423;1377;769;608
10;1336;1414;786;628
10;1249;1328;706;622
10;1162;1327;713;614
10;1075;1412;721;691
10;988;1417;708;709
10;901;1579;767;812
10;814;1729;891;838
10;727;1825;946;879
10;640;1917;974;943
10;553;2031;1012;1019
10;466;2113;1009;1104
10;379;2174;1052;1122
10;292;2238;1067;1171
10;205;2497;1217;1280
10;118;2659;1315;1344
10;31;2669;1307;1362
10;1511;1297;721;576
10;1424;1291;717;574
10;1337;1274;680;594
10;1250;1287;699;588
10;1163;1396;709;687
10;1076;1371;681;690
10;989;1525;737;788
10;902;1634;805;829
10;815;1761;911;850
10;728;1860;941;919
10;641;1986;987;999
10;554;2070;986;1084
10;467;2104;1019;1085
10;380;2181;1032;1149
10;293;2438;1183;1255
10;206;2638;1304;1334
10;119;2622;1283;1339
10;32;2573;1325;1248
10;1512;1225;669;556
10;1425;1173;629;544
10;1338;1237;671;566
10;1251;1343;693;650
10;1164;1340;659;681
10;1077;1490;717;773
10;990;1556;777;779
10;903;1686;831;855
10;816;1816;922;894
10;729;1956;977;979
10;642;2033;971;1062
10;555;2049;983;1066
10;468;2116;997;1119
10;381;2371;1139;1232
10;294;2577;1273;1304
10;207;2595;1272;1323
10;120;2528;1296;1232
10;33;2485;1215;1270
10;1513;1122;595;527
10;1426;1132;613;519
10;1339;1289;663;626
10;1252;1333;659;674
10;1165;1447;698;749
10;1078;1514;748;766
10;991;1616;798;818
10;904;1706;843;863
10;817;1894;940;954
10;730;1997;941;1056
10;643;2028;972;1056
10;556;2077;974;1103
10;469;2298;1092;1206
10;382;2541;1253;1288
10;295;2565;1254;1311
10;208;2496;1286;1210
10;121;2447;1186;1261
10;34;2624;1291;1333
10;1514;1068;563;505
10;1427;1206;627;579
10;1340;1307;644;663
10;1253;1440;688;752
10;1166;1470;733;737
10;1079;1586;785;801
10;992;1666;818;848
10;905;1894;923;971
10;818;1946;915;1031
10;731;1995;955;1040
10;644;2040;957;1083
10;557;2261;1064;1197
10;470;2455;1198;1257
10;383;2497;1215;1282
10;296;2460;1260;1200
10;209;2418;1180;1238
10;122;2584;1265;1319
10;35;2608;1308;1300
10;1515;1126;584;542
10;1428;1242;606;636
10;1341;1373;643;730
10;1254;1437;709;728
10;1167;1539;767;772
10;1080;1633;802;831
10;993;1849;903;946
10;906;1846;881;965
10;819;1948;930;1018
10;732;2004;934;1070
10;645;2223;1047;1176
10;558;2410;1176;1234
10;471;2417;1168;1249
10;384;2405;1223;1182
10;297;2386;1164;1222
10;210;2546;1241;1305
10;123;2568;1281;1287
10;36;2603;1313;1290
10;1516;1196;585;611
10;1429;1320;620;700
10;1342;1428;703;725
10;1255;1501;747;754
10;1168;1609;789;820
10;1081;1808;878;930
10;994;1806;871;935
10;907;2001;965;1036
10;820;1956;910;1046
10;733;2201;1038;1163
10;646;2350;1137;1213
10;559;2363;1134;1229
10;472;2322;1175;1147
10;385;2337;1135;1202
10;298;2513;1223;1290
10;211;2537;1264;1273
10;124;2575;1296;1279
10;37;2779;1380;1399
10;1517;1286;601;685
10;1430;1361;673;688
10;1343;1479;739;740
10;1256;1595;776;819
10;1169;1777;858;919
10;1082;1773;858;915
10;995;1968;950;1018
10;908;2037;962;1075
10;821;2159;1011;1148
10;734;2314;1114;1200
10;647;2327;1117;1210
10;560;2284;1150;1134
10;473;2264;1089;1175
10;386;2460;1195;1265
10;299;2512;1253;1259
10;212;2551;1286;1265
10;125;2727;1341;1386
10;38;2687;1292;1395
10;1518;1312;651;661
10;1431;1432;712;720
10;1344;1560;762;798
10;1257;1760;850;910
10;1170;1755;851;904
10;1083;1943;933;1010
10;996;2004;943;1061
10;909;2209;1060;1149
10;822;2281;1091;1190
10;735;2287;1092;1195
10;648;2247;1128;1119
10;561;2216;1060;1156
10;474;2390;1153;1237
10;387;2473;1229;1244
10;300;2514;1266;1248
10;213;2701;1332;1369
10;126;2639;1258;1381
10;39;2860;1466;1394
10;1519;1391;693;698
10;1432;1524;743;781
10;1345;1738;841;897
10;1258;1729;843;886
10;1171;1914;920;994
10;1084;1984;936;1048
10;997;2174;1040;1134
10;910;2341;1137;1204
10;823;2255;1074;1181
10;736;2232;1125;1107
10;649;2179;1040;1139
10;562;2337;1119;1218
10;475;2404;1188;1216
10;388;2461;1226;1235
10;301;2655;1312;1343
10;214;2616;1249;1367
10;127;2803;1430;1373
10;40;2958;1426;1532
10;1520;1482;715;767
10;1433;1689;821;868
10;1346;1714;833;881
10;1259;1894;913;981
10;1172;1962;922;1040
10;1085;2143;1027;1116
10;998;2302;1128;1174
10;911;2303;1105;1198
10;824;2180;1092;1088
10;737;2156;1030;1126
10;650;2297;1097;1200
10;563;2358;1163;1195
10;476;2390;1181;1209
10;389;2601;1283;1318
10;302;2564;1225;1339
10;215;2779;1418;1361
10;128;2901;1387;1514
10;41;2849;1432;1417
10;1521;1645;802;843
10;1434;1680;811;869
10;1347;1872;905;967
10;1260;1943;915;1028
10;1173;2112;1010;1102
10;1086;2281;1110;1171
10;999;2266;1084;1182
10;912;2202;1091;1111
10;825;2119;1004;1115
10;738;2269;1082;1187
10;651;2336;1157;1179
10;564;2350;1156;1194
10;477;2527;1240;1287
10;390;2511;1198;1313
10;303;2735;1400;1335
10;216;2870;1373;1497
10;129;2808;1403;1405
10;42;2838;1384;1454
10;1522;1634;786;848
10;1435;1846;891;955
10;1348;1917;907;1010
10;1261;2097;1000;1097
10;1174;2266;1104;1162
10;1087;2247;1080;1167
10;1000;2160;1065;1095
10;913;2210;1068;1142
10;826;2241;1060;1181
10;739;2306;1140;1166
10;652;2305;1140;1165
10;565;2477;1208;1269
10;478;2427;1143;1284
10;391;2680;1369;1311
10;304;2833;1357;1476
10;217;2783;1388;1395
10;130;2797;1361;1436
10;43;2735;1309;1426
10;1523;1803;870;933
10;1436;1884;888;996
10;1349;2078;981;1097
10;1262;2241;1094;1147
10;1175;2216;1063;1153
10;1088;2138;1056;1082
10;1001;2165;1043;1122
10;914;2254;1054;1200
10;827;2265;1113;1152
10;740;2276;1123;1153
10;653;2419;1171;1248
10;566;2359;1106;1253
10;479;2619;1331;1288
10;392;2786;1329;1457
10;305;2756;1372;1384
10;218;2763;1345;1418
10;131;2714;1306;1408
10;44;2516;1224;1292
10;1524;1854;870;984
10;1437;2047;964;1083
10;1350;2213;1078;1135
10;1263;2194;1063;1131
10;1176;2102;1036;1066
10;1089;2157;1039;1118
10;1002;2219;1033;1186
10;915;2272;1105;1167
10;828;2244;1105;1139
10;741;2395;1162;1233
10;654;2303;1075;1228
10;567;2557;1289;1268
10;480;2720;1289;1431
10;393;2733;1358;1375
10;306;2707;1308;1399
10;219;2698;1295;1403
10;132;2480;1205;1275
10;45;2353;1131;1222
10;1525;2001;936;1065
10;1438;2175;1063;1112
10;1351;2157;1045;1112
10;1264;2082;1026;1056
10;1177;2127;1022;1105
10;1090;2187;1019;1168
10;1003;2233;1085;1148
10;916;2236;1116;1120
10;829;2326;1115;1211
10;742;2272;1056;1216
10;655;2511;1260;1251
10;568;2669;1266;1403
10;481;2674;1325;1349
10;394;2664;1286;1378
10;307;2670;1287;1383
10;220;2448;1183;1265
10;133;2305;1102;1203
10;46;2394;1142;1252
10;1526;2139;1045;1094
10;1439;2119;1029;1090
10;1352;2062;1017;1045
10;1265;2106;1018;1088
10;1178;2173;1008;1165
10;1091;2200;1066;1134
10;1004;2192;1093;1099
10;917;2366;1121;1245
10;830;2225;1028;1197
10;743;2481;1246;1235
10;656;2619;1236;1383
10;569;2645;1307;1338
10;482;2608;1249;1359
10;395;2643;1274;1369
10;308;2398;1153;1245
10;221;2288;1094;1194
10;134;2347;1113;1234
10;47;2049;980;1069
10;1527;2090;1013;1077
10;1440;2022;994;1028
10;1353;2084;1003;1081
10;1266;2149;994;1155
10;1179;2184;1057;1127
10;1092;2165;1077;1088
10;1005;2351;1111;1240
10;918;2271;1058;1213
10;831;2440;1223;1217
10;744;2580;1220;1360
10;657;2601;1284;1317
10;570;2567;1231;1336
10;483;2596;1243;1353
10;396;2368;1137;1231
10;309;2253;1078;1175
10;222;2311;1096;1215
10;135;2026;971;1055
10;48;2013;980;1033
10;1528;1987;973;1014
10;1441;2061;993;1068
10;1354;2132;983;1149
10;1267;2174;1050;1124
10;1180;2143;1062;1081
10;1093;2319;1092;1227
10;1006;2243;1043;1200
10;919;2423;1207;1216
10;832;2543;1197;1346
10;745;2564;1266;1298
10;658;2532;1205;1327
10;571;2557;1208;1349
10;484;2316;1101;1215
10;397;2208;1052;1156
10;310;2275;1073;1202
10;223;2006;959;1047
10;136;1973;958;1015
10;49;2085;983;1102
10;1529;2027;966;1061
10;1442;2108;974;1134
10;1355;2167;1048;1119
10;1268;2135;1057;1078
10;1181;2300;1085;1215
10;1094;2218;1020;1198
10;1007;2392;1191;1201
10;920;2548;1199;1349
10;833;2520;1239;1281
10;746;2500;1185;1315
10;659;2532;1200;1332
10;572;2283;1074;1209
10;485;2146;1012;1134
10;398;2232;1051;1181
10;311;1970;936;1034
10;224;1956;947;1009
10;137;2032;951;1081
10;50;1988;953;1035
10;1530;2084;954;1130
10;1443;2144;1033;1111
10;1356;2129;1050;1079
10;1269;2285;1078;1207
10;1182;2205;1016;1189
10;1095;2375;1181;1194
10;1008;2506;1174;1332
10;921;2497;1213;1284
10;834;2468;1164;1304
10;747;2498;1183;1315
10;660;2252;1055;1197
10;573;2090;979;1111
10;486;2182;1020;1162
10;399;1941;916;1025
10;312;1917;928;989
10;225;2015;948;1067
10;138;1952;924;1028
10;51;2117;1030;1087
10;1531;2127;1022;1105
10;1444;2083;1020;1063
10;1357;2241;1051;1190
10;1270;2194;1006;1188
10;1183;2351;1166;1185
10;1096;2497;1171;1326
10;1009;2463;1194;1269
10;922;2480;1165;1315
10;835;2466;1167;1299
10;748;2220;1037;1183
10;661;2055;955;1100
10;574;2144;999;1145
10;487;1903;889;1014
10;400;1883;908;975
10;313;1978;924;1054
10;226;1917;907;1010
10;139;2075;1001;1074
10;52;2077;965;1112
10;1532;2063;1010;1053
10;1445;2210;1038;1172
10;1358;2176;996;1180
10;1271;2327;1155;1172
10;1184;2478;1164;1314
10;1097;2432;1175;1257
10;1010;2431;1137;1294
10;923;2465;1162;1303
10;836;2186;1017;1169
10;749;2029;939;1090
10;662;2112;984;1128
10;575;1870;868;1002
10;488;1839;879;960
10;401;1927;887;1040
10;314;1882;889;993
10;227;2042;982;1060
10;140;2043;941;1102
10;53;1846;872;974
10;1533;2182;1018;1164
10;1446;2145;986;1159
10;1359;2302;1139;1163
10;1272;2448;1139;1309
10;1185;2386;1153;1233
10;1098;2409;1123;1286
10;1011;2427;1134;1293
10;924;2235;1061;1174
10;837;1984;910;1074
10;750;2082;965;1117
10;663;1839;851;988
10;576;1786;844;942
10;489;1888;862;1026
10;402;1846;867;979
10;315;2003;963;1040
10;228;2039;943;1096
10;141;1822;860;962
10;54;1658;764;894
10;1534;2113;966;1147
10;1447;2267;1117;1150
10;1360;2420;1125;1295
10;1273;2356;1129;1227
10;1186;2374;1102;1272
10;1099;2390;1102;1288
10;1012;2218;1044;1174
10;925;2006;921;1085
10;838;2044;939;1105
10;751;1803;830;973
10;664;1769;836;933
10;577;1850;842;1008
10;490;1802;847;955
10;403;1975;941;1034
10;316;2004;918;1086
10;229;1790;836;954
10;142;1610;743;867
10;55;1639;755;884
10;1535;2238;1100;1138
10;1448;2370;1093;1277
10;1361;2320;1101;1219
10;1274;2343;1083;1260
10;1187;2354;1082;1272
10;1100;2189;1027;1162
10;1013;1972;896;1076
10;926;2109;982;1127
10;839;1765;808;957
10;752;1742;822;920
10;665;1812;819;993
10;578;1754;810;944
10;491;1929;912;1017
10;404;1968;893;1075
10;317;1762;818;944
10;230;1589;729;860
10;143;1597;730;867
10;56;1746;764;982
10;1536;2339;1076;1263
10;1449;2283;1074;1209
10;1362;2304;1061;1243
10;1275;2351;1078;1273
10;1188;2154;1006;1148
10;1101;1941;873;1068
10;1014;2074;963;1111
10;927;1768;815;953
10;840;1697;797;900
10;753;1771;795;976
10;666;1716;786;930
10;579;1886;884;1002
10;492;1912;854;1058
10;405;1739;804;935
10;318;1557;707;850
10;231;1567;712;855
10;144;1702;748;954
10;57;1549;675;874
10;1537;2258;1053;1205
10;1450;2270;1041;1229
10;1363;2323;1061;1262
10;1276;2122;987;1135
10;1189;1920;858;1062
10;1102;2044;944;1100
10;1015;1749;803;946
10;928;1711;798;913
10;841;1745;776;969
10;754;1680;765;915
10;667;1843;856;987
10;580;1864;822;1042
10;493;1712;778;934
10;406;1523;686;837
10;319;1515;679;836
10;232;1668;719;949
10;145;1516;659;857
10;58;1742;760;982
10;1538;2232;1016;1216
10;1451;2296;1045;1251
10;1364;2108;975;1133
10;1277;1903;846;1057
10;1190;2020;925;1095
10;1103;1713;778;935
10;1016;1681;774;907
10;929;1798;806;992
10;842;1642;739;903
10;755;1805;837;968
10;668;1827;796;1031
10;581;1671;747;924
10;494;1493;670;823
10;407;1485;661;824
10;320;1633;701;932
10;233;1495;643;852
10;146;1690;734;956
10;59;1825;800;1025
10;1539;2263;1025;1238
10;1452;2077;955;1122
10;1365;1872;827;1045
10;1278;1995;911;1084
10;1191;1684;756;928
10;1104;1657;757;900
10;1017;1763;785;978
10;930;1686;772;914
10;843;1766;813;953
10;756;1794;779;1015
10;669;1645;729;916
10;582;1454;644;810
10;495;1444;639;805
10;408;1601;684;917
10;321;1472;627;845
10;234;1671;723;948
10;147;1780;775;1005
10;60;1886;867;1019
10;1540;2045;936;1109
10;1453;1844;808;1036
10;1366;1973;897;1076
10;1279;1659;735;924
10;1192;1638;745;893
10;1105;1744;771;973
10;1018;1658;746;912
10;931;1771;794;977
10;844;1755;757;998
10;757;1605;704;901
10;670;1422;623;799
10;583;1398;608;790
10;496;1573;662;911
10;409;1448;611;837
10;322;1620;695;925
10;235;1736;751;985
10;148;1860;851;1009
10;61;1693;714;979
10;1541;1818;794;1024
10;1454;1939;878;1061
10;1367;1642;723;919
10;1280;1619;734;885
10;1193;1716;754;962
10;1106;1624;723;901
10;1019;1747;771;976
10;932;1788;766;1022
10;845;1574;687;887
10;758;1397;610;787
10;671;1367;588;779
10;584;1526;630;896
10;497;1399;578;821
10;410;1583;676;907
10;323;1697;725;972
10;236;1832;834;998
10;149;1687;714;973
10;62;1633;680;953
10;1542;1927;869;1058
10;1455;1611;699;912
10;1368;1599;718;881
10;1281;1684;732;952
10;1194;1593;704;889
10;1107;1718;750;968
10;1020;1756;743;1013
10;933;1624;703;921
10;846;1360;578;782
10;759;1326;558;768
10;672;1480;609;871
10;585;1366;555;811
10;498;1528;636;892
10;411;1660;703;957
10;324;1803;818;985
10;237;1663;698;965
10;150;1620;673;947
10;63;1653;692;961
10;1543;1583;684;899
10;1456;1562;688;874
10;1369;1658;713;945
10;1282;1569;692;877
10;1195;1687;731;956
10;1108;1717;716;1001
10;1021;1589;676;913
10;934;1385;591;794
10;847;1297;545;752
10;760;1447;589;858
10;673;1324;531;793
10;586;1471;602;869
10;499;1602;656;946
10;412;1754;791;963
10;325;1630;680;950
10;238;1595;649;946
10;151;1636;680;956
10;64;1644;648;996
10;1544;1536;671;865
10;1457;1624;685;939
10;1370;1540;669;871
10;1283;1657;703;954
10;1196;1686;694;992
10;1109;1554;654;900
10;1022;1354;570;784
10;935;1323;563;760
10;848;1412;571;841
10;761;1297;519;778
10;674;1429;577;852
10;587;1548;624;924
10;500;1698;752;946
10;413;1572;644;928
10;326;1571;629;942
10;239;1618;667;951
10;152;1626;633;993
10;65;1850;788;1062
10;1545;1599;667;932
10;1458;1506;651;855
10;1371;1617;678;939
10;1284;1650;670;980
10;1197;1521;630;891
10;1110;1325;548;777
10;1023;1305;552;753
10;936;1445;579;866
10;849;1263;495;768
10;762;1395;558;837
10;675;1509;599;910
10;588;1637;709;928
10;501;1519;609;910
10;414;1542;613;929
10;327;1602;648;954
10;240;1606;623;983
10;153;1825;766;1059
10;66;1731;697;1034
10;1546;1478;633;845
10;1459;1581;652;929
10;1372;1615;649;966
10;1285;1498;612;886
10;1198;1296;527;769
10;1111;1276;539;737
10;1024;1416;557;859
10;937;1286;501;785
10;850;1369;544;825
10;763;1472;580;892
10;676;1578;671;907
10;589;1464;581;883
10;502;1505;591;914
10;415;1560;630;930
10;328;1584;598;986
10;241;1803;751;1052
10;154;1699;669;1030
10;67;1537;607;930
10;1547;1557;637;920
10;1460;1579;629;950
10;1373;1459;584;875
10;1286;1271;513;758
10;1199;1249;518;731
10;1112;1379;537;842
10;1025;1263;487;776
10;938;1396;552;844
10;851;1422;549;873
10;764;1533;647;886
10;677;1423;554;869
10;590;1467;563;904
10;503;1510;596;914
10;416;1548;576;972
10;329;1773;729;1044
10;242;1687;665;1022
10;155;1515;591;924
10;68;1625;628;997
10;1548;1539;597;942
10;1461;1429;561;868
10;1374;1236;493;743
10;1287;1215;500;715
10;1200;1335;504;831
10;1113;1217;459;758
10;1026;1369;537;832
10;939;1461;558;903
10;852;1490;627;863
10;765;1395;534;861
10;678;1425;537;888
10;591;1466;570;896
10;504;1498;550;948
10;417;1715;692;1023
10;330;1647;636;1011
10;243;1479;567;912
10;156;1600;607;993
10;69;1561;614;947
10;1549;1397;538;859
10;1462;1198;475;723
10;1375;1185;483;702
10;1288;1304;483;821
10;1201;1198;445;753
10;1114;1337;514;823
10;1027;1417;528;889
10;940;1512;640;872
10;853;1349;504;845
10;766;1389;514;875
10;679;1430;545;885
10;592;1448;520;928
10;505;1653;654;999
10;418;1599;612;987
10;331;1451;542;909
10;244;1558;578;980
10;157;1531;590;941
10;70;1534;605;929
10;1550;1164;452;712
10;1463;1160;468;692
10;1376;1269;462;807
10;1289;1158;420;738
10;1202;1299;493;806
10;1115;1380;510;870
10;1028;1463;607;856
10;941;1376;501;875
10;854;1343;492;851
10;767;1382;513;869
10;680;1404;493;911
10;593;1615;625;990
10;506;1538;563;975
10;419;1403;513;890
10;332;1525;558;967
10;245;1495;563;932
10;158;1515;596;919
10;71;1404;532;872
10;1551;1128;451;677
10;1464;1234;440;794
10;1377;1128;400;728
10;1290;1267;475;792
10;1203;1333;485;848
10;1116;1411;582;829
10;1029;1339;478;861
10;942;1339;488;851
10;855;1346;494;852
10;768;1363;473;890
10;681;1548;591;957
10;594;1491;539;952
10;507;1342;483;859
10;420;1485;528;957
10;333;1440;537;903
10;246;1472;573;899
10;159;1365;507;858
10;72;1347;518;829
10;1552;1205;422;783
10;1465;1095;382;713
10;1378;1240;459;781
10;1291;1302;471;831
10;1204;1376;562;814
10;1117;1312;461;851
10;1030;1294;462;832
10;943;1312;474;838
10;856;1309;447;862
10;769;1500;564;936
10;682;1433;508;925
10;595;1304;460;844
10;508;1431;497;934
10;421;1379;499;880
10;334;1424;544;880
10;247;1340;494;846
10;160;1330;507;823
10;73;1512;530;982
10;1553;1056;361;695
10;1466;1200;436;764
10;1379;1250;436;814
10;1292;1320;530;790
10;1205;1256;436;820
10;1118;1263;447;816
10;1031;1259;440;819
10;944;1271;438;833
10;857;1451;542;909
10;770;1388;489;899
10;683;1260;439;821
10;596;1368;467;901
10;509;1327;479;848
10;422;1383;526;857
10;335;1278;455;823
10;248;1278;480;798
10;161;1479;514;965
10;74;1337;444;893
10;1554;1159;410;749
10;1467;1212;416;796
10;1380;1282;510;772
10;1293;1208;413;795
10;1206;1220;417;803
10;1119;1223;424;799
10;1032;1223;420;803
10;945;1422;517;905
10;858;1337;470;867
10;771;1204;412;792
10;684;1309;435;874
10;597;1265;451;814
10;510;1322;490;832
10;423;1236;436;800
10;336;1236;458;778
10;249;1436;487;949
10;162;1294;419;875
10;75;1184;382;802
10;1555;1162;383;779
10;1468;1230;475;755
10;1381;1159;387;772
10;1294;1173;393;780
10;1207;1171;396;775
10;1120;1183;399;784
10;1033;1356;475;881
10;946;1302;447;855
10;859;1163;390;773
10;772;1240;408;832
10;685;1213;432;781
10;598;1254;454;800
10;511;1189;408;781
10;424;1182;427;755
10;337;1383;454;929
10;250;1230;387;843
10;163;1148;363;785
10;76;1207;381;826
10;1556;1173;446;727
10;1469;1125;370;755
10;1382;1122;365;757
10;1295;1112;367;745
10;1208;1138;375;763
10;1121;1295;440;855
10;1034;1256;420;836
10;947;1127;377;750
10;860;1185;384;801
10;773;1158;406;752
10;686;1185;412;773
10;599;1136;385;751
10;512;1122;400;722
10;425;1329;432;897
10;338;1172;355;817
10;251;1103;340;763
10;164;1154;356;798
10;77;1091;346;745
10;1557;1062;335;727
10;1470;1080;341;739
10;1383;1059;344;715
10;1296;1090;356;734
10;1209;1228;407;821
10;1122;1198;393;805
10;1035;1071;352;719
10;948;1146;372;774
10;861;1090;371;719
10;774;1124;390;734
10;687;1094;362;732
10;600;1049;360;689
10;513;1251;396;855
10;426;1116;334;782
10;339;1047;317;730
10;252;1103;331;772
10;165;1047;331;716
10;78;1004;345;659
10;1558;1041;319;722
10;1471;993;319;674
10;1384;1037;328;709
10;1297;1155;362;793
10;1210;1132;374;758
10;1123;1024;330;694
10;1036;1084;344;740
10;949;1046;353;693
10;862;1064;357;707
10;775;1037;339;698
10;688;983;331;652
10;601;1164;352;812
10;514;1038;303;735
10;427;986;293;693
10;340;1046;312;734
10;253;979;305;674
10;166;960;317;643
10;79;904;306;598
10;1559;940;294;646
10;1472;986;303;683
10;1385;1099;341;758
10;1298;1069;352;717
10;1211;967;303;664
10;1124;1029;313;716
10;1037;989;326;663
10;950;1011;328;683
10;863;973;317;656
10;776;924;306;618
10;689;1091;334;757
10;602;978;273;705
10;515;923;261;662
10;428;972;285;687
10;341;912;263;649
10;254;900;287;613
10;167;848;278;570
10;80;808;244;564
10;1560;927;281;646
10;1473;1026;313;713
10;1386;1009;332;677
10;1299;906;273;633
10;1212;971;287;684
10;1125;928;299;629
10;1038;948;300;648
10;951;928;287;641
10;864;862;279;583
10;777;1008;304;704
10;690;909;248;661
10;603;864;237;627
10;516;916;264;652
10;429;848;238;610
10;342;834;257;577
10;255;798;258;540
10;168;773;221;552
10;81;625;213;412
10;1561;959;275;684
10;1474;949;301;648
10;1387;858;257;601
10;1300;907;267;640
10;1213;851;271;580
10;1126;877;262;615
10;1039;869;265;604
10;952;801;248;553
10;865;920;264;656
10;778;845;230;615
10;691;806;218;588
10;604;826;237;589
10;517;759;200;559
10;430;790;240;550
10;343;728;229;499
10;256;717;194;523
10;169;579;192;387
10;82;519;167;352
10;1562;879;272;607
10;1475;805;234;571
10;1388;848;238;610
10;1301;784;241;543
10;1214;800;231;569
10;1127;809;244;565
10;1040;727;220;507
10;953;841;231;610
10;866;776;207;569
10;779;733;199;534
10;692;754;211;543
10;605;706;186;520
10;518;711;205;506
10;431;679;216;463
10;344;655;169;486
10;257;520;162;358
10;170;478;159;319
10;83;368;106;262
10;1563;724;202;522
10;1476;771;209;562
10;1389;718;211;507
10;1302;721;202;519
10;1215;729;211;518
10;1128;664;195;469
10;1041;767;203;564
10;954;750;199;551
10;867;668;179;489
10;780;668;186;482
10;693;639;167;472
10;606;647;181;466
10;519;605;183;422
10;432;593;157;436
10;345;477;145;332
10;258;425;140;285
10;171;338;96;242
10;84;317;96;221
10;1564;700;181;519
10;1477;646;184;462
10;1390;641;179;462
10;1303;662;184;478
10;1216;580;168;412
10;1129;700;174;526
10;1042;683;176;507
10;955;592;145;447
10;868;613;169;444
10;781;579;141;438
10;694;584;150;434
10;607;546;160;386
10;520;519;130;389
10;433;433;130;303
10;346;380;119;261
10;259;306;74;232
10;172;281;83;198
10;85;354;115;239
10;1565;3090;762;2328
10;1478;3051;742;2309
10;1391;2986;720;2266
10;1304;2895;676;2219
10;1217;2890;665;2225
10;1130;2749;660;2089
10;1043;2574;611;1963
10;956;2453;601;1852
10;869;2348;599;1749
10;782;2216;577;1639
10;695;2049;562;1487
10;608;1958;537;1421
10;521;1787;498;1289
10;434;1748;478;1270
10;347;1768;494;1274
10;260;1789;513;1276
10;173;1896;554;1342
10;86;1893;544;1349
10;1566;134139;62736;71403
10;1479;137769;64518;73251
10;1392;141293;66201;75092
10;1305;143511;67228;76283
10;1218;145482;68034;77448
10;1131;147728;69056;78672
10;1044;149843;70041;79802
10;957;152594;71376;81218
10;870;157718;73830;83888
10;783;160532;75219;85313
10;696;162431;75996;86435
10;609;164963;77170;87793
10;522;167888;78876;89012
10;435;172426;81423;91003
10;348;175090;82733;92357
10;261;177139;83734;93405
10;174;178315;84329;93986
10;87;179952;85319;94633
11;1480;987;513;474
11;1393;1069;568;501
11;1306;1140;576;564
11;1219;1146;624;522
11;1132;1111;559;552
11;1045;1152;594;558
11;958;1136;596;540
11;871;1055;536;519
11;784;1239;626;613
11;697;1327;674;653
11;610;1197;634;563
11;523;1262;647;615
11;436;1292;657;635
11;349;1314;682;632
11;262;1312;696;616
11;175;1278;619;659
11;88;1482;767;715
11;1;1553;823;730
11;1481;1053;560;493
11;1394;1122;576;546
11;1307;1141;620;521
11;1220;1110;552;558
11;1133;1142;586;556
11;1046;1122;586;536
11;959;1043;528;515
11;872;1130;579;551
11;785;1305;658;647
11;698;1178;621;557
11;611;1251;640;611
11;524;1285;654;631
11;437;1294;672;622
11;350;1289;689;600
11;263;1271;615;656
11;176;1475;765;710
11;89;1548;814;734
11;2;1701;868;833
11;1482;1100;561;539
11;1395;1122;605;517
11;1308;1079;542;537
11;1221;1110;567;543
11;1134;1098;575;523
11;1047;991;509;482
11;960;1125;580;545
11;873;1190;604;586
11;786;1158;608;550
11;699;1236;634;602
11;612;1272;643;629
11;525;1276;664;612
11;438;1265;674;591
11;351;1258;607;651
11;264;1460;757;703
11;177;1542;810;732
11;90;1690;862;828
11;3;1647;838;809
11;1483;1113;594;519
11;1396;1076;542;534
11;1309;1082;550;532
11;1222;1086;568;518
11;1135;979;496;483
11;1048;1078;558;520
11;961;1168;588;580
11;874;1058;553;505
11;787;1209;624;585
11;700;1251;633;618
11;613;1259;652;607
11;526;1264;668;596
11;439;1235;595;640
11;352;1455;754;701
11;265;1532;808;724
11;178;1667;849;818
11;91;1637;836;801
11;4;1753;887;866
11;1484;1087;546;541
11;1397;1067;544;523
11;1310;1056;547;509
11;1223;957;487;470
11;1136;1047;539;508
11;1049;1151;576;575
11;962;1049;548;501
11;875;1119;567;552
11;788;1231;630;601
11;701;1230;639;591
11;614;1236;657;579
11;527;1221;593;628
11;440;1421;737;684
11;353;1516;795;721
11;266;1673;854;819
11;179;1625;829;796
11;92;1740;881;859
11;5;1809;917;892
11;1485;1066;544;522
11;1398;1035;540;495
11;1311;956;490;466
11;1224;1039;537;502
11;1137;1132;566;566
11;1050;1027;534;493
11;963;1081;551;530
11;876;1151;596;555
11;789;1212;628;584
11;702;1217;646;571
11;615;1206;585;621
11;528;1411;733;678
11;441;1497;787;710
11;354;1648;850;798
11;267;1611;819;792
11;180;1736;882;854
11;93;1796;907;889
11;6;1925;977;948
11;1486;1023;532;491
11;1399;922;467;455
11;1312;1025;538;487
11;1225;1113;553;560
11;1138;1002;515;487
11;1051;1050;533;517
11;964;1134;588;546
11;877;1132;594;538
11;790;1196;636;560
11;703;1187;575;612
11;616;1395;725;670
11;529;1478;774;704
11;442;1630;843;787
11;355;1596;815;781
11;268;1738;884;854
11;181;1792;906;886
11;94;1905;966;939
11;7;2004;1055;949
11;1487;923;474;449
11;1400;1019;537;482
11;1313;1091;543;548
11;1226;985;509;476
11;1139;1036;533;503
11;1052;1122;587;535
11;965;1117;588;529
11;878;1170;632;538
11;791;1174;566;608
11;704;1385;716;669
11;617;1470;771;699
11;530;1621;837;784
11;443;1586;807;779
11;356;1722;872;850
11;269;1786;903;883
11;182;1887;959;928
11;95;1997;1055;942
11;8;2326;1210;1116
11;1488;1013;533;480
11;1401;1077;542;535
11;1314;984;511;473
11;1227;1036;530;506
11;1140;1109;583;526
11;1053;1106;580;526
11;966;1161;631;530
11;879;1158;546;612
11;792;1369;712;657
11;705;1453;759;694
11;618;1611;828;783
11;531;1578;801;777
11;444;1702;859;843
11;357;1774;899;875
11;270;1877;954;923
11;183;1988;1049;939
11;96;2315;1208;1107
11;9;2702;1363;1339
11;1489;1072;538;534
11;1402;980;515;465
11;1315;1030;527;503
11;1228;1110;585;525
11;1141;1096;578;518
11;1054;1149;625;524
11;967;1151;544;607
11;880;1314;686;628
11;793;1440;753;687
11;706;1611;829;782
11;619;1572;795;777
11;532;1688;853;835
11;445;1765;896;869
11;358;1861;944;917
11;271;1972;1042;930
11;184;2300;1195;1105
11;97;2663;1336;1327
11;10;2657;1392;1265
11;1490;971;511;460
11;1403;1014;520;494
11;1316;1104;579;525
11;1229;1093;577;516
11;1142;1138;620;518
11;1055;1143;543;600
11;968;1301;681;620
11;881;1442;761;681
11;794;1598;820;778
11;707;1555;782;773
11;620;1678;847;831
11;533;1754;891;863
11;446;1851;940;911
11;359;1960;1036;924
11;272;2281;1183;1098
11;185;2636;1331;1305
11;98;2638;1386;1252
11;11;2757;1449;1308
11;1491;1000;509;491
11;1404;1087;566;521
11;1317;1086;573;513
11;1230;1122;611;511
11;1143;1116;529;587
11;1056;1281;671;610
11;969;1422;751;671
11;882;1579;809;770
11;795;1536;775;761
11;708;1676;849;827
11;621;1749;888;861
11;534;1848;936;912
11;447;1948;1030;918
11;360;2268;1179;1089
11;273;2610;1319;1291
11;186;2616;1373;1243
11;99;2721;1425;1296
11;12;2790;1437;1353
11;1492;1067;555;512
11;1405;1064;562;502
11;1318;1114;604;510
11;1231;1107;526;581
11;1144;1271;670;601
11;1057;1412;742;670
11;970;1555;794;761
11;883;1540;772;768
11;796;1667;847;820
11;709;1729;882;847
11;622;1846;937;909
11;535;1943;1023;920
11;448;2253;1170;1083
11;361;2580;1304;1276
11;274;2585;1356;1229
11;187;2686;1409;1277
11;100;2752;1421;1331
11;13;3010;1530;1480
11;1493;1053;556;497
11;1406;1104;596;508
11;1319;1101;524;577
11;1232;1258;659;599
11;1145;1398;737;661
11;1058;1540;779;761
11;971;1525;766;759
11;884;1652;852;800
11;797;1714;873;841
11;710;1824;922;902
11;623;1942;1024;918
11;536;2232;1160;1072
11;449;2536;1274;1262
11;362;2568;1344;1224
11;275;2658;1402;1256
11;188;2711;1399;1312
11;101;2960;1508;1452
11;14;3199;1627;1572
11;1494;1095;594;501
11;1407;1086;519;567
11;1320;1236;649;587
11;1233;1397;740;657
11;1146;1528;773;755
11;1059;1508;759;749
11;972;1629;842;787
11;885;1710;883;827
11;798;1804;909;895
11;711;1921;1010;911
11;624;2224;1153;1071
11;537;2517;1269;1248
11;450;2534;1327;1207
11;363;2617;1382;1235
11;276;2658;1375;1283
11;189;2921;1479;1442
11;102;3158;1604;1554
11;15;3146;1623;1523
11;1495;1076;518;558
11;1408;1226;643;583
11;1321;1376;735;641
11;1234;1518;768;750
11;1147;1494;756;738
11;1060;1623;838;785
11;973;1699;881;818
11;886;1809;920;889
11;799;1916;1009;907
11;712;2204;1134;1070
11;625;2507;1259;1248
11;538;2511;1317;1194
11;451;2551;1344;1207
11;364;2617;1354;1263
11;277;2873;1464;1409
11;190;3094;1561;1533
11;103;3099;1590;1509
11;16;3157;1645;1512
11;1496;1211;633;578
11;1409;1368;726;642
11;1322;1497;755;742
11;1235;1480;753;727
11;1148;1605;826;779
11;1061;1693;881;812
11;974;1794;912;882
11;887;1929;997;932
11;800;2178;1118;1060
11;713;2484;1247;1237
11;626;2495;1304;1191
11;539;2518;1330;1188
11;452;2531;1303;1228
11;365;2816;1432;1384
11;278;3035;1537;1498
11;191;3037;1554;1483
11;104;3108;1620;1488
11;17;3034;1536;1498
11;1497;1352;712;640
11;1410;1477;741;736
11;1323;1469;741;728
11;1236;1599;821;778
11;1149;1684;876;808
11;1062;1779;904;875
11;975;1915;991;924
11;888;2214;1144;1070
11;801;2461;1234;1227
11;714;2472;1287;1185
11;627;2483;1312;1171
11;540;2503;1288;1215
11;453;2727;1376;1351
11;366;2968;1500;1468
11;279;2971;1528;1443
11;192;3051;1585;1466
11;105;2973;1499;1474
11;18;2973;1533;1440
11;1498;1452;725;727
11;1411;1448;729;719
11;1324;1581;816;765
11;1237;1659;865;794
11;1150;1759;896;863
11;1063;1896;980;916
11;976;2196;1131;1065
11;889;2441;1234;1207
11;802;2451;1276;1175
11;715;2453;1301;1152
11;628;2451;1259;1192
11;541;2673;1345;1328
11;454;2854;1434;1420
11;367;2899;1487;1412
11;280;2973;1548;1425
11;193;2914;1476;1438
11;106;2901;1498;1403
11;19;2528;1274;1254
11;1499;1367;696;671
11;1412;1527;788;739
11;1325;1615;840;775
11;1238;1707;878;829
11;1151;1840;958;882
11;1064;2131;1104;1027
11;977;2359;1197;1162
11;890;2150;1158;992
11;803;2415;1282;1133
11;716;2417;1242;1175
11;629;2619;1315;1304
11;542;2788;1405;1383
11;455;2728;1400;1328
11;368;2880;1506;1374
11;281;2828;1440;1388
11;194;2860;1479;1381
11;107;2442;1232;1210
11;20;2190;1207;983
11;1500;1448;743;705
11;1413;1557;811;746
11;1326;1656;849;807
11;1239;1811;941;870
11;1152;2072;1069;1003
11;1065;2309;1162;1147
11;978;2104;1126;978
11;891;2027;1109;918
11;804;2367;1214;1153
11;717;2571;1297;1274
11;630;2719;1368;1351
11;543;2652;1366;1286
11;456;2722;1415;1307
11;369;2729;1390;1339
11;282;2781;1444;1337
11;195;2387;1210;1177
11;108;2137;1178;959
11;21;2009;1093;916
11;1501;1472;761;711
11;1414;1596;818;778
11;1327;1773;924;849
11;1240;2053;1069;984
11;1153;2245;1135;1110
11;1066;2066;1112;954
11;979;1975;1087;888
11;892;1911;1049;862
11;805;2495;1265;1230
11;718;2657;1335;1322
11;631;2571;1325;1246
11;544;2634;1365;1269
11;457;2566;1308;1258
11;370;2681;1396;1285
11;283;2319;1186;1133
11;196;2115;1173;942
11;109;1965;1062;903
11;22;2007;1067;940
11;1502;1504;770;734
11;1415;1728;900;828
11;1328;1977;1026;951
11;1241;2217;1122;1095
11;1154;1983;1069;914
11;1067;1928;1064;864
11;980;1816;1003;813
11;893;1994;1058;936
11;806;2563;1290;1273
11;719;2510;1295;1215
11;632;2569;1327;1242
11;545;2491;1266;1225
11;458;2529;1323;1206
11;371;2231;1147;1084
11;284;2045;1137;908
11;197;1929;1042;887
11;110;1973;1038;935
11;23;1987;1053;934
11;1503;1589;834;755
11;1416;1869;984;885
11;1329;2133;1082;1051
11;1242;1921;1055;866
11;1155;1818;1019;799
11;1068;1707;953;754
11;981;1851;1000;851
11;894;2012;1070;942
11;807;2407;1231;1176
11;720;2509;1301;1208
11;633;2425;1228;1197
11;546;2457;1280;1177
11;459;2116;1093;1023
11;372;1959;1101;858
11;285;1843;1014;829
11;198;1957;1033;924
11;111;1967;1034;933
11;24;1965;1022;943
11;1504;1759;940;819
11;1417;2006;1024;982
11;1330;1812;995;817
11;1243;1739;988;751
11;1156;1641;936;705
11;1069;1714;946;768
11;982;1872;1009;863
11;895;1884;1024;860
11;808;2408;1247;1161
11;721;2342;1193;1149
11;634;2382;1253;1129
11;547;2055;1053;1002
11;460;1845;1048;797
11;373;1750;960;790
11;286;1908;1009;899
11;199;1956;1031;925
11;112;1918;998;920
11;25;2055;1074;981
11;1505;1864;974;890
11;1418;1705;951;754
11;1331;1643;946;697
11;1244;1584;923;661
11;1157;1639;919;720
11;1070;1742;966;776
11;983;1785;982;803
11;896;1832;1001;831
11;809;2241;1147;1094
11;722;2291;1216;1075
11;635;1974;1017;957
11;548;1746;1002;744
11;461;1609;888;721
11;374;1831;988;843
11;287;1900;993;907
11;200;1907;992;915
11;113;2033;1063;970
11;26;2106;1046;1060
11;1506;1556;874;682
11;1419;1509;882;627
11;1332;1487;870;617
11;1245;1551;893;658
11;1158;1634;927;707
11;1071;1652;925;727
11;984;1674;928;746
11;897;1642;888;754
11;810;2166;1157;1009
11;723;1873;971;902
11;636;1676;966;710
11;549;1534;845;689
11;462;1740;937;803
11;375;1832;957;875
11;288;1836;957;879
11;201;1992;1044;948
11;114;2047;1019;1028
11;27;2068;1077;991
11;1507;1385;818;567
11;1420;1354;812;542
11;1333;1444;845;599
11;1246;1540;886;654
11;1159;1551;885;666
11;1072;1526;875;651
11;985;1497;835;662
11;898;1517;824;693
11;811;1767;921;846
11;724;1595;924;671
11;637;1461;808;653
11;550;1675;897;778
11;463;1749;913;836
11;376;1740;912;828
11;289;1933;1011;922
11;202;2001;995;1006
11;115;2036;1061;975
11;28;2146;1114;1032
11;1508;1222;743;479
11;1421;1334;810;524
11;1334;1445;842;603
11;1247;1486;864;622
11;1160;1437;835;602
11;1073;1411;801;610
11;986;1402;760;642
11;899;1441;753;688
11;812;1503;874;629
11;725;1410;781;629
11;638;1588;856;732
11;551;1681;890;791
11;464;1625;845;780
11;377;1872;983;889
11;290;1932;958;974
11;203;1995;1043;952
11;116;2105;1093;1012
11;29;2306;1205;1101
11;1509;1170;725;445
11;1422;1331;785;546
11;1335;1382;827;555
11;1248;1381;817;564
11;1161;1337;767;570
11;1074;1299;707;592
11;987;1329;712;617
11;900;1456;799;657
11;813;1339;744;595
11;726;1535;833;702
11;639;1608;853;755
11;552;1569;812;757
11;465;1788;942;846
11;378;1876;937;939
11;291;1942;1017;925
11;204;2058;1065;993
11;117;2253;1169;1084
11;30;2354;1200;1154
11;1510;1205;719;486
11;1423;1277;763;514
11;1336;1324;802;522
11;1249;1269;737;532
11;1162;1213;663;550
11;1075;1240;673;567
11;988;1361;749;612
11;901;1367;729;638
11;814;1472;792;680
11;727;1548;830;718
11;640;1504;772;732
11;553;1755;921;834
11;466;1816;895;921
11;379;1885;988;897
11;292;2003;1046;957
11;205;2207;1141;1066
11;118;2288;1166;1122
11;31;2410;1206;1204
11;1511;1143;700;443
11;1424;1221;751;470
11;1337;1177;692;485
11;1250;1172;629;543
11;1163;1162;646;516
11;1076;1291;723;568
11;989;1284;695;589
11;902;1464;760;704
11;815;1483;788;695
11;728;1444;750;694
11;641;1707;889;818
11;554;1778;877;901
11;467;1831;955;876
11;380;1944;1009;935
11;293;2162;1119;1043
11;206;2258;1154;1104
11;119;2346;1177;1169
11;32;2469;1244;1225
11;1512;1111;681;430
11;1425;1072;620;452
11;1338;1104;587;517
11;1251;1134;632;502
11;1164;1239;699;540
11;1077;1229;661;568
11;990;1397;726;671
11;903;1557;802;755
11;816;1394;725;669
11;729;1644;855;789
11;642;1744;866;878
11;555;1800;937;863
11;468;1881;975;906
11;381;2112;1089;1023
11;294;2206;1124;1082
11;207;2314;1158;1156
11;120;2422;1223;1199
11;33;2572;1286;1286
11;1513;1007;586;421
11;1426;1018;541;477
11;1339;1092;611;481
11;1252;1219;696;523
11;1165;1195;645;550
11;1078;1338;697;641
11;991;1512;784;728
11;904;1487;745;742
11;817;1597;821;776
11;730;1687;843;844
11;643;1756;919;837
11;556;1849;963;886
11;469;2032;1044;988
11;382;2152;1092;1060
11;295;2270;1145;1125
11;208;2412;1219;1193
11;121;2529;1266;1263
11;34;2500;1228;1272
11;1514;957;510;447
11;1427;1010;557;453
11;1340;1183;671;512
11;1253;1182;650;532
11;1166;1302;682;620
11;1079;1458;751;707
11;992;1434;710;724
11;905;1635;838;797
11;818;1641;819;822
11;731;1700;886;814
11;644;1808;935;873
11;557;1989;1017;972
11;470;2080;1051;1029
11;383;2224;1122;1102
11;296;2367;1200;1167
11;209;2500;1256;1244
11;122;2457;1207;1250
11;35;2547;1256;1291
11;1515;979;536;443
11;1428;1093;620;473
11;1341;1145;637;508
11;1254;1257;653;604
11;1167;1397;725;672
11;1080;1384;687;697
11;993;1583;816;767
11;906;1745;863;882
11;819;1617;839;778
11;732;1766;911;855
11;645;1954;1001;953
11;558;2044;1025;1019
11;471;2158;1078;1080
11;384;2318;1173;1145
11;297;2448;1233;1215
11;210;2410;1185;1225
11;123;2497;1222;1275
11;36;2748;1386;1362
11;1516;1042;586;456
11;1429;1071;594;477
11;1342;1223;637;586
11;1255;1360;698;662
11;1168;1339;670;669
11;1081;1536;785;751
11;994;1694;828;866
11;907;1717;856;861
11;820;1714;881;833
11;733;1909;968;941
11;646;2000;1008;992
11;559;2124;1058;1066
11;472;2266;1140;1126
11;385;2407;1203;1204
11;298;2369;1162;1207
11;211;2472;1215;1257
11;124;2708;1367;1341
11;37;2765;1410;1355
11;1517;1025;562;463
11;1430;1176;618;558
11;1343;1334;681;653
11;1256;1335;669;666
11;1169;1501;773;728
11;1082;1654;809;845
11;995;1687;841;846
11;908;1802;902;900
11;821;1869;950;919
11;734;1974;990;984
11;647;2104;1040;1064
11;560;2222;1116;1106
11;473;2339;1160;1179
11;386;2335;1137;1198
11;299;2430;1196;1234
11;212;2654;1341;1313
11;125;2713;1381;1332
11;38;2988;1584;1404
11;1518;1133;599;534
11;1431;1306;661;645
11;1344;1310;658;652
11;1257;1486;773;713
11;1170;1622;794;828
11;1083;1659;819;840
11;996;1759;882;877
11;909;2011;1036;975
11;822;1944;968;976
11;735;2072;1023;1049
11;648;2188;1098;1090
11;561;2303;1134;1169
11;474;2268;1091;1177
11;387;2379;1167;1212
11;300;2599;1313;1286
11;213;2688;1370;1318
11;126;2928;1553;1375
11;39;3064;1547;1517
11;1519;1261;633;628
11;1432;1276;634;642
11;1345;1458;753;705
11;1258;1608;789;819
11;1171;1621;803;818
11;1084;1743;868;875
11;997;1988;1023;965
11;910;2050;1014;1036
11;823;2034;993;1041
11;736;2167;1083;1084
11;649;2268;1114;1154
11;562;2242;1083;1159
11;475;2336;1136;1200
11;388;2547;1289;1258
11;301;2649;1354;1295
11;214;2881;1528;1353
11;127;2987;1498;1489
11;40;3199;1569;1630
11;1520;1246;619;627
11;1433;1422;735;687
11;1346;1584;777;807
11;1259;1616;801;815
11;1172;1716;848;868
11;1085;1975;1018;957
11;998;2017;987;1030
11;911;2097;1013;1084
11;824;2133;1061;1072
11;737;2228;1095;1133
11;650;2211;1055;1156
11;563;2294;1108;1186
11;476;2503;1261;1242
11;389;2594;1322;1272
11;302;2833;1502;1331
11;215;2959;1483;1476
11;128;3133;1531;1602
11;41;3109;1574;1535
11;1521;1381;706;675
11;1434;1565;765;800
11;1347;1586;786;800
11;1260;1703;843;860
11;1173;1951;1003;948
11;1086;1984;969;1015
11;999;2070;999;1071
11;912;2201;1103;1098
11;825;2190;1065;1125
11;738;2178;1038;1140
11;651;2252;1085;1167
11;564;2470;1240;1230
11;477;2545;1297;1248
11;390;2779;1469;1310
11;303;2912;1460;1452
11;216;3104;1515;1589
11;129;3053;1548;1505
11;42;3148;1552;1596
11;1522;1535;752;783
11;1435;1551;774;777
11;1348;1704;845;859
11;1261;1942;1006;936
11;1174;1971;965;1006
11;1087;2059;1000;1059
11;1000;2174;1084;1090
11;913;2265;1106;1159
11;826;2138;1013;1125
11;739;2233;1073;1160
11;652;2428;1217;1211
11;565;2498;1269;1229
11;478;2719;1434;1285
11;391;2839;1418;1421
11;304;3058;1495;1563
11;217;3031;1536;1495
11;130;3107;1530;1577
11;43;2896;1398;1498
11;1523;1545;767;778
11;1436;1680;836;844
11;1349;1914;992;922
11;1262;1956;963;993
11;1175;2035;987;1048
11;1088;2151;1070;1081
11;1001;2241;1096;1145
11;914;2242;1065;1177
11;827;2190;1042;1148
11;740;2390;1197;1193
11;653;2459;1246;1213
11;566;2668;1404;1264
11;479;2768;1382;1386
11;392;3028;1479;1549
11;305;2998;1524;1474
11;218;3082;1515;1567
11;131;2863;1391;1472
11;44;2741;1360;1381
11;1524;1664;828;836
11;1437;1864;965;899
11;1350;1937;952;985
11;1263;2010;974;1036
11;1176;2123;1055;1068
11;1089;2216;1082;1134
11;1002;2228;1059;1169
11;915;2266;1096;1170
11;828;2345;1160;1185
11;741;2416;1218;1198
11;654;2601;1361;1240
11;567;2719;1349;1370
11;480;2969;1443;1526
11;393;2959;1506;1453
11;306;3017;1471;1546
11;219;2839;1390;1449
11;132;2709;1351;1358
11;45;2636;1296;1340
11;1525;1816;930;886
11;1438;1906;944;962
11;1351;1993;968;1025
11;1264;2095;1044;1051
11;1177;2198;1077;1121
11;1090;2206;1045;1161
11;1003;2231;1077;1154
11;916;2413;1209;1204
11;829;2373;1191;1182
11;742;2557;1337;1220
11;655;2653;1315;1338
11;568;2923;1415;1508
11;481;2922;1485;1437
11;394;2960;1437;1523
11;307;2807;1379;1428
11;220;2661;1322;1339
11;133;2570;1259;1311
11;46;2640;1314;1326
11;1526;1886;937;949
11;1439;1970;953;1017
11;1352;2084;1043;1041
11;1265;2182;1064;1118
11;1178;2177;1034;1143
11;1091;2216;1060;1156
11;1004;2372;1187;1185
11;917;2472;1253;1219
11;830;2495;1297;1198
11;743;2615;1299;1316
11;656;2880;1389;1491
11;569;2890;1471;1419
11;482;2910;1407;1503
11;395;2787;1370;1417
11;308;2619;1300;1319
11;221;2541;1247;1294
11;134;2601;1291;1310
11;47;2334;1166;1168
11;1527;1960;952;1008
11;1440;2045;1021;1024
11;1353;2156;1047;1109
11;1266;2171;1027;1144
11;1179;2188;1047;1141
11;1092;2367;1178;1189
11;1005;2439;1239;1200
11;918;2594;1352;1242
11;831;2582;1274;1308
11;744;2837;1363;1474
11;657;2847;1440;1407
11;570;2861;1372;1489
11;483;2748;1343;1405
11;396;2582;1273;1309
11;309;2498;1224;1274
11;222;2572;1270;1302
11;135;2311;1163;1148
11;48;2283;1131;1152
11;1528;2026;1009;1017
11;1441;2129;1029;1100
11;1354;2144;1008;1136
11;1267;2168;1032;1136
11;1180;2337;1166;1171
11;1093;2406;1216;1190
11;1006;2573;1334;1239
11;919;2611;1297;1314
11;832;2796;1334;1462
11;745;2803;1415;1388
11;658;2810;1334;1476
11;571;2718;1321;1397
11;484;2550;1251;1299
11;397;2448;1194;1254
11;310;2526;1240;1286
11;223;2292;1148;1144
11;136;2237;1106;1131
11;49;2316;1130;1186
11;1529;2118;1031;1087
11;1442;2120;995;1125
11;1355;2154;1025;1129
11;1268;2314;1150;1164
11;1181;2387;1202;1185
11;1094;2547;1321;1226
11;1007;2571;1273;1298
11;920;2825;1361;1464
11;833;2752;1378;1374
11;746;2779;1321;1458
11;659;2668;1294;1374
11;572;2514;1228;1286
11;485;2399;1168;1231
11;398;2475;1214;1261
11;311;2254;1130;1124
11;224;2215;1095;1120
11;137;2274;1107;1167
11;50;2340;1141;1199
11;1530;2095;989;1106
11;1443;2129;1010;1119
11;1356;2287;1130;1157
11;1269;2381;1196;1185
11;1182;2524;1304;1220
11;1095;2551;1260;1291
11;1008;2790;1344;1446
11;921;2759;1374;1385
11;834;2724;1281;1443
11;747;2620;1264;1356
11;660;2468;1193;1275
11;573;2342;1128;1214
11;486;2425;1181;1244
11;399;2223;1116;1107
11;312;2175;1079;1096
11;225;2244;1089;1155
11;138;2304;1113;1191
11;51;2304;1156;1148
11;1531;2106;990;1116
11;1444;2248;1106;1142
11;1357;2351;1172;1179
11;1270;2519;1298;1221
11;1183;2525;1244;1281
11;1096;2767;1329;1438
11;1009;2730;1358;1372
11;922;2777;1325;1452
11;835;2579;1236;1343
11;748;2431;1172;1259
11;661;2295;1093;1202
11;574;2380;1147;1233
11;487;2198;1108;1090
11;400;2143;1056;1087
11;313;2228;1090;1138
11;226;2263;1092;1171
11;139;2238;1118;1120
11;52;2312;1130;1182
11;1532;2208;1079;1129
11;1445;2321;1151;1170
11;1358;2494;1282;1212
11;1271;2506;1228;1278
11;1184;2748;1315;1433
11;1097;2712;1345;1367
11;1010;2740;1301;1439
11;923;2576;1226;1350
11;836;2386;1143;1243
11;749;2252;1060;1192
11;662;2336;1119;1217
11;575;2172;1087;1085
11;488;2088;1022;1066
11;401;2180;1065;1115
11;314;2214;1071;1143
11;227;2215;1110;1105
11;140;2291;1117;1174
11;53;2098;1024;1074
11;1533;2293;1128;1165
11;1446;2462;1261;1201
11;1359;2485;1211;1274
11;1272;2720;1298;1422
11;1185;2667;1320;1347
11;1098;2707;1279;1428
11;1011;2534;1196;1338
11;924;2418;1157;1261
11;837;2216;1038;1178
11;750;2288;1086;1202
11;663;2135;1063;1072
11;576;2051;996;1055
11;489;2136;1036;1100
11;402;2173;1045;1128
11;315;2177;1083;1094
11;228;2270;1113;1157
11;141;2079;1019;1060
11;54;1867;894;973
11;1534;2445;1247;1198
11;1447;2452;1190;1262
11;1360;2700;1286;1414
11;1273;2631;1297;1334
11;1186;2679;1256;1423
11;1099;2504;1180;1324
11;1012;2383;1130;1253
11;925;2261;1065;1196
11;838;2236;1050;1186
11;751;2099;1034;1065
11;664;2004;964;1040
11;577;2112;1019;1093
11;490;2118;1006;1112
11;403;2127;1053;1074
11;316;2254;1105;1149
11;229;2036;990;1046
11;142;1829;880;949
11;55;1745;824;921
11;1535;2419;1169;1250
11;1448;2657;1263;1394
11;1361;2586;1271;1315
11;1274;2650;1239;1411
11;1187;2477;1164;1313
11;1100;2356;1105;1251
11;1013;2227;1042;1185
11;926;2255;1076;1179
11;839;2071;1017;1054
11;752;1965;942;1023
11;665;2068;987;1081
11;578;2075;980;1095
11;491;2089;1024;1065
11;404;2230;1088;1142
11;317;2007;972;1035
11;230;1785;853;932
11;143;1709;811;898
11;56;2063;965;1098
11;1536;2619;1235;1384
11;1449;2552;1247;1305
11;1362;2626;1223;1403
11;1275;2465;1154;1311
11;1188;2326;1083;1243
11;1101;2201;1024;1177
11;1014;2233;1058;1175
11;927;2077;999;1078
11;840;1926;911;1015
11;753;2024;955;1069
11;666;2040;952;1088
11;579;2046;999;1047
11;492;2181;1055;1126
11;405;1969;942;1027
11;318;1762;837;925
11;231;1693;799;894
11;144;2009;937;1072
11;57;1712;845;867
11;1537;2513;1226;1287
11;1450;2590;1201;1389
11;1363;2431;1131;1300
11;1276;2307;1074;1233
11;1189;2170;1002;1168
11;1102;2211;1040;1171
11;1015;2036;976;1060
11;928;1921;898;1023
11;841;1993;938;1055
11;754;2000;927;1073
11;667;2000;969;1031
11;580;2137;1020;1117
11;493;1937;919;1018
11;406;1740;820;920
11;319;1669;784;885
11;232;1982;921;1061
11;145;1684;833;851
11;58;2031;920;1111
11;1538;2570;1193;1377
11;1451;2397;1110;1287
11;1364;2298;1066;1232
11;1277;2147;984;1163
11;1190;2182;1013;1169
11;1103;1997;955;1042
11;1016;1891;876;1015
11;929;2017;945;1072
11;842;1961;897;1064
11;755;1957;939;1018
11;668;2102;991;1111
11;581;1908;893;1015
11;494;1716;801;915
11;407;1642;763;879
11;320;1952;897;1055
11;233;1659;814;845
11;146;1987;897;1090
11;59;2282;1040;1242
11;1539;2357;1085;1272
11;1452;2260;1043;1217
11;1365;2130;974;1156
11;1278;2157;990;1167
11;1191;1962;921;1041
11;1104;1860;856;1004
11;1017;1989;926;1063
11;930;1969;897;1072
11;843;1926;919;1007
11;756;2066;965;1101
11;669;1860;860;1000
11;582;1676;772;904
11;495;1609;745;864
11;408;1938;885;1053
11;321;1627;784;843
11;234;1954;868;1086
11;147;2218;1005;1213
11;60;2205;1012;1193
11;1540;2237;1027;1210
11;1453;2107;964;1143
11;1366;2121;963;1158
11;1279;1918;888;1030
11;1192;1830;839;991
11;1105;1955;900;1055
11;1018;1945;879;1066
11;931;1928;892;1036
11;844;2032;936;1096
11;757;1836;847;989
11;670;1635;744;891
11;583;1559;713;846
11;496;1878;849;1029
11;409;1599;761;838
11;322;1904;836;1068
11;235;2172;979;1193
11;148;2190;1010;1180
11;61;2103;924;1179
11;1541;2086;945;1141
11;1454;2095;942;1153
11;1367;1892;872;1020
11;1280;1806;815;991
11;1193;1923;876;1047
11;1106;1902;845;1057
11;1019;1904;871;1033
11;932;1996;900;1096
11;845;1800;820;980
11;758;1597;716;881
11;671;1530;696;834
11;584;1830;822;1008
11;497;1564;733;831
11;410;1866;807;1059
11;323;2129;955;1174
11;236;2150;984;1166
11;149;2094;908;1186
11;62;2186;973;1213
11;1542;2060;914;1146
11;1455;1864;849;1015
11;1368;1779;793;986
11;1281;1891;852;1039
11;1194;1854;813;1041
11;1107;1865;837;1028
11;1020;1964;881;1083
11;933;1786;808;978
11;846;1558;693;865
11;759;1498;682;816
11;672;1786;788;998
11;585;1523;702;821
11;498;1821;777;1044
11;411;2085;920;1165
11;324;2098;953;1145
11;237;2074;895;1179
11;150;2159;958;1201
11;63;2230;966;1264
11;1543;1839;825;1014
11;1456;1769;785;984
11;1369;1853;820;1033
11;1282;1819;787;1032
11;1195;1819;798;1021
11;1108;1936;863;1073
11;1021;1754;780;974
11;934;1575;699;876
11;847;1470;658;812
11;760;1752;767;985
11;673;1480;666;814
11;586;1781;743;1038
11;499;2035;875;1160
11;412;2070;928;1142
11;325;2057;878;1179
11;238;2134;936;1198
11;151;2226;960;1266
11;64;2120;908;1212
11;1544;1735;760;975
11;1457;1826;801;1025
11;1370;1792;768;1024
11;1283;1789;776;1013
11;1196;1894;837;1057
11;1109;1719;751;968
11;1022;1539;678;861
11;935;1435;627;808
11;848;1702;729;973
11;761;1444;641;803
11;674;1750;730;1020
11;587;1991;837;1154
11;500;2023;894;1129
11;413;2022;855;1167
11;326;2100;911;1189
11;239;2192;941;1251
11;152;2106;897;1209
11;65;2214;922;1292
11;1545;1787;774;1013
11;1458;1760;738;1022
11;1371;1751;743;1008
11;1284;1860;819;1041
11;1197;1694;736;958
11;1110;1504;656;848
11;1023;1402;598;804
11;936;1674;695;979
11;849;1399;612;787
11;762;1710;697;1013
11;675;1929;793;1136
11;588;1967;863;1104
11;501;1981;822;1159
11;414;2053;874;1179
11;327;2177;930;1247
11;240;2080;874;1206
11;153;2202;910;1292
11;66;2024;866;1158
11;1546;1744;725;1019
11;1459;1722;723;999
11;1372;1823;795;1028
11;1285;1654;703;951
11;1198;1468;629;839
11;1111;1371;579;792
11;1024;1632;663;969
11;937;1461;636;825
11;850;1660;658;1002
11;763;1863;757;1106
11;676;1900;811;1089
11;589;1935;788;1147
11;502;2007;847;1160
11;415;2126;889;1237
11;328;2064;859;1205
11;241;2185;895;1290
11;154;2006;853;1153
11;67;1910;756;1154
11;1547;1695;705;990
11;1460;1782;767;1015
11;1373;1605;665;940
11;1286;1434;599;835
11;1199;1337;558;779
11;1112;1592;635;957
11;1025;1426;609;817
11;938;1664;651;1013
11;851;1815;727;1088
11;764;1869;782;1087
11;677;1873;743;1130
11;590;1957;811;1146
11;503;2063;842;1221
11;416;2000;812;1188
11;329;2140;856;1284
11;242;1974;827;1147
11;155;1879;737;1142
11;68;2114;831;1283
11;1548;1734;734;1000
11;1461;1574;646;928
11;1374;1390;572;818
11;1287;1307;542;765
11;1200;1553;612;941
11;1113;1394;586;808
11;1026;1636;635;1001
11;939;1772;705;1067
11;852;1826;750;1076
11;765;1834;722;1112
11;678;1904;781;1123
11;591;2011;812;1199
11;504;1930;772;1158
11;417;2082;817;1265
11;330;1934;797;1137
11;243;1842;703;1139
11;156;2072;810;1262
11;69;2029;757;1272
11;1549;1526;613;913
11;1462;1351;548;803
11;1375;1276;518;758
11;1288;1511;582;929
11;1201;1360;559;801
11;1114;1596;608;988
11;1027;1728;678;1050
11;940;1779;720;1059
11;853;1791;693;1098
11;766;1840;744;1096
11;679;1942;771;1171
11;592;1878;739;1139
11;505;2035;785;1250
11;418;1916;777;1139
11;331;1809;675;1134
11;244;2017;766;1251
11;157;1979;733;1246
11;70;1933;733;1200
11;1550;1325;533;792
11;1463;1239;493;746
11;1376;1470;554;916
11;1289;1320;535;785
11;1202;1554;581;973
11;1115;1678;650;1028
11;1028;1726;679;1047
11;941;1727;661;1066
11;854;1787;708;1079
11;767;1881;742;1139
11;680;1812;697;1115
11;593;1961;738;1223
11;506;1864;742;1122
11;419;1763;652;1111
11;332;1950;724;1226
11;245;1940;705;1235
11;158;1908;713;1195
11;71;1968;736;1232
11;1551;1203;468;735
11;1464;1423;533;890
11;1377;1279;506;773
11;1290;1515;556;959
11;1203;1622;615;1007
11;1116;1665;640;1025
11;1029;1682;633;1049
11;942;1742;672;1070
11;855;1820;703;1117
11;768;1768;670;1098
11;681;1891;699;1192
11;594;1799;699;1100
11;507;1709;628;1081
11;420;1884;678;1206
11;333;1891;676;1215
11;246;1838;676;1162
11;159;1929;708;1221
11;72;1786;624;1162
11;1552;1377;506;871
11;1465;1232;476;756
11;1378;1466;525;941
11;1291;1573;589;984
11;1204;1610;603;1007
11;1117;1627;607;1020
11;1030;1694;643;1051
11;943;1773;665;1108
11;856;1704;631;1073
11;769;1835;670;1165
11;682;1731;656;1075
11;595;1658;597;1061
11;508;1812;642;1170
11;421;1838;643;1195
11;334;1775;643;1132
11;247;1876;683;1193
11;160;1745;592;1153
11;73;1843;637;1206
11;1553;1193;458;735
11;1466;1399;487;912
11;1379;1519;552;967
11;1292;1560;572;988
11;1205;1581;579;1002
11;1118;1639;614;1025
11;1031;1725;642;1083
11;944;1642;604;1038
11;857;1766;627;1139
11;770;1666;620;1046
11;683;1596;560;1036
11;596;1756;617;1139
11;509;1785;616;1169
11;422;1709;613;1096
11;335;1814;650;1164
11;248;1688;559;1129
11;161;1803;624;1179
11;74;1852;667;1185
11;1554;1336;452;884
11;1467;1474;521;953
11;1380;1509;541;968
11;1293;1520;547;973
11;1206;1582;581;1001
11;1119;1684;614;1070
11;1032;1577;570;1007
11;945;1694;577;1117
11;858;1591;572;1019
11;771;1528;527;1001
11;684;1684;575;1109
11;597;1707;569;1138
11;510;1644;572;1072
11;423;1744;613;1131
11;336;1639;527;1112
11;249;1746;589;1157
11;162;1811;645;1166
11;75;1555;465;1090
11;1555;1419;496;923
11;1468;1460;510;950
11;1381;1453;515;938
11;1294;1523;548;975
11;1207;1614;571;1043
11;1120;1525;544;981
11;1033;1625;539;1086
11;946;1508;526;982
11;859;1467;498;969
11;772;1612;543;1069
11;685;1625;518;1107
11;598;1584;534;1050
11;511;1669;580;1089
11;424;1564;495;1069
11;337;1692;566;1126
11;250;1742;606;1136
11;163;1504;443;1061
11;76;1574;493;1081
11;1556;1411;482;929
11;1469;1397;487;910
11;1382;1454;508;946
11;1295;1554;537;1017
11;1208;1458;509;949
11;1121;1568;508;1060
11;1034;1446;489;957
11;947;1392;448;944
11;860;1554;509;1045
11;773;1551;483;1068
11;686;1508;497;1011
11;599;1593;537;1056
11;512;1499;459;1040
11;425;1611;526;1085
11;338;1661;572;1089
11;251;1453;413;1040
11;164;1504;463;1041
11;77;1407;402;1005
11;1557;1325;449;876
11;1470;1391;475;916
11;1383;1492;507;985
11;1296;1393;471;922
11;1209;1497;471;1026
11;1122;1384;458;926
11;1035;1327;417;910
11;948;1479;475;1004
11;861;1473;442;1031
11;774;1423;456;967
11;687;1514;504;1010
11;600;1423;424;999
11;513;1533;487;1046
11;426;1591;526;1065
11;339;1379;387;992
11;252;1458;437;1021
11;165;1348;369;979
11;78;1393;429;964
11;1558;1324;431;893
11;1471;1413;468;945
11;1384;1327;440;887
11;1297;1412;424;988
11;1210;1318;433;885
11;1123;1259;381;878
11;1036;1402;441;961
11;949;1375;409;966
11;862;1347;416;931
11;775;1431;464;967
11;688;1349;385;964
11;601;1455;445;1010
11;514;1505;488;1017
11;427;1297;359;938
11;340;1373;378;995
11;253;1292;346;946
11;166;1330;401;929
11;79;1187;353;834
11;1559;1344;434;910
11;1472;1256;404;852
11;1385;1331;384;947
11;1298;1256;406;850
11;1211;1178;344;834
11;1124;1327;408;919
11;1037;1291;372;919
11;950;1252;377;875
11;863;1335;422;913
11;776;1268;351;917
11;689;1372;403;969
11;602;1406;441;965
11;515;1235;335;900
11;428;1290;349;941
11;341;1222;315;907
11;254;1233;361;872
11;167;1123;331;792
11;80;1067;283;784
11;1560;1191;374;817
11;1473;1242;353;889
11;1386;1198;378;820
11;1299;1110;315;795
11;1212;1240;372;868
11;1125;1213;337;876
11;1038;1145;333;812
11;951;1206;356;850
11;864;1182;322;860
11;777;1280;369;911
11;690;1298;391;907
11;603;1164;308;856
11;516;1217;320;897
11;429;1149;279;870
11;342;1153;326;827
11;255;1036;285;751
11;168;1008;262;746
11;81;953;297;656
11;1561;1153;318;835
11;1474;1114;338;776
11;1387;1054;296;758
11;1300;1148;334;814
11;1213;1120;303;817
11;1126;1074;299;775
11;1039;1102;307;795
11;952;1091;284;807
11;865;1200;332;868
11;778;1206;356;850
11;691;1087;275;812
11;604;1129;290;839
11;517;1063;258;805
11;430;1072;298;774
11;343;953;256;697
11;256;950;237;713
11;169;878;274;604
11;82;614;176;438
11;1562;1025;300;725
11;1475;971;268;703
11;1388;1056;302;754
11;1301;1035;272;763
11;1214;988;270;718
11;1127;1008;269;739
11;1040;1012;262;750
11;953;1061;285;776
11;866;1102;312;790
11;779;995;243;752
11;692;1045;261;784
11;605;968;228;740
11;518;970;273;697
11;431;875;232;643
11;344;875;213;662
11;257;806;243;563
11;170;573;160;413
11;83;437;116;321
11;1563;885;241;644
11;1476;971;263;708
11;1389;965;253;712
11;1302;920;243;677
11;1215;915;234;681
11;1128;932;231;701
11;1041;979;259;720
11;954;979;269;710
11;867;897;217;680
11;780;961;234;727
11;693;860;193;667
11;606;873;247;626
11;519;796;204;592
11;432;805;200;605
11;345;724;205;519
11;258;517;134;383
11;171;402;102;300
11;84;433;113;320
11;1564;872;226;646
11;1477;873;232;641
11;1390;827;210;617
11;1303;833;208;625
11;1216;853;204;649
11;1129;901;231;670
11;1042;867;228;639
11;955;784;183;601
11;868;846;199;647
11;781;772;169;603
11;694;773;208;565
11;607;706;176;530
11;520;704;153;551
11;433;660;187;473
11;346;454;119;335
11;259;367;92;275
11;172;397;103;294
11;85;409;105;304
11;1565;4098;925;3173
11;1478;4057;910;3147
11;1391;4002;901;3101
11;1304;3932;873;3059
11;1217;3826;855;2971
11;1130;3609;809;2800
11;1043;3438;751;2687
11;956;3292;716;2576
11;869;3042;722;2320
11;782;2890;708;2182
11;695;2707;651;2056
11;608;2639;641;1998
11;521;2461;609;1852
11;434;2329;580;1749
11;347;2437;629;1808
11;260;2570;686;1884
11;173;2757;748;2009
11;86;2839;779;2060
11;1566;129639;60685;68954
11;1479;133481;62542;70939
11;1392;137193;64265;72928
11;1305;140170;65649;74521
11;1218;142564;66620;75944
11;1131;145760;68059;77701
11;1044;149001;69563;79438
11;957;152577;71200;81377
11;870;157472;73403;84069
11;783;161062;75327;85735
11;696;164167;76794;87373
11;609;167678;78634;89044
11;522;170829;80292;90537
11;435;175226;82656;92570
11;348;178637;84365;94272
11;261;181638;85726;95912
11;174;183973;86911;97062
11;87;186368;88041;98327
12;1480;176;88;88
12;1393;207;111;96
12;1306;185;98;87
12;1219;185;86;99
12;1132;188;93;95
12;1045;195;114;81
12;958;230;121;109
12;871;186;96;90
12;784;217;115;102
12;697;225;121;104
12;610;219;98;121
12;523;221;105;116
12;436;226;108;118
12;349;248;114;134
12;262;252;135;117
12;175;257;143;114
12;88;260;137;123
12;1;306;170;136
12;1481;209;115;94
12;1394;173;91;82
12;1307;192;88;104
12;1220;189;94;95
12;1133;196;117;79
12;1046;231;124;107
12;959;179;90;89
12;872;195;109;86
12;785;222;120;102
12;698;214;95;119
12;611;210;98;112
12;524;219;104;115
12;437;243;110;133
12;350;247;134;113
12;263;254;142;112
12;176;261;135;126
12;89;305;172;133
12;2;320;158;162
12;1482;171;89;82
12;1395;189;83;106
12;1308;178;83;95
12;1221;200;122;78
12;1134;233;127;106
12;1047;175;88;87
12;960;184;105;79
12;873;183;102;81
12;786;204;89;115
12;699;207;98;109
12;612;219;106;113
12;525;248;114;134
12;438;248;132;116
12;351;252;141;111
12;264;259;134;125
12;177;304;169;135
12;90;319;157;162
12;3;346;185;161
12;1483;193;85;108
12;1396;170;78;92
12;1309;204;122;82
12;1222;229;125;104
12;1135;169;83;86
12;1048;171;99;72
12;961;174;93;81
12;874;181;84;97
12;787;197;91;106
12;700;213;102;111
12;613;238;109;129
12;526;240;125;115
12;439;251;141;110
12;352;258;134;124
12;265;308;169;139
12;178;323;159;164
12;91;342;181;161
12;4;365;187;178
12;1484;165;78;87
12;1397;198;120;78
12;1310;230;125;105
12;1223;177;89;88
12;1136;171;99;72
12;1049;173;93;80
12;962;186;90;96
12;875;172;76;96
12;788;205;97;108
12;701;234;108;126
12;614;237;125;112
12;527;249;139;110
12;440;252;131;121
12;353;303;168;135
12;266;325;162;163
12;179;344;186;158
12;92;365;187;178
12;5;375;210;165
12;1485;199;120;79
12;1398;227;125;102
12;1311;172;83;89
12;1224;168;93;75
12;1137;172;93;79
12;1050;177;92;85
12;963;173;73;100
12;876;182;92;90
12;789;229;109;120
12;702;231;123;108
12;615;241;131;110
12;528;249;129;120
12;441;302;169;133
12;354;317;158;159
12;267;346;188;158
12;180;363;187;176
12;93;373;210;163
12;6;392;211;181
12;1486;224;124;100
12;1399;169;87;82
12;1312;162;89;73
12;1225;175;94;81
12;1138;179;94;85
12;1051;167;71;96
12;964;180;90;90
12;877;206;96;110
12;790;232;125;107
12;703;239;131;108
12;616;243;127;116
12;529;303;167;136
12;442;305;150;155
12;355;341;186;155
12;268;363;186;177
12;181;371;212;159
12;94;389;208;181
12;7;394;212;182
12;1487;175;86;89
12;1400;158;87;71
12;1313;171;93;78
12;1226;177;93;84
12;1139;163;70;93
12;1052;177;91;86
12;965;206;93;113
12;878;211;111;100
12;791;237;130;107
12;704;238;126;112
12;617;301;165;136
12;530;300;147;153
12;443;330;177;153
12;356;356;184;172
12;269;370;212;158
12;182;392;211;181
12;95;391;208;183
12;8;507;231;276
12;1488;160;88;72
12;1401;159;87;72
12;1314;170;89;81
12;1227;165;72;93
12;1140;172;86;86
12;1053;203;91;112
12;966;211;111;100
12;879;220;120;100
12;792;234;124;110
12;705;302;165;137
12;618;297;146;151
12;531;327;174;153
12;444;349;182;167
12;357;367;209;158
12;270;391;212;179
12;183;389;206;183
12;96;502;233;269
12;9;552;286;266
12;1489;160;86;74
12;1402;172;88;84
12;1315;167;73;94
12;1228;171;87;84
12;1141;203;92;111
12;1054;201;104;97
12;967;218;120;98
12;880;217;118;99
12;793;290;163;127
12;706;294;141;153
12;619;318;167;151
12;532;340;176;164
12;445;366;212;154
12;358;389;210;179
12;271;387;207;180
12;184;501;232;269
12;97;541;279;262
12;10;537;297;240
12;1490;171;89;82
12;1403;162;73;89
12;1316;173;87;86
12;1229;196;90;106
12;1142;194;98;96
12;1055;219;119;100
12;968;212;116;96
12;881;265;149;116
12;794;287;139;148
12;707;314;167;147
12;620;339;175;164
12;533;364;210;154
12;446;386;210;176
12;359;383;205;178
12;272;495;228;267
12;185;534;277;257
12;98;531;296;235
12;11;503;263;240
12;1491;158;70;88
12;1404;165;83;82
12;1317;195;91;104
12;1230;195;97;98
12;1143;210;115;95
12;1056;210;117;93
12;969;262;148;114
12;882;282;147;135
12;795;312;166;146
12;708;327;168;159
12;621;360;204;156
12;534;374;204;170
12;447;381;203;178
12;360;489;224;265
12;273;533;274;259
12;186;530;294;236
12;99;500;258;242
12;12;521;253;268
12;1492;163;80;83
12;1405;192;89;103
12;1318;194;96;98
12;1231;209;113;96
12;1144;213;117;96
12;1057;253;143;110
12;970;278;147;131
12;883;309;165;144
12;796;322;162;160
12;709;351;201;150
12;622;371;201;170
12;535;375;201;174
12;448;484;227;257
12;361;525;269;256
12;274;522;288;234
12;187;494;254;240
12;100;515;249;266
12;13;461;251;210
12;1493;190;88;102
12;1406;195;97;98
12;1319;210;113;97
12;1232;213;116;97
12;1145;249;141;108
12;1058;277;148;129
12;971;308;167;141
12;884;320;160;160
12;797;344;197;147
12;710;363;198;165
12;623;370;202;168
12;536;482;223;259
12;449;505;256;249
12;362;515;285;230
12;275;487;253;234
12;188;511;248;263
12;101;457;245;212
12;14;550;259;291
12;1494;193;96;97
12;1407;204;111;93
12;1320;207;115;92
12;1233;248;140;108
12;1146;279;147;132
12;1059;311;170;141
12;972;319;159;160
12;885;333;181;152
12;798;353;190;163
12;711;371;204;167
12;624;477;220;257
12;537;500;254;246
12;450;507;281;226
12;363;479;247;232
12;276;500;244;256
12;189;454;242;212
12;102;545;257;288
12;15;566;303;263
12;1495;202;111;91
12;1408;206;114;92
12;1321;242;135;107
12;1234;278;145;133
12;1147;308;171;137
12;1060;314;154;160
12;973;326;178;148
12;886;337;184;153
12;799;363;199;164
12;712;477;219;258
12;625;492;252;240
12;538;503;280;223
12;451;460;238;222
12;364;488;238;250
12;277;442;238;204
12;190;535;252;283
12;103;557;298;259
12;16;539;251;288
12;1496;203;113;90
12;1409;239;133;106
12;1322;280;146;134
12;1235;305;167;138
12;1148;317;154;163
12;1061;323;175;148
12;974;332;183;149
12;887;361;191;170
12;800;464;215;249
12;713;487;248;239
12;626;499;275;224
12;539;456;236;220
12;452;469;229;240
12;365;435;233;202
12;278;525;249;276
12;191;542;287;255
12;104;535;249;286
12;17;544;270;274
12;1497;236;134;102
12;1410;280;144;136
12;1323;296;160;136
12;1236;316;154;162
12;1149;318;175;143
12;1062;327;180;147
12;975;357;188;169
12;888;445;212;233
12;801;483;247;236
12;714;495;271;224
12;627;449;232;217
12;540;465;227;238
12;453;425;223;202
12;366;513;241;272
12;279;531;282;249
12;192;522;245;277
12;105;536;263;273
12;18;481;251;230
12;1498;271;139;132
12;1411;287;154;133
12;1324;303;150;153
12;1237;312;170;142
12;1150;316;175;141
12;1063;353;186;167
12;976;434;206;228
12;889;461;243;218
12;802;485;268;217
12;715;433;224;209
12;628;458;222;236
12;541;413;219;194
12;454;489;232;257
12;367;511;270;241
12;280;504;239;265
12;193;525;259;266
12;106;467;246;221
12;19;369;201;168
12;1499;260;140;120
12;1412;290;142;148
12;1325;284;153;131
12;1238;286;160;126
12;1151;336;181;155
12;1064;403;192;211
12;977;432;224;208
12;890;396;235;161
12;803;411;213;198
12;716;451;218;233
12;629;407;212;195
12;542;474;226;248
12;455;484;252;232
12;368;490;233;257
12;281;504;251;253
12;194;460;243;217
12;107;376;199;177
12;20;320;179;141
12;1500;274;135;139
12;1413;277;148;129
12;1326;286;155;131
12;1239;323;168;155
12;1152;389;188;201
12;1065;416;222;194
12;978;380;231;149
12;891;313;157;156
12;804;426;201;225
12;717;393;208;185
12;630;455;216;239
12;543;462;238;224
12;456;454;215;239
12;369;485;242;243
12;282;433;226;207
12;195;368;194;174
12;108;330;183;147
12;21;328;189;139
12;1501;257;135;122
12;1414;270;147;123
12;1327;316;161;155
12;1240;376;180;196
12;1153;407;221;186
12;1066;366;226;140
12;979;278;146;132
12;892;301;139;162
12;805;367;202;165
12;718;437;207;230
12;631;447;230;217
12;544;432;205;227
12;457;456;233;223
12;370;412;219;193
12;283;354;192;162
12;196;329;180;149
12;109;340;196;144
12;22;316;170;146
12;1502;247;135;112
12;1415;297;158;139
12;1328;364;177;187
12;1241;383;203;180
12;1154;343;212;131
12;1067;260;142;118
12;980;268;124;144
12;893;295;179;116
12;806;413;197;216
12;719;426;220;206
12;632;410;198;212
12;545;429;225;204
12;458;393;211;182
12;371;337;186;151
12;284;315;175;140
12;197;330;193;137
12;110;318;171;147
12;23;338;170;168
12;1503;275;147;128
12;1416;352;171;181
12;1329;365;194;171
12;1242;316;199;117
12;1155;241;133;108
12;1068;247;120;127
12;981;259;163;96
12;894;300;146;154
12;807;400;210;190
12;720;393;195;198
12;633;412;212;200
12;546;370;200;170
12;459;304;168;136
12;372;298;171;127
12;285;318;185;133
12;198;324;172;152
12;111;333;168;165
12;24;338;160;178
12;1504;315;156;159
12;1417;343;185;158
12;1330;295;184;111
12;1243;221;119;102
12;1156;217;106;111
12;1069;245;158;87
12;982;272;135;137
12;895;264;158;106
12;808;368;184;184
12;721;387;202;185
12;634;347;193;154
12;547;284;155;129
12;460;276;167;109
12;373;304;177;127
12;286;301;154;147
12;199;332;169;163
12;112;336;156;180
12;25;317;165;152
12;1505;316;166;150
12;1418;280;182;98
12;1331;202;108;94
12;1244;212;108;104
12;1157;229;149;80
12;1070;255;128;127
12;983;250;149;101
12;896;235;119;116
12;809;362;192;170
12;722;333;186;147
12;635;261;143;118
12;548;251;150;101
12;461;273;162;111
12;374;272;140;132
12;287;316;162;154
12;200;317;150;167
12;113;310;159;151
12;26;313;154;159
12;1506;242;165;77
12;1419;174;92;82
12;1332;191;91;100
12;1245;217;142;75
12;1158;236;121;115
12;1071;216;138;78
12;984;198;107;91
12;897;239;124;115
12;810;295;167;128
12;723;236;132;104
12;636;225;139;86
12;549;253;146;107
12;462;262;139;123
12;375;295;155;140
12;288;309;146;163
12;201;288;148;140
12;114;303;149;154
12;27;359;178;181
12;1507;146;77;69
12;1420;179;88;91
12;1333;194;130;64
12;1246;223;116;107
12;1159;185;116;69
12;1072;177;92;85
12;985;219;117;102
12;898;203;113;90
12;811;214;127;87
12;724;197;120;77
12;637;232;134;98
12;550;248;131;117
12;463;273;147;126
12;376;282;132;150
12;289;260;133;127
12;202;298;146;152
12;115;347;170;177
12;28;371;178;193
12;1508;159;82;77
12;1421;176;119;57
12;1334;220;110;110
12;1247;176;108;68
12;1160;173;87;86
12;1073;195;103;92
12;986;185;101;84
12;899;178;96;82
12;812;183;114;69
12;725;213;125;88
12;638;241;127;114
12;551;266;143;123
12;464;260;118;142
12;377;245;124;121
12;290;279;135;144
12;203;338;169;169
12;116;362;170;192
12;29;389;210;179
12;1509;154;106;48
12;1422;208;107;101
12;1335;157;93;64
12;1248;161;79;82
12;1161;186;104;82
12;1074;176;100;76
12;987;152;87;65
12;900;180;94;86
12;813;185;109;76
12;726;224;120;104
12;639;248;128;120
12;552;255;120;135
12;465;234;117;117
12;378;267;124;143
12;291;324;164;160
12;204;353;165;188
12;117;381;204;177
12;30;412;197;215
12;1510;189;99;90
12;1423;133;80;53
12;1336;146;73;73
12;1249;173;102;71
12;1162;161;94;67
12;1075;144;82;62
12;988;172;90;82
12;901;161;82;79
12;814;216;116;100
12;727;235;120;115
12;640;246;113;133
12;553;217;111;106
12;466;254;120;134
12;379;304;151;153
12;292;333;153;180
12;205;376;204;172
12;118;402;189;213
12;31;415;197;218
12;1511;120;69;51
12;1424;137;73;64
12;1337;158;94;64
12;1250;159;93;66
12;1163;126;71;55
12;1076;153;78;75
12;989;152;78;74
12;902;206;104;102
12;815;218;108;110
12;728;235;107;128
12;641;204;107;97
12;554;249;119;130
12;467;289;145;144
12;380;322;145;177
12;293;364;199;165
12;206;392;185;207
12;119;398;189;209
12;32;409;208;201
12;1512;127;65;62
12;1425;160;94;66
12;1338;151;92;59
12;1251;124;67;57
12;1164;143;72;71
12;1077;143;75;68
12;990;194;99;95
12;903;197;90;107
12;816;219;100;119
12;729;190;100;90
12;642;239;116;123
12;555;290;144;146
12;468;313;139;174
12;381;342;184;158
12;294;386;179;207
12;207;395;187;208
12;120;394;199;195
12;33;436;214;222
12;1513;142;83;59
12;1426;146;90;56
12;1339;123;67;56
12;1252;144;68;76
12;1165;131;65;66
12;1078;181;88;93
12;991;191;82;109
12;904;237;113;124
12;817;181;90;91
12;730;225;109;116
12;643;288;146;142
12;556;293;129;164
12;469;328;173;155
12;382;358;163;195
12;295;391;183;208
12;208;389;195;194
12;121;429;209;220
12;34;414;212;202
12;1514;133;80;53
12;1427;106;62;44
12;1340;142;70;72
12;1253;123;54;69
12;1166;176;87;89
12;1079;186;80;106
12;992;224;105;119
12;905;209;98;111
12;818;218;106;112
12;731;269;135;134
12;644;291;125;166
12;557;320;168;152
12;470;348;161;187
12;383;378;180;198
12;296;380;191;189
12;209;423;205;218
12;122;404;206;198
12;35;404;199;205
12;1515;103;60;43
12;1428;124;58;66
12;1341;115;48;67
12;1254;169;80;89
12;1167;179;74;105
12;1080;218;108;110
12;993;194;96;98
12;906;233;114;119
12;819;251;122;129
12;732;282;121;161
12;645;313;163;150
12;558;331;155;176
12;471;358;170;188
12;384;369;187;182
12;297;411;198;213
12;210;400;204;196
12;123;392;188;204
12;36;389;196;193
12;1516;122;56;66
12;1429;101;40;61
12;1342;164;81;83
12;1255;181;77;104
12;1168;205;103;102
12;1081;188;96;92
12;994;224;106;118
12;907;259;121;138
12;820;268;113;155
12;733;304;157;147
12;646;326;150;176
12;559;352;170;182
12;472;350;176;174
12;385;400;196;204
12;298;394;204;190
12;211;376;178;198
12;124;384;192;192
12;37;408;210;198
12;1517;96;37;59
12;1430;153;77;76
12;1343;174;72;102
12;1256;204;106;98
12;1169;191;96;95
12;1082;215;96;119
12;995;251;117;134
12;908;290;123;167
12;821;298;155;143
12;734;317;145;172
12;647;337;160;177
12;560;339;170;169
12;473;387;188;199
12;386;383;195;188
12;299;370;176;194
12;212;376;186;190
12;125;395;199;196
12;38;464;229;235
12;1518;147;74;73
12;1431;165;66;99
12;1344;209;114;95
12;1257;198;103;95
12;1170;205;87;118
12;1083;248;115;133
12;996;284;119;165
12;909;304;148;156
12;822;299;134;165
12;735;325;158;167
12;648;328;164;164
12;561;382;185;197
12;474;366;182;184
12;387;359;168;191
12;300;365;178;187
12;213;387;195;192
12;126;452;224;228
12;39;452;232;220
12;1519;155;59;96
12;1432;198;105;93
12;1345;189;95;94
12;1258;203;88;115
12;1171;246;112;134
12;1084;276;108;168
12;997;296;144;152
12;910;323;141;182
12;823;319;154;165
12;736;321;160;161
12;649;374;180;194
12;562;356;176;180
12;475;352;165;187
12;388;359;174;185
12;301;379;189;190
12;214;439;218;221
12;127;439;224;215
12;40;451;220;231
12;1520;197;103;94
12;1433;181;91;90
12;1346;198;85;113
12;1259;235;106;129
12;1172;275;106;169
12;1085;291;143;148
12;998;311;134;177
12;911;324;152;172
12;824;313;153;160
12;737;366;177;189
12;650;348;169;179
12;563;346;160;186
12;476;350;167;183
12;389;366;185;181
12;302;435;215;220
12;215;434;221;213
12;128;446;218;228
12;41;483;241;242
12;1521;181;92;89
12;1434;193;84;109
12;1347;226;98;128
12;1260;275;110;165
12;1173;283;143;140
12;1086;308;132;176
12;999;319;151;168
12;912;313;157;156
12;825;347;165;182
12;738;343;168;175
12;651;335;155;180
12;564;342;163;179
12;477;349;171;178
12;390;431;214;217
12;303;422;215;207
12;216;433;207;226
12;129;481;242;239
12;42;487;220;267
12;1522;195;87;108
12;1435;218;91;127
12;1348;271;106;165
12;1261;275;136;139
12;1174;308;131;177
12;1087;309;148;161
12;1000;300;149;151
12;913;367;180;187
12;826;333;162;171
12;739;331;151;180
12;652;329;156;173
12;565;343;164;179
12;478;418;207;211
12;391;410;209;201
12;304;421;200;221
12;217;471;235;236
12;130;479;216;263
12;43;456;218;238
12;1523;216;92;124
12;1436;264;102;162
12;1349;275;138;137
12;1262;314;136;178
12;1175;303;145;158
12;1088;296;147;149
12;1001;360;179;181
12;914;346;169;177
12;827;327;150;177
12;740;323;157;166
12;653;337;160;177
12;566;414;201;213
12;479;392;197;195
12;392;413;195;218
12;305;464;231;233
12;218;466;211;255
12;131;444;211;233
12;44;422;210;212
12;1524;255;98;157
12;1437;283;142;141
12;1350;309;133;176
12;1263;305;146;159
12;1176;290;142;148
12;1089;355;175;180
12;1002;339;165;174
12;915;342;157;185
12;828;318;151;167
12;741;327;159;168
12;654;400;193;207
12;567;379;189;190
12;480;397;183;214
12;393;453;227;226
12;306;456;205;251
12;219;439;208;231
12;132;412;203;209
12;45;426;209;217
12;1525;273;137;136
12;1438;296;128;168
12;1351;297;143;154
12;1264;291;147;144
12;1177;355;174;181
12;1090;332;160;172
12;1003;333;153;180
12;916;331;165;166
12;829;318;152;166
12;742;386;186;200
12;655;369;182;187
12;568;384;178;206
12;481;437;213;224
12;394;448;203;245
12;307;430;204;226
12;220;409;201;208
12;133;422;209;213
12;46;408;215;193
12;1526;288;124;164
12;1439;282;136;146
12;1352;277;135;142
12;1265;361;178;183
12;1178;334;160;174
12;1091;328;150;178
12;1004;323;160;163
12;917;350;179;171
12;830;377;185;192
12;743;361;176;185
12;656;379;176;203
12;569;427;208;219
12;482;423;186;237
12;395;419;192;227
12;308;400;198;202
12;221;418;210;208
12;134;396;205;191
12;47;404;175;229
12;1527;277;133;144
12;1440;271;132;139
12;1353;359;179;180
12;1266;330;156;174
12;1179;324;150;174
12;1092;323;159;164
12;1005;345;178;167
12;918;376;180;196
12;831;354;174;180
12;744;371;171;200
12;657;414;199;215
12;570;408;177;231
12;483;414;186;228
12;396;386;190;196
12;309;409;205;204
12;222;389;200;189
12;135;404;172;232
12;48;332;171;161
12;1528;269;131;138
12;1441;354;177;177
12;1354;325;153;172
12;1267;322;150;172
12;1180;322;158;164
12;1093;341;176;165
12;1006;366;173;193
12;919;371;178;193
12;832;361;167;194
12;745;405;193;212
12;658;404;176;228
12;571;400;180;220
12;484;373;180;193
12;397;395;194;201
12;310;387;196;191
12;223;399;171;228
12;136;322;166;156
12;49;364;187;177
12;1529;346;172;174
12;1442;315;147;168
12;1355;319;148;171
12;1268;320;157;163
12;1181;338;175;163
12;1094;364;173;191
12;1007;367;173;194
12;920;387;181;206
12;833;395;188;207
12;746;391;169;222
12;659;400;178;222
12;572;371;178;193
12;485;388;190;198
12;398;380;191;189
12;311;388;164;224
12;224;314;159;155
12;137;357;181;176
12;50;396;169;227
12;1530;312;147;165
12;1443;306;141;165
12;1356;316;153;163
12;1269;336;176;160
12;1182;360;173;187
12;1095;366;173;193
12;1008;381;178;203
12;921;400;193;207
12;834;375;162;213
12;747;393;177;216
12;660;365;174;191
12;573;376;187;189
12;486;369;184;185
12;399;375;156;219
12;312;306;154;152
12;225;350;177;173
12;138;393;166;227
12;51;371;163;208
12;1531;305;143;162
12;1444;312;149;163
12;1357;334;176;158
12;1270;360;173;187
12;1183;360;170;190
12;1096;382;178;204
12;1009;387;186;201
12;922;380;169;211
12;835;384;173;211
12;748;360;174;186
12;661;369;182;187
12;574;358;174;184
12;487;365;151;214
12;400;305;156;149
12;313;344;174;170
12;226;381;162;219
12;139;362;155;207
12;52;356;173;183
12;1532;301;141;160
12;1445;325;172;153
12;1358;358;174;184
12;1271;355;169;186
12;1184;382;175;207
12;1097;384;181;203
12;1010;372;165;207
12;923;378;173;205
12;836;352;172;180
12;749;362;176;186
12;662;341;166;175
12;575;359;148;211
12;488;293;147;146
12;401;330;168;162
12;314;371;156;215
12;227;352;149;203
12;140;349;166;183
12;53;377;175;202
12;1533;324;170;154
12;1446;349;170;179
12;1359;347;164;183
12;1272;377;170;207
12;1185;378;175;203
12;1098;367;160;207
12;1011;369;168;201
12;924;369;177;192
12;837;351;168;183
12;750;333;162;171
12;663;350;142;208
12;576;288;143;145
12;489;319;164;155
12;402;361;153;208
12;315;350;149;201
12;228;340;157;183
12;141;367;170;197
12;54;296;145;151
12;1534;346;168;178
12;1447;346;165;181
12;1360;372;165;207
12;1273;378;174;204
12;1186;361;156;205
12;1099;362;163;199
12;1012;365;173;192
12;925;353;170;183
12;838;322;155;167
12;751;346;138;208
12;664;283;135;148
12;577;311;155;156
12;490;347;145;202
12;403;335;142;193
12;316;336;153;183
12;229;361;167;194
12;142;295;144;151
12;55;286;125;161
12;1535;345;165;180
12;1448;367;160;207
12;1361;370;172;198
12;1274;358;154;204
12;1187;350;157;193
12;1100;359;168;191
12;1013;348;166;182
12;926;317;151;166
12;839;333;132;201
12;752;270;129;141
12;665;301;148;153
12;578;336;139;197
12;491;324;139;185
12;404;332;149;183
12;317;357;164;193
12;230;294;142;152
12;143;285;124;161
12;56;326;130;196
12;1536;360;156;204
12;1449;372;173;199
12;1362;352;154;198
12;1275;345;157;188
12;1188;361;169;192
12;1101;342;164;178
12;1014;311;150;161
12;927;342;144;198
12;840;267;125;142
12;753;292;143;149
12;666;324;133;191
12;579;314;130;184
12;492;324;143;181
12;405;347;158;189
12;318;289;138;151
12;231;283;124;159
12;144;318;126;192
12;57;282;122;160
12;1537;365;170;195
12;1450;348;152;196
12;1363;330;151;179
12;1276;363;169;194
12;1189;336;159;177
12;1102;309;150;159
12;1015;340;144;196
12;928;286;139;147
12;841;280;136;144
12;754;322;132;190
12;667;303;124;179
12;580;323;142;181
12;493;341;154;187
12;406;279;129;150
12;319;276;118;158
12;232;310;122;188
12;145;274;118;156
12;58;353;160;193
12;1538;346;147;199
12;1451;329;150;179
12;1364;361;171;190
12;1277;329;154;175
12;1190;304;146;158
12;1103;337;140;197
12;1016;275;132;143
12;929;298;150;148
12;842;313;128;185
12;755;298;121;177
12;668;316;136;180
12;581;341;152;189
12;494;273;124;149
12;407;264;110;154
12;320;303;118;185
12;233;264;113;151
12;146;340;154;186
12;59;397;165;232
12;1539;324;149;175
12;1452;349;164;185
12;1365;327;151;176
12;1278;297;141;156
12;1191;336;139;197
12;1104;269;125;144
12;1017;289;144;145
12;930;313;138;175
12;843;288;115;173
12;756;312;135;177
12;669;322;138;184
12;582;260;113;147
12;495;258;107;151
12;408;290;109;181
12;321;257;108;149
12;234;331;145;186
12;147;391;162;229
12;60;351;150;201
12;1540;347;162;185
12;1453;316;143;173
12;1366;288;136;152
12;1279;330;136;194
12;1192;266;124;142
12;1105;288;143;145
12;1018;311;135;176
12;931;300;123;177
12;844;300;127;173
12;757;316;138;178
12;670;250;105;145
12;583;252;98;154
12;496;286;107;179
12;409;246;101;145
12;322;327;141;186
12;235;383;159;224
12;148;336;139;197
12;61;363;143;220
12;1541;308;138;170
12;1454;278;131;147
12;1367;328;137;191
12;1280;267;123;144
12;1193;288;143;145
12;1106;306;133;173
12;1019;293;120;173
12;932;289;124;165
12;845;311;136;175
12;758;246;101;145
12;671;252;95;157
12;584;276;101;175
12;497;241;98;143
12;410;320;134;186
12;323;371;155;216
12;236;327;138;189
12;149;357;140;217
12;62;309;126;183
12;1542;279;130;149
12;1455;323;135;188
12;1368;269;124;145
12;1281;284;139;145
12;1194;302;132;170
12;1107;288;117;171
12;1020;283;120;163
12;933;310;132;178
12;846;241;98;143
12;759;245;91;154
12;672;267;95;172
12;585;237;95;142
12;498;305;125;180
12;411;360;149;211
12;324;324;134;190
12;237;350;132;218
12;150;305;124;181
12;63;289;129;160
12;1543;316;132;184
12;1456;264;121;143
12;1369;277;134;143
12;1282;296;127;169
12;1195;281;110;171
12;1108;283;117;166
12;1021;296;119;177
12;934;238;97;141
12;847;237;86;151
12;760;260;92;168
12;673;224;84;140
12;586;295;117;178
12;499;355;144;211
12;412;318;130;188
12;325;350;129;221
12;238;293;119;174
12;151;286;127;159
12;64;313;123;190
12;1544;259;120;139
12;1457;271;131;140
12;1370;289;122;167
12;1283;276;107;169
12;1196;278;116;162
12;1109;287;114;173
12;1022;229;90;139
12;935;247;91;156
12;848;253;91;162
12;761;216;81;135
12;674;288;114;174
12;587;349;140;209
12;500;311;123;188
12;413;343;128;215
12;326;294;116;178
12;239;277;123;154
12;152;305;119;186
12;65;351;155;196
12;1545;274;130;144
12;1458;285;119;166
12;1371;275;106;169
12;1284;275;114;161
12;1197;280;109;171
12;1110;222;83;139
12;1023;244;89;155
12;936;260;87;173
12;849;209;75;134
12;762;286;113;173
12;675;341;136;205
12;588;305;120;185
12;501;334;122;212
12;414;282;110;172
12;327;274;119;155
12;240;298;115;183
12;153;344;151;193
12;66;342;143;199
12;1546;279;117;162
12;1459;265;97;168
12;1372;270;113;157
12;1285;271;106;165
12;1198;215;82;133
12;1111;236;84;152
12;1024;249;83;166
12;937;210;82;128
12;850;281;114;167
12;763;332;130;202
12;676;300;116;184
12;589;330;117;213
12;502;273;103;170
12;415;267;116;151
12;328;290;108;182
12;241;341;146;195
12;154;338;139;199
12;67;332;124;208
12;1547;256;94;162
12;1460;262;107;155
12;1373;266;102;164
12;1286;209;79;130
12;1199;227;81;146
12;1112;245;81;164
12;1025;203;77;126
12;938;281;110;171
12;851;325;124;201
12;764;294;110;184
12;677;320;112;208
12;590;268;102;166
12;503;255;110;145
12;416;288;104;184
12;329;332;138;194
12;242;331;134;197
12;155;325;123;202
12;68;314;116;198
12;1548;254;102;152
12;1461;253;96;157
12;1374;205;74;131
12;1287;217;74;143
12;1200;236;76;160
12;1113;193;69;124
12;1026;276;109;167
12;939;325;126;199
12;852;285;106;179
12;765;310;108;202
12;678;262;98;164
12;591;242;101;141
12;504;273;97;176
12;417;332;139;193
12;330;320;124;196
12;243;317;115;202
12;156;308;113;195
12;69;293;103;190
12;1549;249;94;155
12;1462;202;72;130
12;1375;215;73;142
12;1288;228;71;157
12;1201;189;65;124
12;1114;269;102;167
12;1027;313;119;194
12;940;277;105;172
12;853;297;104;193
12;766;257;95;162
12;679;238;100;138
12;592;265;94;171
12;505;323;134;189
12;418;317;123;194
12;331;302;106;196
12;244;299;105;194
12;157;287;100;187
12;70;290;124;166
12;1550;196;69;127
12;1463;212;72;140
12;1376;219;64;155
12;1289;186;63;123
12;1202;256;95;161
12;1115;305;114;191
12;1028;273;102;171
12;941;291;101;190
12;854;244;90;154
12;767;230;93;137
12;680;258;92;166
12;593;304;123;181
12;506;308;118;190
12;419;291;97;194
12;332;297;104;193
12;245;288;97;191
12;158;287;124;163
12;71;265;102;163
12;1551;206;69;137
12;1464;216;62;154
12;1377;184;63;121
12;1290;249;91;158
12;1203;298;109;189
12;1116;269;100;169
12;1029;284;101;183
12;942;235;85;150
12;855;219;87;132
12;768;247;87;160
12;681;289;113;176
12;594;301;112;189
12;507;281;94;187
12;420;284;99;185
12;333;271;88;183
12;246;271;111;160
12;159;258;95;163
12;72;238;76;162
12;1552;203;55;148
12;1465;172;58;114
12;1378;242;88;154
12;1291;296;108;188
12;1204;259;95;164
12;1117;279;97;182
12;1030;227;80;147
12;943;221;86;135
12;856;235;83;152
12;769;282;110;172
12;682;291;104;187
12;595;267;86;181
12;508;263;94;169
12;421;264;83;181
12;334;263;105;158
12;247;247;89;158
12;160;232;73;159
12;73;289;114;175
12;1553;165;53;112
12;1466;233;82;151
12;1379;287;103;184
12;1292;256;93;163
12;1205;266;92;174
12;1118;214;73;141
12;1031;209;82;127
12;944;245;87;158
12;857;267;104;163
12;770;282;100;182
12;683;257;85;172
12;596;252;87;165
12;509;255;80;175
12;422;251;99;152
12;335;235;86;149
12;248;228;69;159
12;161;282;111;171
12;74;239;81;158
12;1554;226;74;152
12;1467;268;94;174
12;1380;245;84;161
12;1293;257;86;171
12;1206;205;68;137
12;1119;200;77;123
12;1032;238;84;154
12;945;256;96;160
12;858;269;93;176
12;771;249;78;171
12;684;241;80;161
12;597;245;75;170
12;510;239;90;149
12;423;224;80;144
12;336;211;63;148
12;249;271;104;167
12;162;226;74;152
12;75;199;68;131
12;1555;255;88;167
12;1468;235;77;158
12;1381;247;81;166
12;1294;198;65;133
12;1207;194;70;124
12;1120;229;79;150
12;1033;253;94;159
12;946;257;84;173
12;859;236;73;163
12;772;230;71;159
12;685;236;70;166
12;598;229;84;145
12;511;208;73;135
12;424;205;63;142
12;337;263;101;162
12;250;218;71;147
12;163;192;62;130
12;76;234;81;153
12;1556;220;69;151
12;1469;237;74;163
12;1382;188;60;128
12;1295;186;67;119
12;1208;217;74;143
12;1121;240;89;151
12;1034;246;80;166
12;947;228;70;158
12;860;216;61;155
12;773;224;66;158
12;686;215;77;138
12;599;194;63;131
12;512;186;52;134
12;425;236;88;148
12;338;214;67;147
12;251;182;52;130
12;164;224;76;148
12;77;175;50;125
12;1557;229;69;160
12;1470;182;58;124
12;1383;177;64;113
12;1296;211;70;141
12;1209;225;83;142
12;1122;231;68;163
12;1035;213;63;150
12;948;214;64;150
12;861;215;62;153
12;774;207;73;134
12;687;181;54;127
12;600;173;46;127
12;513;223;82;141
12;426;204;65;139
12;339;169;46;123
12;252;210;69;141
12;165;170;45;125
12;78;186;53;133
12;1558;169;49;120
12;1471;169;59;110
12;1384;202;66;136
12;1297;217;81;136
12;1210;223;65;158
12;1123;197;58;139
12;1036;200;59;141
12;949;200;54;146
12;862;190;67;123
12;775;171;53;118
12;688;157;42;115
12;601;210;78;132
12;514;194;61;133
12;427;163;46;117
12;340;192;61;131
12;253;156;41;115
12;166;174;49;125
12;79;152;59;93
12;1559;162;56;106
12;1472;187;56;131
12;1385;205;73;132
12;1298;205;58;147
12;1211;187;55;132
12;1124;188;54;134
12;1037;193;52;141
12;950;191;64;127
12;863;169;50;119
12;776;145;36;109
12;689;194;66;128
12;602;178;57;121
12;515;154;42;112
12;428;187;60;127
12;341;147;36;111
12;254;160;42;118
12;167;145;57;88
12;80;153;36;117
12;1560;174;50;124
12;1473;192;65;127
12;1386;191;53;138
12;1299;174;47;127
12;1212;178;49;129
12;1125;173;46;127
12;1038;177;56;121
12;951;154;45;109
12;864;140;36;104
12;777;176;58;118
12;690;162;49;113
12;603;141;38;103
12;516;174;57;117
12;429;141;33;108
12;342;153;42;111
12;255;131;51;80
12;168;138;33;105
12;81;110;34;76
12;1561;180;58;122
12;1474;178;47;131
12;1387;165;44;121
12;1300;164;42;122
12;1213;161;44;117
12;1126;164;51;113
12;1039;146;43;103
12;952;138;35;103
12;865;163;51;112
12;778;146;42;104
12;691;117;28;89
12;604;153;46;107
12;517;124;31;93
12;430;143;38;105
12;343;124;48;76
12;256;127;28;99
12;169;106;32;74
12;82;97;22;75
12;1562;161;41;120
12;1475;156;39;117
12;1388;155;39;116
12;1301;148;39;109
12;1214;146;45;101
12;1127;132;35;97
12;1040;131;30;101
12;953;156;48;108
12;866;129;33;96
12;779;110;26;84
12;692;131;39;92
12;605;115;30;85
12;518;132;34;98
12;431;106;42;64
12;344;120;26;94
12;257;95;29;66
12;170;91;21;70
12;83;68;19;49
12;1563;142;34;108
12;1476;136;31;105
12;1389;136;31;105
12;1302;131;36;95
12;1215;122;32;90
12;1128;115;25;90
12;1041;142;41;101
12;954;115;33;82
12;867;104;26;78
12;780;116;34;82
12;693;97;24;73
12;606;115;26;89
12;519;93;34;59
12;432;109;21;88
12;345;90;25;65
12;258;81;18;63
12;171;55;18;37
12;84;67;28;39
12;1564;130;28;102
12;1477;127;27;100
12;1390;123;35;88
12;1303;108;28;80
12;1216;94;22;72
12;1129;127;35;92
12;1042;96;28;68
12;955;91;21;70
12;868;100;29;71
12;781;90;21;69
12;694;98;23;75
12;607;82;30;52
12;520;95;17;78
12;433;80;20;60
12;346;72;15;57
12;259;46;14;32
12;172;62;25;37
12;85;44;13;31
12;1565;544;131;413
12;1478;510;134;376
12;1391;477;118;359
12;1304;487;121;366
12;1217;469;121;348
12;1130;441;105;336
12;1043;427;96;331
12;956;399;91;308
12;869;367;83;284
12;782;343;74;269
12;695;343;77;266
12;608;326;66;260
12;521;297;68;229
12;434;282;65;217
12;347;265;66;199
12;260;293;75;218
12;173;308;79;229
12;86;310;83;227
12;1566;19606;8942;10664
12;1479;20210;9252;10958
12;1392;20824;9534;11290
12;1305;21332;9797;11535
12;1218;21677;9986;11691
12;1131;22210;10220;11990
12;1044;22796;10471;12325
12;957;23460;10773;12687
12;870;24501;11262;13239
12;783;25310;11630;13680
12;696;25967;11911;14056
12;609;26665;12313;14352
12;522;27328;12687;14641
12;435;28239;13159;15080
12;348;28951;13529;15422
12;261;29500;13811;15689
12;174;29933;14034;15899
12;87;30266;14244;16022
13;1480;234;116;118
13;1393;212;102;110
13;1306;241;109;132
13;1219;240;114;126
13;1132;255;129;126
13;1045;232;117;115
13;958;241;137;104
13;871;214;126;88
13;784;253;117;136
13;697;222;126;96
13;610;240;115;125
13;523;241;128;113
13;436;265;126;139
13;349;241;131;110
13;262;285;148;137
13;175;258;127;131
13;88;327;167;160
13;1;306;144;162
13;1481;213;102;111
13;1394;241;106;135
13;1307;242;117;125
13;1220;247;123;124
13;1133;229;115;114
13;1046;242;139;103
13;959;233;137;96
13;872;216;101;115
13;785;229;131;98
13;698;242;114;128
13;611;233;124;109
13;524;263;124;139
13;437;244;130;114
13;350;287;151;136
13;263;256;127;129
13;176;315;158;157
13;89;290;134;156
13;2;316;165;151
13;1482;233;102;131
13;1395;243;117;126
13;1308;244;120;124
13;1221;234;119;115
13;1134;228;128;100
13;1047;227;133;94
13;960;218;100;118
13;873;203;121;82
13;786;237;112;125
13;699;233;125;108
13;612;257;124;133
13;525;226;124;102
13;438;278;145;133
13;351;248;123;125
13;264;317;162;155
13;177;274;126;148
13;90;301;158;143
13;3;321;167;154
13;1483;244;117;127
13;1396;241;113;128
13;1309;230;119;111
13;1222;216;120;96
13;1135;224;134;90
13;1048;223;104;119
13;961;207;122;85
13;874;205;100;105
13;787;229;122;107
13;700;254;123;131
13;613;219;119;100
13;526;274;141;133
13;439;256;127;129
13;352;318;166;152
13;265;276;130;146
13;178;293;152;141
13;91;319;168;151
13;4;315;165;150
13;1484;232;108;124
13;1397;229;111;118
13;1310;207;119;88
13;1223;230;136;94
13;1136;222;101;121
13;1049;207;123;84
13;962;208;96;112
13;875;226;118;108
13;788;246;114;132
13;701;221;122;99
13;614;269;139;130
13;527;250;124;126
13;440;317;164;153
13;353;282;133;149
13;266;292;153;139
13;179;310;163;147
13;92;312;163;149
13;5;333;170;163
13;1485;239;118;121
13;1398;210;121;89
13;1311;221;127;94
13;1224;216;98;118
13;1137;217;130;87
13;1050;209;99;110
13;963;233;119;114
13;876;223;114;109
13;789;222;122;100
13;702;262;136;126
13;615;248;122;126
13;528;312;164;148
13;441;275;130;145
13;354;297;159;138
13;267;316;164;152
13;180;309;164;145
13;93;328;168;160
13;6;373;191;182
13;1486;209;116;93
13;1399;221;130;91
13;1312;213;96;117
13;1225;220;131;89
13;1138;213;102;111
13;1051;227;111;116
13;964;223;115;108
13;877;209;114;95
13;790;261;131;130
13;703;236;116;120
13;616;304;160;144
13;529;269;125;144
13;442;295;160;135
13;355;314;161;153
13;268;310;164;146
13;181;327;168;159
13;94;368;194;174
13;7;364;190;174
13;1487;225;130;95
13;1400;214;97;117
13;1313;220;130;90
13;1226;210;102;108
13;1139;228;112;116
13;1052;221;115;106
13;965;215;117;98
13;878;265;137;128
13;791;243;117;126
13;704;303;160;143
13;617;267;125;142
13;530;298;161;137
13;443;315;164;151
13;356;309;162;147
13;269;332;171;161
13;182;364;193;171
13;95;363;194;169
13;8;412;230;182
13;1488;215;101;114
13;1401;222;129;93
13;1314;222;110;112
13;1227;231;111;120
13;1140;219;114;105
13;1053;211;112;99
13;966;265;137;128
13;879;242;129;113
13;792;305;163;142
13;705;268;124;144
13;618;290;158;132
13;531;313;159;154
13;444;308;162;146
13;357;330;171;159
13;270;366;193;173
13;183;361;192;169
13;96;411;228;183
13;9;467;234;233
13;1489;223;132;91
13;1402;221;108;113
13;1315;233;112;121
13;1228;215;112;103
13;1141;208;110;98
13;1054;268;138;130
13;967;246;129;117
13;880;293;141;152
13;793;271;129;142
13;706;288;156;132
13;619;313;162;151
13;532;304;160;144
13;445;327;173;154
13;358;367;194;173
13;271;363;192;171
13;184;408;226;182
13;97;458;228;230
13;10;533;263;270
13;1490;215;106;109
13;1403;242;118;124
13;1316;214;113;101
13;1229;203;107;96
13;1142;274;143;131
13;1055;246;128;118
13;968;294;144;150
13;881;285;142;143
13;794;277;150;127
13;707;315;163;152
13;620;304;161;143
13;533;329;173;156
13;446;369;198;171
13;359;358;191;167
13;272;412;231;181
13;185;455;227;228
13;98;535;263;272
13;11;480;228;252
13;1491;236;115;121
13;1404;214;117;97
13;1317;204;105;99
13;1230;272;142;130
13;1143;249;130;119
13;1056;295;142;153
13;969;279;142;137
13;882;306;156;150
13;795;311;162;149
13;708;304;160;144
13;621;325;173;152
13;534;372;201;171
13;447;360;189;171
13;360;411;232;179
13;273;456;226;230
13;186;531;262;269
13;99;472;221;251
13;12;477;247;230
13;1492;223;118;105
13;1405;200;100;100
13;1318;272;145;127
13;1231;251;131;120
13;1144;300;141;159
13;1057;282;140;142
13;970;309;159;150
13;883;333;172;161
13;796;303;157;146
13;709;329;171;158
13;622;378;201;177
13;535;362;192;170
13;448;412;233;179
13;361;455;224;231
13;274;529;260;269
13;187;464;217;247
13;100;462;242;220
13;13;504;272;232
13;1493;199;99;100
13;1406;279;150;129
13;1319;254;133;121
13;1232;303;142;161
13;1145;286;143;143
13;1058;309;159;150
13;971;334;172;162
13;884;318;166;152
13;797;324;169;155
13;710;383;199;184
13;623;364;195;169
13;536;414;233;181
13;449;444;218;226
13;362;528;258;270
13;275;459;215;244
13;188;454;237;217
13;101;495;268;227
13;14;518;291;227
13;1494;277;151;126
13;1407;257;136;121
13;1320;308;147;161
13;1233;283;145;138
13;1146;313;160;153
13;1059;334;172;162
13;972;325;174;151
13;885;331;170;161
13;798;379;193;186
13;711;373;194;179
13;624;412;231;181
13;537;443;221;222
13;450;519;253;266
13;363;456;215;241
13;276;448;234;214
13;189;488;262;226
13;102;514;291;223
13;15;505;288;217
13;1495;257;133;124
13;1408;312;150;162
13;1321;281;139;142
13;1234;313;162;151
13;1147;335;175;160
13;1060;326;174;152
13;973;332;170;162
13;886;374;189;185
13;799;362;188;174
13;712;413;228;185
13;625;444;220;224
13;538;516;251;265
13;451;449;212;237
13;364;452;235;217
13;277;482;261;221
13;190;505;284;221
13;103;498;283;215
13;16;516;278;238
13;1496;316;151;165
13;1409;273;136;137
13;1322;317;167;150
13;1235;333;176;157
13;1148;323;170;153
13;1061;337;175;162
13;974;371;187;184
13;887;362;196;166
13;800;407;224;183
13;713;442;222;220
13;626;520;254;266
13;539;440;207;233
13;452;433;221;212
13;365;479;260;219
13;278;494;281;213
13;191;491;278;213
13;104;507;273;234
13;17;485;258;227
13;1497;272;134;138
13;1410;324;168;156
13;1323;337;175;162
13;1236;328;173;155
13;1149;340;175;165
13;1062;373;189;184
13;975;373;198;175
13;888;421;230;191
13;801;444;222;222
13;714;525;251;274
13;627;438;206;232
13;540;431;219;212
13;453;468;254;214
13;366;492;280;212
13;279;483;275;208
13;192;494;266;228
13;105;483;258;225
13;18;523;277;246
13;1498;319;162;157
13;1411;334;178;156
13;1324;329;173;156
13;1237;335;173;162
13;1150;376;191;185
13;1063;369;194;175
13;976;424;231;193
13;889;434;231;203
13;802;519;251;268
13;715;440;206;234
13;628;430;217;213
13;541;462;253;209
13;454;481;274;207
13;367;476;269;207
13;280;491;268;223
13;193;479;254;225
13;106;519;274;245
13;19;412;238;174
13;1499;324;180;144
13;1412;317;168;149
13;1325;331;168;163
13;1238;372;187;185
13;1151;363;192;171
13;1064;416;229;187
13;977;418;225;193
13;890;422;225;197
13;803;439;205;234
13;716;430;219;211
13;629;454;249;205
13;542;470;267;203
13;455;464;264;200
13;368;482;267;215
13;281;474;250;224
13;194;517;269;248
13;107;396;231;165
13;20;325;206;119
13;1500;312;166;146
13;1413;328;168;160
13;1326;366;178;188
13;1239;348;185;163
13;1152;411;226;185
13;1065;412;221;191
13;978;419;225;194
13;891;353;178;175
13;804;425;215;210
13;717;453;246;207
13;630;464;265;199
13;543;446;256;190
13;456;465;256;209
13;369;475;249;226
13;282;510;266;244
13;195;389;228;161
13;108;317;200;117
13;21;325;177;148
13;1501;325;165;160
13;1414;363;181;182
13;1327;340;179;161
13;1240;406;230;176
13;1153;418;227;191
13;1066;410;220;190
13;979;353;183;170
13;892;354;194;160
13;805;445;243;202
13;718;458;261;197
13;631;435;250;185
13;544;459;251;208
13;457;444;232;212
13;370;502;263;239
13;283;391;227;164
13;196;320;202;118
13;109;320;177;143
13;22;318;174;144
13;1502;344;173;171
13;1415;341;179;162
13;1328;405;227;178
13;1241;409;221;188
13;1154;404;220;184
13;1067;350;182;168
13;980;341;191;150
13;893;335;200;135
13;806;442;257;185
13;719;436;252;184
13;632;438;242;196
13;545;431;225;206
13;458;486;255;231
13;371;393;228;165
13;284;318;199;119
13;197;314;174;140
13;110;316;171;145
13;23;309;191;118
13;1503;318;167;151
13;1416;406;232;174
13;1329;396;218;178
13;1242;397;217;180
13;1155;335;172;163
13;1068;331;189;142
13;981;329;196;133
13;894;305;182;123
13;807;429;246;183
13;720;435;238;197
13;633;415;216;199
13;546;466;247;219
13;459;385;221;164
13;372;304;189;115
13;285;309;175;134
13;198;318;171;147
13;111;307;191;116
13;24;275;150;125
13;1504;376;219;157
13;1417;385;214;171
13;1330;374;201;173
13;1243;335;175;160
13;1156;325;194;131
13;1069;322;197;125
13;982;282;166;116
13;895;303;180;123
13;808;424;233;191
13;721;411;217;194
13;634;448;235;213
13;547;377;215;162
13;460;298;185;113
13;373;306;174;132
13;286;314;169;145
13;199;305;190;115
13;112;270;143;127
13;25;284;148;136
13;1505;358;201;157
13;1418;371;206;165
13;1331;316;166;150
13;1244;306;179;127
13;1157;310;192;118
13;1070;277;163;114
13;983;282;174;108
13;896;288;170;118
13;809;402;214;188
13;722;442;230;212
13;635;367;209;158
13;548;289;179;110
13;461;295;169;126
13;374;311;166;145
13;287;299;189;110
13;200;273;147;126
13;113;283;146;137
13;26;314;184;130
13;1506;330;188;142
13;1419;298;159;139
13;1332;298;180;118
13;1245;306;185;121
13;1158;265;155;110
13;1071;264;166;98
13;984;272;157;115
13;897;247;129;118
13;810;440;230;210
13;723;353;202;151
13;636;279;172;107
13;549;277;159;118
13;462;275;145;130
13;375;294;185;109
13;288;263;144;119
13;201;277;141;136
13;114;308;180;128
13;27;296;167;129
13;1507;260;143;117
13;1420;286;180;106
13;1333;292;176;116
13;1246;263;149;114
13;1159;251;159;92
13;1072;247;148;99
13;985;225;122;103
13;898;325;167;158
13;811;335;194;141
13;724;276;171;105
13;637;265;153;112
13;550;259;140;119
13;463;276;174;102
13;376;248;134;114
13;289;273;137;136
13;202;300;173;127
13;115;288;162;126
13;28;320;181;139
13;1508;269;167;102
13;1421;288;172;116
13;1334;234;135;99
13;1247;259;159;100
13;1160;232;138;94
13;1073;219;127;92
13;986;309;160;149
13;899;271;144;127
13;812;263;162;101
13;725;256;149;107
13;638;251;133;118
13;551;268;169;99
13;464;241;131;110
13;377;261;131;130
13;290;282;162;120
13;203;277;157;120
13;116;310;179;131
13;29;328;182;146
13;1509;260;154;106
13;1422;215;126;89
13;1335;238;146;92
13;1248;226;130;96
13;1161;220;131;89
13;1074;295;152;143
13;987;268;140;128
13;900;275;156;119
13;813;253;152;101
13;726;242;132;110
13;639;261;170;91
13;552;226;127;99
13;465;257;128;129
13;378;284;159;125
13;291;275;154;121
13;204;295;172;123
13;117;324;178;146
13;30;374;200;174
13;1510;197;107;90
13;1423;228;137;91
13;1336;231;131;100
13;1249;217;128;89
13;1162;301;157;144
13;1075;262;138;124
13;988;274;156;118
13;901;237;115;122
13;814;241;133;108
13;727;258;167;91
13;640;211;119;92
13;553;246;127;119
13;466;273;152;121
13;379;272;151;121
13;292;290;167;123
13;205;322;176;146
13;118;362;194;168
13;31;369;216;153
13;1511;216;125;91
13;1424;206;118;88
13;1337;210;121;89
13;1250;300;154;146
13;1163;256;133;123
13;1076;268;155;113
13;989;225;112;113
13;902;264;142;122
13;815;253;164;89
13;728;213;120;93
13;641;246;127;119
13;554;278;150;128
13;467;269;153;116
13;380;287;166;121
13;293;309;163;146
13;206;345;185;160
13;119;362;211;151
13;32;398;198;200
13;1512;195;117;78
13;1425;200;114;86
13;1338;277;146;131
13;1251;231;117;114
13;1164;265;149;116
13;1077;221;110;111
13;990;267;142;125
13;903;264;142;122
13;816;208;116;92
13;729;243;123;120
13;642;276;148;128
13;555;265;152;113
13;468;281;159;122
13;381;302;160;142
13;294;341;185;156
13;207;369;217;152
13;120;398;198;200
13;33;356;173;183
13;1513;186;97;89
13;1426;266;137;129
13;1339;228;117;111
13;1252;262;149;113
13;1165;207;104;103
13;1078;258;139;119
13;991;267;141;126
13;904;248;120;128
13;817;234;112;122
13;730;281;149;132
13;643;259;147;112
13;556;284;162;122
13;469;290;154;136
13;382;338;185;153
13;295;357;211;146
13;208;384;187;197
13;121;345;170;175
13;34;452;240;212
13;1514;262;132;130
13;1427;221;112;109
13;1340;254;143;111
13;1253;203;96;107
13;1166;257;141;116
13;1079;267;144;123
13;992;244;124;120
13;905;290;135;155
13;818;275;148;127
13;731;261;148;113
13;644;277;158;119
13;557;287;151;136
13;470;338;186;152
13;383;352;208;144
13;296;386;190;196
13;209;342;169;173
13;122;443;239;204
13;35;411;230;181
13;1515;221;106;115
13;1428;244;133;111
13;1341;207;97;110
13;1254;245;133;112
13;1167;269;145;124
13;1080;246;123;123
13;993;288;133;155
13;906;283;149;134
13;819;266;148;118
13;732;272;155;117
13;645;283;147;136
13;558;334;181;153
13;471;344;204;140
13;384;389;192;197
13;297;349;170;179
13;210;440;236;204
13;123;402;224;178
13;36;449;253;196
13;1516;249;140;109
13;1429;205;99;106
13;1342;240;130;110
13;1255;264;146;118
13;1168;246;124;122
13;1081;287;131;156
13;994;275;144;131
13;907;311;169;142
13;820;267;158;109
13;733;281;147;134
13;646;330;179;151
13;559;346;206;140
13;472;384;189;195
13;385;354;172;182
13;298;439;233;206
13;211;397;224;173
13;124;445;250;195
13;37;451;249;202
13;1517;199;96;103
13;1430;237;129;108
13;1343;261;142;119
13;1256;245;124;121
13;1169;291;136;155
13;1082;276;147;129
13;995;306;163;143
13;908;302;164;138
13;821;282;147;135
13;734;331;177;154
13;647;338;200;138
13;560;383;189;194
13;473;352;173;179
13;386;435;229;206
13;299;397;221;176
13;212;440;247;193
13;125;446;248;198
13;38;443;241;202
13;1518;232;128;104
13;1431;265;143;122
13;1344;255;123;132
13;1257;284;130;154
13;1170;282;150;132
13;1083;299;156;143
13;996;304;167;137
13;909;339;179;160
13;822;332;178;154
13;735;338;202;136
13;648;384;184;200
13;561;348;172;176
13;474;420;221;199
13;387;401;220;181
13;300;445;249;196
13;213;437;243;194
13;126;429;233;196
13;39;432;241;191
13;1519;253;133;120
13;1432;246;114;132
13;1345;291;131;160
13;1258;295;153;142
13;1171;296;152;144
13;1084;303;170;133
13;997;344;183;161
13;910;378;206;172
13;823;328;197;131
13;736;388;189;199
13;649;349;171;178
13;562;424;223;201
13;475;397;217;180
13;388;439;243;196
13;301;441;239;202
13;214;431;232;199
13;127;419;229;190
13;40;480;282;198
13;1520;247;115;132
13;1433;293;134;159
13;1346;295;151;144
13;1259;301;154;147
13;1172;311;176;135
13;1085;349;188;161
13;998;378;210;168
13;911;372;220;152
13;824;391;193;198
13;737;350;170;180
13;650;429;228;201
13;563;392;210;182
13;476;426;233;193
13;389;433;236;197
13;302;431;230;201
13;215;410;224;186
13;128;473;274;199
13;41;510;272;238
13;1521;295;135;160
13;1434;290;145;145
13;1347;310;163;147
13;1260;317;178;139
13;1173;347;180;167
13;1086;376;208;168
13;999;374;221;153
13;912;426;203;223
13;825;347;169;178
13;738;430;228;202
13;651;389;204;185
13;564;427;236;191
13;477;425;231;194
13;390;435;237;198
13;303;409;223;186
13;216;464;269;195
13;129;502;268;234
13;42;481;264;217
13;1522;281;139;142
13;1435;320;173;147
13;1348;317;177;140
13;1261;350;184;166
13;1174;382;208;174
13;1087;376;223;153
13;1000;426;205;221
13;913;379;178;201
13;826;426;229;197
13;739;383;200;183
13;652;424;235;189
13;565;425;225;200
13;478;426;232;194
13;391;404;215;189
13;304;467;273;194
13;217;499;266;233
13;130;474;261;213
13;43;420;244;176
13;1523;320;171;149
13;1436;313;177;136
13;1349;351;184;167
13;1262;380;206;174
13;1175;379;225;154
13;1088;426;206;220
13;1001;378;177;201
13;914;419;222;197
13;827;381;199;182
13;740;415;229;186
13;653;426;226;200
13;566;420;226;194
13;479;402;214;188
13;392;464;271;193
13;305;498;264;234
13;218;472;259;213
13;131;420;244;176
13;44;438;242;196
13;1524;318;179;139
13;1437;357;184;173
13;1350;387;205;182
13;1263;382;224;158
13;1176;419;196;223
13;1089;378;175;203
13;1002;416;218;198
13;915;406;217;189
13;828;414;228;186
13;741;419;220;199
13;654;415;221;194
13;567;402;213;189
13;480;462;269;193
13;393;503;268;235
13;306;479;266;213
13;219;420;244;176
13;132;436;241;195
13;45;343;179;164
13;1525;357;181;176
13;1438;391;212;179
13;1351;383;226;157
13;1264;420;193;227
13;1177;375;175;200
13;1090;420;222;198
13;1003;408;217;191
13;916;436;239;197
13;829;414;221;193
13;742;412;216;196
13;655;399;209;190
13;568;463;269;194
13;481;511;273;238
13;394;478;266;212
13;307;433;248;185
13;220;440;243;197
13;133;337;177;160
13;46;356;199;157
13;1526;392;215;177
13;1439;387;228;159
13;1352;427;198;229
13;1265;377;175;202
13;1178;415;218;197
13;1091;405;213;192
13;1004;430;235;195
13;917;458;250;208
13;830;407;214;193
13;743;398;206;192
13;656;452;263;189
13;569;510;270;240
13;482;474;261;213
13;395;432;246;186
13;308;438;239;199
13;221;334;174;160
13;134;349;194;155
13;47;359;202;157
13;1527;382;226;156
13;1440;429;200;229
13;1353;382;179;203
13;1266;423;223;200
13;1179;402;213;189
13;1092;433;239;194
13;1005;455;249;206
13;918;441;233;208
13;831;393;201;192
13;744;455;265;190
13;657;509;264;245
13;570;469;256;213
13;483;430;243;187
13;396;437;238;199
13;309;339;178;161
13;222;348;193;155
13;135;358;199;159
13;48;343;197;146
13;1528;428;199;229
13;1441;387;181;206
13;1354;420;219;201
13;1267;395;210;185
13;1180;433;240;193
13;1093;452;247;205
13;1006;445;235;210
13;919;437;234;203
13;832;455;265;190
13;745;509;264;245
13;658;465;250;215
13;571;432;248;184
13;484;437;239;198
13;397;344;181;163
13;310;358;199;159
13;223;361;198;163
13;136;333;189;144
13;49;335;179;156
13;1529;389;182;207
13;1442;421;219;202
13;1355;398;215;183
13;1268;425;234;191
13;1181;460;251;209
13;1094;440;230;210
13;1007;437;234;203
13;920;475;274;201
13;833;507;261;246
13;746;459;245;214
13;659;431;247;184
13;572;434;237;197
13;485;341;177;164
13;398;366;202;164
13;311;365;201;164
13;224;334;190;144
13;137;333;175;158
13;50;317;169;148
13;1530;419;219;200
13;1443;402;215;187
13;1356;425;234;191
13;1269;455;247;208
13;1182;440;229;211
13;1095;433;228;205
13;1008;473;275;198
13;921;503;258;245
13;834;460;247;213
13;747;431;245;186
13;660;431;234;197
13;573;341;178;163
13;486;362;200;162
13;399;366;197;169
13;312;336;188;148
13;225;328;170;158
13;138;319;168;151
13;51;335;165;170
13;1531;404;214;190
13;1444;431;233;198
13;1357;445;244;201
13;1270;436;226;210
13;1183;431;225;206
13;1096;475;275;200
13;1009;506;258;248
13;922;476;262;214
13;835;432;247;185
13;748;430;232;198
13;661;334;174;160
13;574;358;196;162
13;487;363;195;168
13;400;342;188;154
13;313;335;170;165
13;226;316;166;150
13;139;333;162;171
13;52;359;175;184
13;1532;429;231;198
13;1445;449;249;200
13;1358;438;223;215
13;1271;435;227;208
13;1184;471;268;203
13;1097;500;254;246
13;1010;470;259;211
13;923;437;248;189
13;836;427;231;196
13;749;328;168;160
13;662;351;188;163
13;575;349;184;165
13;488;340;187;153
13;401;337;169;168
13;314;311;162;149
13;227;328;160;168
13;140;358;174;184
13;53;335;182;153
13;1533;459;254;205
13;1446;431;216;215
13;1359;433;226;207
13;1272;475;272;203
13;1185;493;246;247
13;1098;470;259;211
13;1011;440;248;192
13;924;405;220;185
13;837;331;167;164
13;750;348;184;164
13;663;342;177;165
13;576;338;184;154
13;489;335;166;169
13;402;309;165;144
13;315;323;154;169
13;228;359;173;186
13;141;331;182;149
13;54;293;166;127
13;1534;431;215;216
13;1447;433;223;210
13;1360;479;276;203
13;1273;495;250;245
13;1186;468;260;208
13;1099;429;244;185
13;1012;405;222;183
13;925;363;183;180
13;838;343;179;164
13;751;338;175;163
13;664;330;178;152
13;577;328;162;166
13;490;304;160;144
13;403;328;157;171
13;316;364;174;190
13;229;335;181;154
13;142;286;161;125
13;55;300;153;147
13;1535;431;223;208
13;1448;475;272;203
13;1361;493;250;243
13;1274;464;257;207
13;1187;429;244;185
13;1100;400;216;184
13;1013;363;184;179
13;926;376;201;175
13;839;339;175;164
13;752;327;176;151
13;665;324;158;166
13;578;300;157;143
13;491;324;151;173
13;404;368;174;194
13;317;331;174;157
13;230;285;155;130
13;143;298;150;148
13;56;381;179;202
13;1536;476;269;207
13;1449;487;247;240
13;1362;455;250;205
13;1275;422;238;184
13;1188;405;221;184
13;1101;366;182;184
13;1014;379;204;175
13;927;338;174;164
13;840;319;171;148
13;753;320;151;169
13;666;292;153;139
13;579;326;152;174
13;492;368;173;195
13;405;333;175;158
13;318;291;158;133
13;231;288;146;142
13;144;374;174;200
13;57;293;139;154
13;1537;492;248;244
13;1450;459;256;203
13;1363;426;238;188
13;1276;410;224;186
13;1189;368;184;184
13;1102;379;202;177
13;1015;334;173;161
13;928;339;182;157
13;841;318;145;173
13;754;299;156;143
13;667;331;153;178
13;580;366;172;194
13;493;330;170;160
13;406;289;158;131
13;319;294;149;145
13;232;365;169;196
13;145;290;138;152
13;58;383;191;192
13;1538;457;252;205
13;1451;422;236;186
13;1364;416;228;188
13;1277;368;184;184
13;1190;373;199;174
13;1103;331;171;160
13;1016;334;179;155
13;929;333;157;176
13;842;295;153;142
13;755;330;151;179
13;668;362;167;195
13;581;330;170;160
13;494;286;153;133
13;407;295;149;146
13;320;368;171;197
13;233;292;137;155
13;146;371;186;185
13;59;410;196;214
13;1539;421;235;186
13;1452;413;222;191
13;1365;367;183;184
13;1278;376;202;174
13;1191;330;170;160
13;1104;334;177;157
13;1017;332;156;176
13;930;327;171;156
13;843;321;146;175
13;756;359;166;193
13;669;328;171;157
13;582;281;151;130
13;495;288;146;142
13;408;367;171;196
13;321;295;139;156
13;234;364;181;183
13;147;394;188;206
13;60;422;200;222
13;1540;408;219;189
13;1453;363;178;185
13;1366;374;199;175
13;1279;330;170;160
13;1192;331;176;155
13;1105;330;153;177
13;1018;329;170;159
13;931;338;162;176
13;844;352;163;189
13;757;319;162;157
13;670;273;144;129
13;583;293;147;146
13;496;363;169;194
13;409;285;134;151
13;322;363;180;183
13;235;388;182;206
13;148;413;194;219
13;61;383;164;219
13;1541;364;176;188
13;1454;371;195;176
13;1367;326;164;162
13;1280;331;178;153
13;1193;320;144;176
13;1106;324;167;157
13;1019;339;164;175
13;932;335;155;180
13;845;317;160;157
13;758;273;142;131
13;671;291;146;145
13;584;368;171;197
13;497;281;131;150
13;410;359;177;182
13;323;386;178;208
13;236;403;186;217
13;149;387;166;221
13;62;364;175;189
13;1542;369;191;178
13;1455;326;164;162
13;1368;329;174;155
13;1281;320;144;176
13;1194;314;160;154
13;1107;335;160;175
13;1020;334;152;182
13;933;319;152;167
13;846;275;144;131
13;759;291;148;143
13;672;358;163;195
13;585;283;131;152
13;498;356;176;180
13;411;379;174;205
13;324;398;183;215
13;237;380;163;217
13;150;359;169;190
13;63;461;208;253
13;1543;324;163;161
13;1456;327;171;156
13;1369;320;142;178
13;1282;322;162;160
13;1195;326;154;172
13;1108;335;156;179
13;1021;316;150;166
13;934;284;149;135
13;847;288;144;144
13;760;353;159;194
13;673;278;127;151
13;586;356;174;182
13;499;363;162;201
13;412;386;171;215
13;325;377;163;214
13;238;352;164;188
13;151;459;209;250
13;64;403;168;235
13;1544;331;175;156
13;1457;321;144;177
13;1370;318;159;159
13;1283;317;147;170
13;1196;332;152;180
13;1109;313;149;164
13;1022;286;150;136
13;935;267;125;142
13;848;341;150;191
13;761;265;120;145
13;674;346;168;178
13;587;349;154;195
13;500;380;164;216
13;413;370;155;215
13;326;348;161;187
13;239;451;203;248
13;152;399;162;237
13;65;438;167;271
13;1545;321;142;179
13;1458;309;152;157
13;1371;319;149;170
13;1284;328;150;178
13;1197;307;144;163
13;1110;286;151;135
13;1023;265;121;144
13;936;331;137;194
13;849;254;112;142
13;762;337;159;178
13;675;340;152;188
13;588;375;158;217
13;501;355;145;210
13;414;343;159;184
13;327;451;203;248
13;240;397;159;238
13;153;438;168;270
13;66;470;215;255
13;1546;308;151;157
13;1459;315;146;169
13;1372;323;144;179
13;1285;308;144;164
13;1198;279;146;133
13;1111;259;117;142
13;1024;330;136;194
13;937;279;119;160
13;850;327;152;175
13;763;332;146;186
13;676;368;152;216
13;589;347;137;210
13;502;338;154;184
13;415;437;191;246
13;328;393;155;238
13;241;428;165;263
13;154;458;211;247
13;67;412;171;241
13;1547;309;141;168
13;1460;317;145;172
13;1373;298;135;163
13;1286;276;143;133
13;1199;256;116;140
13;1112;322;130;192
13;1025;274;114;160
13;938;326;149;177
13;851;317;135;182
13;764;358;143;215
13;677;339;131;208
13;590;333;152;181
13;503;427;182;245
13;416;387;156;231
13;329;427;162;265
13;242;454;207;247
13;155;411;171;240
13;68;529;225;304
13;1548;310;140;170
13;1461;295;132;163
13;1374;269;142;127
13;1287;244;110;134
13;1200;314;126;188
13;1113;268;107;161
13;1026;324;144;180
13;939;314;136;178
13;852;354;143;211
13;765;329;122;207
13;678;325;147;178
13;591;414;173;241
13;504;374;150;224
13;417;415;159;256
13;330;449;200;249
13;243;404;164;240
13;156;512;212;300
13;69;492;199;293
13;1549;294;130;164
13;1462;271;142;129
13;1375;242;108;134
13;1288;308;122;186
13;1201;261;104;157
13;1114;318;142;176
13;1027;308;131;177
13;940;329;129;200
13;853;321;117;204
13;766;316;139;177
13;679;402;168;234
13;592;366;146;220
13;505;409;156;253
13;418;433;191;242
13;331;404;161;243
13;244;510;210;300
13;157;477;190;287
13;70;486;182;304
13;1550;260;137;123
13;1463;234;104;130
13;1376;303;117;186
13;1289;255;101;154
13;1202;304;132;172
13;1115;299;126;173
13;1028;325;125;200
13;941;311;113;198
13;854;309;134;175
13;767;390;163;227
13;680;351;138;213
13;593;397;150;247
13;506;422;184;238
13;419;387;153;234
13;332;494;201;293
13;245;470;185;285
13;158;477;177;300
13;71;506;207;299
13;1551;220;96;124
13;1464;287;105;182
13;1377;249;98;151
13;1290;294;124;170
13;1203;293;124;169
13;1116;315;118;197
13;1029;305;112;193
13;942;279;113;166
13;855;379;152;227
13;768;340;131;209
13;681;390;147;243
13;594;412;178;234
13;507;377;148;229
13;420;468;185;283
13;333;460;175;285
13;246;462;164;298
13;159;496;202;294
13;72;452;174;278
13;1552;284;104;180
13;1465;245;94;151
13;1378;286;118;168
13;1291;289;120;169
13;1204;307;112;195
13;1117;297;107;190
13;1030;270;105;165
13;943;346;131;215
13;856;324;117;207
13;769;388;147;241
13;682;396;171;225
13;595;364;139;225
13;508;455;180;275
13;421;443;163;280
13;334;452;162;290
13;247;480;191;289
13;160;446;171;275
13;73;421;147;274
13;1553;240;93;147
13;1466;280;115;165
13;1379;278;112;166
13;1292;294;105;189
13;1205;287;102;185
13;1118;262;103;159
13;1031;334;123;211
13;944;298;114;184
13;857;368;138;230
13;770;385;162;223
13;683;354;130;224
13;596;436;169;267
13;509;427;155;272
13;422;430;146;284
13;335;472;186;286
13;248;425;160;265
13;161;406;142;264
13;74;362;139;223
13;1554;272;112;160
13;1467;272;110;162
13;1380;286;100;186
13;1293;280;99;181
13;1206;253;96;157
13;1119;324;115;209
13;1032;284;108;176
13;945;339;123;216
13;858;373;156;217
13;771;341;118;223
13;684;415;157;258
13;597;414;148;266
13;510;412;140;272
13;423;464;179;285
13;336;400;146;254
13;249;393;137;256
13;162;361;138;223
13;75;375;122;253
13;1555;268;108;160
13;1468;277;99;178
13;1381;273;93;180
13;1294;247;92;155
13;1207;320;110;210
13;1120;274;102;172
13;1033;323;116;207
13;946;328;132;196
13;859;331;113;218
13;772;401;152;249
13;685;399;139;260
13;598;392;130;262
13;511;445;164;281
13;424;382;137;245
13;337;379;125;254
13;250;349;131;218
13;163;359;114;245
13;76;373;117;256
13;1556;265;91;174
13;1469;266;92;174
13;1382;240;89;151
13;1295;311;106;205
13;1208;274;101;173
13;1121;311;111;200
13;1034;321;129;192
13;947;296;106;190
13;860;386;145;241
13;773;378;126;252
13;686;372;119;253
13;599;423;153;270
13;512;361;127;234
13;425;371;123;248
13;338;339;125;214
13;251;336;100;236
13;164;365;117;248
13;77;318;112;206
13;1557;256;86;170
13;1470;226;83;143
13;1383;297;97;200
13;1296;264;94;170
13;1209;298;104;194
13;1122;308;122;186
13;1035;273;96;177
13;948;348;125;223
13;861;360;111;249
13;774;359;116;243
13;687;406;138;268
13;600;341;120;221
13;513;342;111;231
13;426;318;115;203
13;339;324;94;230
13;252;355;112;243
13;165;309;106;203
13;78;311;101;210
13;1558;210;76;134
13;1471;286;91;195
13;1384;251;88;163
13;1297;286;95;191
13;1210;297;113;184
13;1123;260;91;169
13;1036;331;117;214
13;949;309;90;219
13;862;340;114;226
13;775;388;126;262
13;688;326;112;214
13;601;322;104;218
13;514;299;106;193
13;427;302;82;220
13;340;344;104;240
13;253;286;94;192
13;166;293;91;202
13;79;288;81;207
13;1559;271;80;191
13;1472;247;87;160
13;1385;271;87;184
13;1298;283;105;178
13;1211;243;84;159
13;1124;318;106;212
13;1037;298;84;214
13;950;300;92;208
13;863;361;116;245
13;776;304;107;197
13;689;304;97;207
13;602;278;94;184
13;515;285;75;210
13;428;324;97;227
13;341;273;86;187
13;254;278;80;198
13;167;271;72;199
13;80;224;67;157
13;1560;233;83;150
13;1473;255;79;176
13;1386;271;98;173
13;1299;232;78;154
13;1212;305;100;205
13;1125;278;77;201
13;1038;284;82;202
13;951;325;101;224
13;864;288;97;191
13;777;279;84;195
13;690;256;88;168
13;603;262;66;196
13;516;301;86;215
13;429;254;79;175
13;342;266;75;191
13;255;256;66;190
13;168;212;60;152
13;81;197;80;117
13;1561;247;74;173
13;1474;256;93;163
13;1387;221;73;148
13;1300;290;93;197
13;1213;265;73;192
13;1126;252;68;184
13;1039;304;92;212
13;952;254;83;171
13;865;266;76;190
13;778;234;73;161
13;691;241;56;185
13;604;273;75;198
13;517;237;74;163
13;430;251;69;182
13;343;242;57;185
13;256;200;54;146
13;169;180;69;111
13;82;153;50;103
13;1562;243;85;158
13;1475;206;70;136
13;1388;273;81;192
13;1301;248;67;181
13;1214;230;61;169
13;1127;280;81;199
13;1040;233;74;159
13;953;232;60;172
13;866;219;70;149
13;779;222;48;174
13;692;247;64;183
13;605;220;63;157
13;518;220;55;165
13;431;228;52;176
13;344;183;46;137
13;257;168;62;106
13;170;140;44;96
13;83;109;33;76
13;1563;179;58;121
13;1476;257;75;182
13;1389;232;60;172
13;1302;212;56;156
13;1215;261;73;188
13;1128;212;66;146
13;1041;209;52;157
13;954;202;63;139
13;867;204;44;160
13;780;226;59;167
13;693;205;53;152
13;606;195;50;145
13;519;200;37;163
13;432;169;39;130
13;345;150;54;96
13;258;131;42;89
13;171;102;29;73
13;84;102;34;68
13;1564;233;64;169
13;1477;221;56;165
13;1390;190;51;139
13;1303;241;66;175
13;1216;192;57;135
13;1129;187;48;139
13;1042;184;59;125
13;955;165;31;134
13;868;201;55;146
13;781;185;43;142
13;694;177;43;134
13;607;176;29;147
13;520;148;32;116
13;433;135;45;90
13;346;125;41;84
13;259;92;27;65
13;172;91;30;61
13;85;116;31;85
13;1565;963;245;718
13;1478;938;237;701
13;1391;912;222;690
13;1304;857;201;656
13;1217;804;180;624
13;1130;811;181;630
13;1043;772;166;606
13;956;756;167;589
13;869;672;157;515
13;782;597;137;460
13;695;565;136;429
13;608;519;148;371
13;521;526;166;360
13;434;536;159;377
13;347;548;148;400
13;260;566;161;405
13;173;613;176;437
13;86;617;189;428
13;1566;26077;12737;13340
13;1479;26563;12989;13574
13;1392;26831;13080;13751
13;1305;27126;13244;13882
13;1218;27347;13372;13975
13;1131;27618;13484;14134
13;1044;27960;13621;14339
13;957;28210;13682;14528
13;870;29052;14082;14970
13;783;29441;14269;15172
13;696;29773;14466;15307
13;609;30281;14763;15518
13;522;30786;15003;15783
13;435;31415;15339;16076
13;348;31741;15486;16255
13;261;31828;15563;16265
13;174;32255;15824;16431
13;87;32644;16030;16614
14;1480;493;253;240
14;1393;474;256;218
14;1306;509;257;252
14;1219;500;241;259
14;1132;461;244;217
14;1045;509;247;262
14;958;492;246;246
14;871;486;248;238
14;784;590;287;303
14;697;562;291;271
14;610;582;293;289
14;523;621;308;313
14;436;536;279;257
14;349;628;318;310
14;262;661;345;316
14;175;649;341;308
14;88;655;337;318
14;1;757;395;362
14;1481;463;249;214
14;1394;500;251;249
14;1307;495;241;254
14;1220;467;244;223
14;1133;502;249;253
14;1046;492;252;240
14;959;478;243;235
14;872;550;284;266
14;785;553;284;269
14;698;573;290;283
14;611;616;303;313
14;524;532;278;254
14;437;626;317;309
14;350;659;343;316
14;263;649;342;307
14;176;665;342;323
14;89;775;404;371
14;2;848;412;436
14;1482;482;242;240
14;1395;487;243;244
14;1308;450;237;213
14;1221;496;244;252
14;1134;479;248;231
14;1047;467;230;237
14;960;535;278;257
14;873;518;260;258
14;786;560;282;278
14;699;609;300;309
14;612;531;274;257
14;525;625;316;309
14;438;652;339;313
14;351;643;340;303
14;264;660;341;319
14;177;774;400;374
14;90;859;413;446
14;3;825;409;416
14;1483;470;231;239
14;1396;434;235;199
14;1309;496;239;257
14;1222;468;240;228
14;1135;453;225;228
14;1048;512;264;248
14;961;497;246;251
14;874;500;254;246
14;787;588;288;300
14;700;522;270;252
14;613;621;317;304
14;526;640;328;312
14;439;632;332;300
14;352;655;339;316
14;265;759;391;368
14;178;855;408;447
14;91;828;406;422
14;4;848;463;385
14;1484;427;231;196
14;1397;475;235;240
14;1310;458;230;228
14;1223;444;225;219
14;1136;503;260;243
14;1049;480;239;241
14;962;493;258;235
14;875;528;257;271
14;788;505;258;247
14;701;607;308;299
14;614;632;321;311
14;527;622;327;295
14;440;634;326;308
14;353;741;383;358
14;266;839;397;442
14;179;824;403;421
14;92;849;460;389
14;5;855;416;439
14;1485;443;218;225
14;1398;436;220;216
14;1311;440;226;214
14;1224;483;254;229
14;1137;451;220;231
14;1050;474;244;230
14;963;508;249;259
14;876;480;237;243
14;789;588;298;290
14;702;617;312;305
14;615;608;318;290
14;528;627;315;312
14;441;737;380;357
14;354;822;387;435
14;267;811;398;413
14;180;846;459;387
14;93;856;412;444
14;6;908;450;458
14;1486;423;222;201
14;1399;422;212;210
14;1312;470;251;219
14;1225;448;219;229
14;1138;445;230;215
14;1051;501;248;253
14;964;473;233;240
14;877;549;281;268
14;790;607;305;302
14;703;599;310;289
14;616;615;307;308
14;529;738;382;356
14;442;812;380;432
14;355;803;398;405
14;268;835;455;380
14;181;849;408;441
14;94;908;449;459
14;7;972;504;468
14;1487;408;208;200
14;1400;456;242;214
14;1313;441;215;226
14;1226;437;228;209
14;1139;491;242;249
14;1052;466;232;234
14;965;532;273;259
14;878;564;292;272
14;791;589;309;280
14;704;610;302;308
14;617;724;376;348
14;530;801;372;429
14;443;793;392;401
14;356;823;447;376
14;269;836;398;438
14;182;900;444;456
14;95;973;499;474
14;8;1023;520;503
14;1488;449;236;213
14;1401;423;209;214
14;1314;418;218;200
14;1227;486;236;250
14;1140;455;226;229
14;1053;529;270;259
14;966;557;292;265
14;879;539;288;251
14;792;599;296;303
14;705;719;374;345
14;618;800;372;428
14;531;783;385;398
14;444;812;440;372
14;357;831;393;438
14;270;887;439;448
14;183;964;495;469
14;96;1019;516;503
14;9;1158;578;580
14;1489;416;206;210
14;1402;416;215;201
14;1315;479;234;245
14;1228;457;226;231
14;1141;525;267;258
14;1054;544;287;257
14;967;529;287;242
14;880;590;308;282
14;793;702;363;339
14;706;800;373;427
14;619;775;378;397
14;532;813;442;371
14;445;827;394;433
14;358;876;434;442
14;271;957;491;466
14;184;1019;513;506
14;97;1155;571;584
14;10;1192;613;579
14;1490;416;216;200
14;1403;458;223;235
14;1316;445;219;226
14;1229;509;256;253
14;1142;528;275;253
14;1055;519;281;238
14;968;581;300;281
14;881;660;334;326
14;794;797;370;427
14;707;763;371;392
14;620;802;430;372
14;533;823;394;429
14;446;872;431;441
14;359;949;482;467
14;272;1007;508;499
14;185;1148;571;577
14;98;1185;608;577
14;11;1202;629;573
14;1491;456;223;233
14;1404;433;215;218
14;1317;496;251;245
14;1230;517;273;244
14;1143;505;275;230
14;1056;574;295;279
14;969;644;325;319
14;882;725;347;378
14;795;748;367;381
14;708;790;426;364
14;621;811;388;423
14;534;862;428;434
14;447;945;480;465
14;360;997;501;496
14;273;1137;566;571
14;186;1171;598;573
14;99;1197;626;571
14;12;1166;562;604
14;1492;413;207;206
14;1405;486;246;240
14;1318;504;266;238
14;1231;489;269;220
14;1144;562;291;271
14;1057;630;317;313
14;970;709;339;370
14;883;693;335;358
14;796;789;426;363
14;709;796;379;417
14;622;847;419;428
14;535;940;473;467
14;448;988;496;492
14;361;1127;561;566
14;274;1158;591;567
14;187;1182;617;565
14;100;1159;554;605
14;13;1124;585;539
14;1493;480;242;238
14;1406;485;261;224
14;1319;479;264;215
14;1232;553;288;265
14;1145;617;312;305
14;1058;699;335;364
14;971;677;330;347
14;884;738;398;340
14;797;790;373;417
14;710;829;405;424
14;623;930;465;465
14;536;981;492;489
14;449;1114;555;559
14;362;1142;579;563
14;275;1159;609;550
14;188;1143;547;596
14;101;1111;574;537
14;14;1119;572;547
14;1494;480;259;221
14;1407;463;253;210
14;1320;533;275;258
14;1233;616;308;308
14;1146;685;331;354
14;1059;664;324;340
14;972;724;388;336
14;885;756;363;393
14;798;823;409;414
14;711;906;456;450
14;624;972;489;483
14;537;1106;548;558
14;450;1125;572;553
14;363;1136;596;540
14;276;1121;535;586
14;189;1099;563;536
14;102;1104;559;545
14;15;1244;628;616
14;1495;456;249;207
14;1408;517;267;250
14;1321;594;301;293
14;1234;671;322;349
14;1147;646;317;329
14;1060;713;385;328
14;973;745;357;388
14;886;787;391;396
14;799;908;454;454
14;712;961;486;475
14;625;1093;542;551
14;538;1117;569;548
14;451;1104;579;525
14;364;1101;525;576
14;277;1080;553;527
14;190;1090;551;539
14;103;1232;618;614
14;16;1214;599;615
14;1496;501;259;242
14;1409;583;294;289
14;1322;652;308;344
14;1235;642;312;330
14;1148;705;384;321
14;1061;725;344;381
14;974;776;388;388
14;887;870;437;433
14;800;951;480;471
14;713;1091;539;552
14;626;1106;557;549
14;539;1094;574;520
14;452;1064;506;558
14;365;1047;533;514
14;278;1072;540;532
14;191;1217;609;608
14;104;1209;595;614
14;17;1171;599;572
14;1497;579;291;288
14;1410;635;304;331
14;1323;625;304;321
14;1236;694;374;320
14;1149;713;340;373
14;1062;774;387;387
14;975;850;428;422
14;888;893;450;443
14;801;1078;532;546
14;714;1086;550;536
14;627;1076;564;512
14;540;1054;502;552
14;453;1022;516;506
14;366;1046;523;523
14;279;1198;601;597
14;192;1194;583;611
14;105;1156;587;569
14;18;1261;629;632
14;1498;626;300;326
14;1411;604;298;306
14;1324;679;362;317
14;1237;706;339;367
14;1150;767;381;386
14;1063;830;421;409
14;976;868;438;430
14;889;1046;508;538
14;802;1079;547;532
14;715;1062;558;504
14;628;1037;494;543
14;541;1007;509;498
14;454;1016;506;510
14;367;1173;586;587
14;280;1161;567;594
14;193;1139;578;561
14;106;1233;617;616
14;19;994;515;479
14;1499;570;282;288
14;1412;647;350;297
14;1325;674;319;355
14;1238;740;369;371
14;1151;806;409;397
14;1064;852;434;418
14;977;993;485;508
14;890;912;482;430
14;803;1029;545;484
14;716;1020;486;534
14;629;988;498;490
14;542;995;497;498
14;455;1109;551;558
14;368;1122;544;578
14;281;1110;568;542
14;194;1209;606;603
14;107;977;498;479
14;20;977;529;448
14;1500;604;323;281
14;1413;639;300;339
14;1326;724;366;358
14;1239;789;404;385
14;1152;823;415;408
14;1065;958;468;490
14;978;866;460;406
14;891;847;479;368
14;804;994;473;521
14;717;965;483;482
14;630;977;489;488
14;543;1090;538;552
14;456;1068;516;552
14;369;1063;545;518
14;282;1171;587;584
14;195;946;484;462
14;108;964;523;441
14;21;941;529;412
14;1501;602;279;323
14;1414;696;352;344
14;1327;760;387;373
14;1240;804;400;404
14;1153;939;445;494
14;1066;830;435;395
14;979;808;449;359
14;892;837;436;401
14;805;932;468;464
14;718;950;473;477
14;631;1066;528;538
14;544;1044;504;540
14;457;1000;514;486
14;370;1118;557;561
14;283;906;471;435
14;196;948;511;437
14;109;919;514;405
14;22;952;541;411
14;1502;646;329;317
14;1415;714;358;356
14;1328;774;376;398
14;1241;916;441;475
14;1154;799;419;380
14;1067;762;428;334
14;980;772;396;376
14;893;792;432;360
14;806;917;457;460
14;719;1041;512;529
14;632;1018;491;527
14;545;977;500;477
14;458;1058;525;533
14;371;863;450;413
14;284;925;494;431
14;197;917;512;405
14;110;939;521;418
14;23;1041;577;464
14;1503;679;343;336
14;1416;729;360;369
14;1329;874;414;460
14;1242;785;407;378
14;1155;723;413;310
14;1068;714;370;344
14;981;708;385;323
14;894;809;429;380
14;807;992;488;504
14;720;989;478;511
14;633;955;486;469
14;546;1039;508;531
14;459;822;424;398
14;372;890;481;409
14;285;907;497;410
14;198;932;516;416
14;111;1049;579;470
14;24;1077;570;507
14;1504;689;338;351
14;1417;808;394;414
14;1330;745;389;356
14;1243;696;396;300
14;1156;687;362;325
14;1069;688;379;309
14;982;748;405;343
14;895;811;431;380
14;808;942;456;486
14;721;915;459;456
14;634;1008;491;517
14;547;797;407;390
14;460;834;452;382
14;373;870;475;395
14;286;908;503;405
14;199;1045;570;475
14;112;1064;563;501
14;25;1180;631;549
14;1505;748;371;377
14;1418;688;357;331
14;1331;663;377;286
14;1244;695;374;321
14;1157;662;365;297
14;1070;705;374;331
14;983;736;381;355
14;896;757;403;354
14;809;872;441;431
14;722;973;478;495
14;635;767;387;380
14;548;811;444;367
14;461;790;430;360
14;374;864;483;381
14;287;1019;546;473
14;200;1049;551;498
14;113;1177;630;547
14;26;1158;629;529
14;1506;644;336;308
14;1419;618;359;259
14;1332;656;358;298
14;1245;649;364;285
14;1158;675;363;312
14;1071;682;347;335
14;984;696;371;325
14;897;735;402;333
14;810;902;445;457
14;723;730;371;359
14;636;783;432;351
14;549;761;409;352
14;462;828;468;360
14;375;971;517;454
14;288;1019;532;487
14;201;1154;618;536
14;114;1139;617;522
14;27;1124;569;555
14;1507;564;325;239
14;1420;607;337;270
14;1333;631;356;275
14;1246;661;353;308
14;1159;668;350;318
14;1072;640;340;300
14;985;683;372;311
14;898;744;400;344
14;811;680;344;336
14;724;740;412;328
14;637;722;386;336
14;550;807;452;355
14;463;937;498;439
14;376;977;512;465
14;289;1101;594;507
14;202;1129;606;523
14;115;1112;559;553
14;28;1168;603;565
14;1508;559;316;243
14;1421;567;329;238
14;1334;637;348;289
14;1247;651;341;310
14;1160;611;332;279
14;1073;640;348;292
14;986;682;358;324
14;899;652;353;299
14;812;710;395;315
14;725;699;376;323
14;638;786;443;343
14;551;927;489;438
14;464;935;490;445
14;377;1044;563;481
14;290;1089;581;508
14;203;1111;555;556
14;116;1157;587;570
14;29;1211;591;620
14;1509;534;313;221
14;1422;572;314;258
14;1335;620;323;297
14;1248;597;323;274
14;1161;622;354;268
14;1074;642;349;293
14;987;592;318;274
14;900;720;381;339
14;813;670;360;310
14;726;767;428;339
14;639;913;479;434
14;552;927;481;446
14;465;1006;539;467
14;378;1037;550;487
14;291;1070;539;531
14;204;1148;579;569
14;117;1189;580;609
14;30;1250;636;614
14;1510;532;300;232
14;1423;575;305;270
14;1336;577;309;268
14;1249;604;352;252
14;1162;621;342;279
14;1075;570;304;266
14;988;671;348;323
14;901;711;372;339
14;814;734;407;327
14;727;890;465;425
14;640;913;475;438
14;553;981;522;459
14;466;1017;534;483
14;379;1032;513;519
14;292;1119;563;556
14;205;1186;580;606
14;118;1232;621;611
14;31;1109;555;554
14;1511;526;273;253
14;1424;528;285;243
14;1337;581;338;243
14;1250;614;331;283
14;1163;552;298;254
14;1076;646;332;314
14;989;659;345;314
14;902;705;378;327
14;815;851;444;407
14;728;891;462;429
14;641;954;503;451
14;554;1003;534;469
14;467;1003;497;506
14;380;1085;538;547
14;293;1156;567;589
14;206;1227;616;611
14;119;1104;552;552
14;32;1129;557;572
14;1512;519;278;241
14;1425;553;325;228
14;1338;578;303;275
14;1251;542;292;250
14;1164;637;331;306
14;1077;626;329;297
14;990;651;350;301
14;903;768;403;365
14;816;875;454;421
14;729;923;494;429
14;642;991;525;466
14;555;978;481;497
14;468;1051;520;531
14;381;1129;547;582
14;294;1194;600;594
14;207;1088;550;538
14;120;1109;545;564
14;33;1164;565;599
14;1513;538;316;222
14;1426;557;290;267
14;1339;517;277;240
14;1252;606;323;283
14;1165;609;314;295
14;1078;605;322;283
14;991;717;365;352
14;904;801;423;378
14;817;905;492;413
14;730;952;502;450
14;643;958;467;491
14;556;1029;506;523
14;469;1090;523;567
14;382;1146;571;575
14;295;1060;537;523
14;208;1109;551;558
14;121;1153;554;599
14;34;1136;580;556
14;1514;538;282;256
14;1427;502;266;236
14;1340;596;319;277
14;1253;586;299;287
14;1166;587;306;281
14;1079;702;349;353
14;992;778;400;378
14;905;837;433;404
14;818;925;483;442
14;731;920;447;473
14;644;1006;496;510
14;557;1073;506;567
14;470;1116;549;567
14;383;1026;523;503
14;296;1084;534;550
14;209;1140;548;592
14;122;1119;564;555
14;35;1118;552;566
14;1515;485;261;224
14;1428;552;293;259
14;1341;570;288;282
14;1254;575;301;274
14;1167;675;338;337
14;1080;756;389;367
14;993;791;407;384
14;906;882;450;432
14;819;891;438;453
14;732;982;482;500
14;645;1059;496;563
14;558;1096;539;557
14;471;992;499;493
14;384;1037;510;527
14;297;1112;532;580
14;210;1101;549;552
14;123;1106;539;567
14;36;1136;541;595
14;1516;523;272;251
14;1429;538;271;267
14;1342;557;295;262
14;1255;660;332;328
14;1168;743;384;359
14;1081;775;402;373
14;994;848;430;418
14;907;850;399;451
14;820;952;468;484
14;733;1028;484;544
14;646;1075;533;542
14;559;964;482;482
14;472;1008;490;518
14;385;1080;518;562
14;298;1083;542;541
14;211;1096;532;564
14;124;1120;529;591
14;37;1209;641;568
14;1517;531;268;263
14;1430;537;284;253
14;1343;642;322;320
14;1256;719;378;341
14;1169;764;392;372
14;1082;830;416;414
14;995;818;383;435
14;908;883;408;475
14;821;1010;471;539
14;734;1053;524;529
14;647;947;469;478
14;560;987;475;512
14;473;1049;500;549
14;386;1055;527;528
14;299;1078;523;555
14;212;1107;521;586
14;125;1195;627;568
14;38;1204;590;614
14;1518;523;276;247
14;1431;619;310;309
14;1344;704;371;333
14;1257;761;387;374
14;1170;807;407;400
14;1083;812;383;429
14;996;848;387;461
14;909;914;401;513
14;822;1019;506;513
14;735;925;448;477
14;648;975;472;503
14;561;1031;491;540
14;474;1030;510;520
14;387;1057;507;550
14;300;1081;511;570
14;213;1195;625;570
14;126;1188;579;609
14;39;1267;618;649
14;1519;604;301;303
14;1432;687;364;323
14;1345;737;376;361
14;1258;787;397;390
14;1171;793;378;415
14;1084;830;371;459
14;997;881;382;499
14;910;964;470;494
14;823;904;437;467
14;736;959;459;500
14;649;1006;479;527
14;562;1007;497;510
14;475;1027;489;538
14;388;1057;500;557
14;301;1168;612;556
14;214;1178;576;602
14;127;1245;603;642
14;40;1244;581;663
14;1520;680;359;321
14;1433;696;357;339
14;1346;766;384;382
14;1259;774;362;412
14;1172;811;361;450
14;1085;863;370;493
14;998;938;455;483
14;911;907;454;453
14;824;935;444;491
14;737;985;470;515
14;650;977;476;501
14;563;1012;481;531
14;476;1035;488;547
14;389;1149;599;550
14;302;1156;568;588
14;215;1241;599;642
14;128;1219;564;655
14;41;1256;602;654
14;1521;686;354;332
14;1434;735;366;369
14;1347;756;352;404
14;1260;799;357;442
14;1173;858;369;489
14;1086;906;442;464
14;999;878;443;435
14;912;883;419;464
14;825;968;461;507
14;738;960;462;498
14;651;999;478;521
14;564;1018;475;543
14;477;1121;585;536
14;390;1134;552;582
14;303;1218;589;629
14;216;1217;565;652
14;129;1249;599;650
14;42;1254;620;634
14;1522;717;357;360
14;1435;724;331;393
14;1348;783;347;436
14;1261;834;357;477
14;1174;881;434;447
14;1087;861;433;428
14;1000;856;406;450
14;913;932;428;504
14;826;941;446;495
14;739;986;468;518
14;652;1003;463;540
14;565;1096;571;525
14;478;1110;536;574
14;391;1191;578;613
14;304;1192;552;640
14;217;1241;594;647
14;130;1246;613;633
14;43;1260;589;671
14;1523;706;324;382
14;1436;754;330;424
14;1349;832;357;475
14;1262;881;435;446
14;1175;843;426;417
14;1088;837;402;435
14;1001;903;409;494
14;914;926;423;503
14;827;973;460;513
14;740;994;460;534
14;653;1078;562;516
14;566;1098;530;568
14;479;1168;567;601
14;392;1164;534;630
14;305;1225;585;640
14;218;1233;609;624
14;131;1252;584;668
14;44;1064;498;566
14;1524;737;322;415
14;1437;806;347;459
14;1350;858;421;437
14;1263;837;423;414
14;1176;828;399;429
14;1089;888;397;491
14;1002;899;407;492
14;915;923;428;495
14;828;973;449;524
14;741;1061;550;511
14;654;1088;527;561
14;567;1140;553;587
14;480;1152;529;623
14;393;1213;577;636
14;306;1202;585;617
14;219;1249;584;665
14;132;1046;488;558
14;45;1003;470;533
14;1525;788;342;446
14;1438;837;407;430
14;1351;807;410;397
14;1264;818;395;423
14;1177;874;388;486
14;1090;867;386;481
14;1003;898;414;484
14;916;921;413;508
14;829;1037;534;503
14;742;1062;515;547
14;655;1123;542;581
14;568;1120;510;610
14;481;1188;564;624
14;394;1178;576;602
14;307;1212;572;640
14;220;1030;477;553
14;133;982;460;522
14;46;1007;452;555
14;1526;818;397;421
14;1439;785;398;387
14;1352;787;377;410
14;1265;870;387;483
14;1178;858;383;475
14;1091;892;411;481
14;1004;906;404;502
14;917;954;478;476
14;830;1042;504;538
14;743;1100;528;572
14;656;1097;496;601
14;569;1177;560;617
14;482;1157;567;590
14;395;1190;558;632
14;308;1004;460;544
14;221;973;456;517
14;134;998;447;551
14;47;962;437;525
14;1527;780;400;380
14;1440;758;362;396
14;1353;834;361;473
14;1266;834;371;463
14;1179;886;406;480
14;1092;900;396;504
14;1005;936;471;465
14;918;1006;475;531
14;831;1082;522;560
14;744;1077;484;593
14;657;1151;542;609
14;570;1137;559;578
14;483;1177;549;628
14;396;990;452;538
14;309;962;449;513
14;222;990;444;546
14;135;957;435;522
14;48;1022;489;533
14;1528;757;365;392
14;1441;803;343;460
14;1354;819;365;454
14;1267;880;400;480
14;1180;894;392;502
14;1093;916;453;463
14;1006;984;460;524
14;919;1021;478;543
14;832;1055;473;582
14;745;1129;528;601
14;658;1117;543;574
14;571;1157;534;623
14;484;974;444;530
14;397;940;436;504
14;310;968;431;537
14;223;940;426;514
14;136;1001;475;526
14;49;1049;485;564
14;1529;798;343;455
14;1442;801;352;449
14;1355;859;383;476
14;1268;883;380;503
14;1181;900;446;454
14;1094;968;451;517
14;1007;990;466;524
14;920;1025;467;558
14;833;1110;521;589
14;746;1100;536;564
14;659;1131;518;613
14;572;964;437;527
14;485;920;426;494
14;398;947;424;523
14;311;924;415;509
14;224;982;463;519
14;137;1030;475;555
14;50;1069;460;609
14;1530;792;346;446
14;1443;828;363;465
14;1356;871;373;498
14;1269;889;444;445
14;1182;961;446;515
14;1095;978;458;520
14;1008;1006;458;548
14;921;1044;486;558
14;834;1076;517;559
14;747;1100;498;602
14;660;961;435;526
14;573;900;413;487
14;486;931;416;515
14;399;906;407;499
14;312;965;457;508
14;225;1010;466;544
14;138;1056;449;607
14;51;955;445;510
14;1531;808;353;455
14;1444;850;366;484
14;1357;876;435;441
14;1270;943;435;508
14;1183;976;457;519
14;1096;995;452;543
14;1009;1030;480;550
14;922;990;462;528
14;835;1082;486;596
14;748;938;422;516
14;661;882;401;481
14;574;919;406;513
14;487;889;394;495
14;400;940;441;499
14;313;985;457;528
14;226;1038;438;600
14;139;941;437;504
14;52;1016;420;596
14;1532;842;364;478
14;1445;864;424;440
14;1358;928;427;501
14;1271;966;456;510
14;1184;978;444;534
14;1097;1015;476;539
14;1010;965;445;520
14;923;1019;458;561
14;836;923;413;510
14;749;867;392;475
14;662;903;395;508
14;575;893;394;499
14;488;925;433;492
14;401;959;445;514
14;314;1022;429;593
14;227;929;425;504
14;140;1014;419;595
14;53;888;399;489
14;1533;845;411;434
14;1446;917;423;494
14;1359;957;455;502
14;1272;973;442;531
14;1185;1004;471;533
14;1098;948;435;513
14;1011;994;448;546
14;924;845;376;469
14;837;843;381;462
14;750;889;389;500
14;663;880;390;490
14;576;898;416;482
14;489;933;430;503
14;402;997;411;586
14;315;906;411;495
14;228;1009;418;591
14;141;871;384;487
14;54;807;392;415
14;1534;905;417;488
14;1447;927;437;490
14;1360;954;431;523
14;1273;989;463;526
14;1186;939;429;510
14;1099;985;444;541
14;1012;821;360;461
14;925;796;351;445
14;838;869;381;488
14;751;863;379;484
14;664;881;402;479
14;577;919;418;501
14;490;972;402;570
14;403;880;399;481
14;316;986;409;577
14;229;856;378;478
14;142;791;388;403
14;55;715;324;391
14;1535;913;426;487
14;1448;923;413;510
14;1361;976;452;524
14;1274;930;427;503
14;1187;974;437;537
14;1100;802;351;451
14;1013;775;338;437
14;926;836;349;487
14;839;847;368;479
14;752;862;390;472
14;665;892;399;493
14;578;947;386;561
14;491;862;395;467
14;404;964;398;566
14;317;851;380;471
14;230;773;380;393
14;143;700;318;382
14;56;783;398;385
14;1536;909;408;501
14;1449;959;442;517
14;1362;911;421;490
14;1275;965;430;535
14;1188;798;348;450
14;1101;764;331;433
14;1014;823;339;484
14;927;788;339;449
14;840;848;380;468
14;753;864;383;481
14;666;934;376;558
14;579;843;381;462
14;492;932;376;556
14;405;843;372;471
14;318;756;369;387
14;231;690;308;382
14;144;764;389;375
14;57;688;312;376
14;1537;933;426;507
14;1450;891;406;485
14;1363;947;420;527
14;1276;780;335;445
14;1189;746;319;427
14;1102;809;332;477
14;1015;773;333;440
14;928;829;368;461
14;841;850;376;474
14;754;908;360;548
14;667;821;371;450
14;580;911;362;549
14;493;829;364;465
14;406;740;356;384
14;319;682;303;379
14;232;749;378;371
14;145;677;309;368
14;58;756;373;383
14;1538;877;400;477
14;1451;926;409;517
14;1364;761;321;440
14;1277;733;312;421
14;1190;810;332;478
14;1103;755;318;437
14;1016;813;357;456
14;929;858;371;487
14;842;894;353;541
14;755;808;362;446
14;668;890;348;542
14;581;810;352;458
14;494;718;339;379
14;407;658;286;372
14;320;732;362;370
14;233;665;303;362
14;146;737;364;373
14;59;706;340;366
14;1539;909;399;510
14;1452;746;311;435
14;1365;718;300;418
14;1278;795;321;474
14;1191;743;308;435
14;1104;790;343;447
14;1017;840;366;474
14;930;873;332;541
14;843;792;349;443
14;756;873;334;539
14;669;785;333;452
14;582;704;329;375
14;495;640;273;367
14;408;710;345;365
14;321;648;293;355
14;234;734;362;372
14;147;698;333;365
14;60;672;323;349
14;1540;730;299;431
14;1453;706;293;413
14;1366;778;308;470
14;1279;731;299;432
14;1192;784;338;446
14;1105;826;356;470
14;1018;854;319;535
14;931;789;328;461
14;844;862;323;539
14;757;770;322;448
14;670;690;316;374
14;583;620;260;360
14;496;696;337;359
14;409;637;287;350
14;322;711;348;363
14;235;682;325;357
14;148;670;322;348
14;61;614;281;333
14;1541;690;286;404
14;1454;758;298;460
14;1367;714;291;423
14;1280;773;329;444
14;1193;812;351;461
14;1106;838;308;530
14;1019;776;319;457
14;932;835;315;520
14;845;752;309;443
14;758;672;306;366
14;671;601;247;354
14;584;672;319;353
14;497;618;276;342
14;410;699;344;355
14;323;662;313;349
14;236;665;322;343
14;149;612;279;333
14;62;632;272;360
14;1542;746;289;457
14;1455;704;282;422
14;1368;756;318;438
14;1281;789;341;448
14;1194;835;304;531
14;1107;756;304;452
14;1020;812;303;509
14;933;743;311;432
14;846;655;294;361
14;759;583;234;349
14;672;657;306;351
14;585;606;269;337
14;498;685;332;353
14;411;646;299;347
14;324;648;309;339
14;237;602;270;332
14;150;629;268;361
14;63;568;221;347
14;1543;697;280;417
14;1456;747;317;430
14;1369;767;329;438
14;1282;814;291;523
14;1195;747;299;448
14;1108;791;287;504
14;1021;730;301;429
14;934;631;266;365
14;847;573;225;348
14;760;638;296;342
14;673;590;257;333
14;586;662;318;344
14;499;628;284;344
14;412;625;293;332
14;325;588;260;328
14;238;626;268;358
14;151;561;217;344
14;64;524;245;279
14;1544;729;309;420
14;1457;756;321;435
14;1370;798;282;516
14;1283;730;289;441
14;1196;770;277;493
14;1109;718;293;425
14;1022;611;250;361
14;935;560;214;346
14;848;615;280;335
14;761;583;252;331
14;674;647;307;340
14;587;611;268;343
14;500;604;281;323
14;413;577;254;323
14;326;614;256;358
14;239;556;212;344
14;152;522;241;281
14;65;543;229;314
14;1545;741;313;428
14;1458;784;272;512
14;1371;711;277;434
14;1284;752;266;486
14;1197;704;285;419
14;1110;588;232;356
14;1023;538;204;334
14;936;638;283;355
14;849;569;241;328
14;762;635;299;336
14;675;599;257;342
14;588;594;275;319
14;501;560;240;320
14;414;603;248;355
14;327;544;203;341
14;240;515;233;282
14;153;534;222;312
14;66;464;215;249
14;1546;757;253;504
14;1459;695;268;427
14;1372;739;256;483
14;1285;686;273;413
14;1198;586;229;357
14;1111;530;197;333
14;1024;621;275;346
14;937;548;234;314
14;850;624;287;337
14;763;583;248;335
14;676;572;261;311
14;589;550;230;320
14;502;573;229;344
14;415;532;196;336
14;328;505;224;281
14;241;533;220;313
14;154;460;208;252
14;67;451;189;262
14;1547;682;262;420
14;1460;722;248;474
14;1373;674;265;409
14;1286;575;224;351
14;1199;520;190;330
14;1112;603;260;343
14;1025;530;219;311
14;938;610;268;342
14;851;563;232;331
14;764;552;249;303
14;677;538;222;316
14;590;558;216;342
14;503;518;186;332
14;416;494;215;279
14;329;521;210;311
14;242;451;202;249
14;155;456;191;265
14;68;414;185;229
14;1548;707;240;467
14;1461;661;257;404
14;1374;563;217;346
14;1287;509;181;328
14;1200;587;248;339
14;1113;518;214;304
14;1026;584;253;331
14;939;566;230;336
14;852;531;236;295
14;765;525;212;313
14;678;537;198;339
14;591;514;184;330
14;504;491;211;280
14;417;514;202;312
14;330;446;194;252
14;243;446;182;264
14;156;405;177;228
14;69;421;161;260
14;1549;641;245;396
14;1462;547;211;336
14;1375;499;177;322
14;1288;575;239;336
14;1201;502;206;296
14;1114;567;239;328
14;1027;539;212;327
14;940;558;245;313
14;853;498;198;300
14;766;520;186;334
14;679;505;179;326
14;592;479;205;274
14;505;497;194;303
14;418;433;184;249
14;331;431;169;262
14;244;401;172;229
14;157;414;158;256
14;70;416;150;266
14;1550;533;205;328
14;1463;492;171;321
14;1376;556;230;326
14;1289;488;195;293
14;1202;553;224;329
14;1115;528;206;322
14;1028;546;239;307
14;941;506;189;317
14;854;506;179;327
14;767;490;169;321
14;680;474;197;277
14;593;492;192;300
14;506;417;173;244
14;419;430;167;263
14;332;387;162;225
14;245;404;148;256
14;158;411;144;267
14;71;390;151;239
14;1551;482;165;317
14;1464;540;218;322
14;1377;468;182;286
14;1290;538;215;323
14;1203;512;193;319
14;1116;523;221;302
14;1029;488;176;312
14;942;524;192;332
14;855;472;161;311
14;768;468;195;273
14;681;475;179;296
14;594;410;166;244
14;507;432;165;267
14;420;374;154;220
14;333;400;147;253
14;246;402;136;266
14;159;387;148;239
14;72;355;132;223
14;1552;518;207;311
14;1465;461;176;285
14;1378;519;206;313
14;1291;495;180;315
14;1204;516;215;301
14;1117;471;168;303
14;1030;513;189;324
14;943;477;157;320
14;856;456;186;270
14;769;459;170;289
14;682;402;158;244
14;595;416;153;263
14;508;358;148;210
14;421;388;136;252
14;334;401;133;268
14;247;381;142;239
14;160;345;124;221
14;73;362;114;248
14;1553;447;168;279
14;1466;501;191;310
14;1379;476;171;305
14;1292;503;206;297
14;1205;460;158;302
14;1118;494;176;318
14;1031;464;150;314
14;944;430;163;267
14;857;456;169;287
14;770;383;146;237
14;683;404;148;256
14;596;356;143;213
14;509;387;132;255
14;422;386;125;261
14;335;370;135;235
14;248;335;116;219
14;161;346;104;242
14;74;336;114;222
14;1554;488;180;308
14;1467;459;158;301
14;1380;489;196;293
14;1293;448;149;299
14;1206;480;169;311
14;1119;445;139;306
14;1032;422;157;265
14;945;456;161;295
14;858;368;133;235
14;771;398;144;254
14;684;343;132;211
14;597;370;122;248
14;510;376;118;258
14;423;356;127;229
14;336;333;113;220
14;249;339;98;241
14;162;325;105;220
14;75;291;86;205
14;1555;437;147;290
14;1468;471;185;286
14;1381;433;141;292
14;1294;469;162;307
14;1207;434;133;301
14;1120;412;151;261
14;1033;442;157;285
14;946;380;133;247
14;859;389;138;251
14;772;328;124;204
14;685;355;113;242
14;598;360;110;250
14;511;346;122;224
14;424;326;107;219
14;337;336;95;241
14;250;316;101;215
14;163;283;84;199
14;76;261;75;186
14;1556;451;173;278
14;1469;419;130;289
14;1382;448;152;296
14;1295;411;123;288
14;1208;390;142;248
14;1121;421;144;277
14;1034;369;128;241
14;947;375;123;252
14;860;315;118;197
14;773;340;102;238
14;686;342;95;247
14;599;336;117;219
14;512;318;103;215
14;425;322;91;231
14;338;308;94;214
14;251;275;75;200
14;164;263;75;188
14;77;261;74;187
14;1557;401;121;280
14;1470;432;146;286
14;1383;387;114;273
14;1296;374;134;240
14;1209;402;137;265
14;1122;352;116;236
14;1035;365;118;247
14;948;336;119;217
14;861;321;91;230
14;774;319;84;235
14;687;316;107;209
14;600;301;98;203
14;513;315;87;228
14;426;306;92;214
14;339;262;72;190
14;252;254;69;185
14;165;264;75;189
14;78;239;82;157
14;1558;413;138;275
14;1471;373;105;268
14;1384;362;127;235
14;1297;386;132;254
14;1210;340;110;230
14;1123;350;112;238
14;1036;313;108;205
14;949;326;94;232
14;862;302;77;225
14;775;302;102;200
14;688;283;88;195
14;601;295;80;215
14;514;295;86;209
14;427;255;70;185
14;340;242;61;181
14;253;257;69;188
14;166;236;78;158
14;79;219;65;154
14;1559;362;101;261
14;1472;340;115;225
14;1385;370;126;244
14;1298;331;105;226
14;1211;334;103;231
14;1124;295;98;197
14;1037;311;90;221
14;950;316;83;233
14;863;290;96;194
14;776;275;86;189
14;689;287;71;216
14;602;283;80;203
14;515;241;65;176
14;428;233;57;176
14;341;245;65;180
14;254;219;65;154
14;167;213;62;151
14;80;151;41;110
14;1560;321;103;218
14;1473;356;116;240
14;1386;311;95;216
14;1299;316;95;221
14;1212;290;96;194
14;1125;297;85;212
14;1038;299;75;224
14;951;297;101;196
14;864;258;80;178
14;777;274;66;208
14;690;267;72;195
14;603;226;60;166
14;516;217;51;166
14;429;229;60;169
14;342;199;53;146
14;255;198;58;140
14;168;139;38;101
14;81;135;33;102
14;1561;337;109;228
14;1474;293;94;199
14;1387;302;87;215
14;1300;265;84;181
14;1213;282;78;204
14;1126;286;72;214
14;1039;286;98;188
14;952;262;77;185
14;865;263;63;200
14;778;246;67;179
14;691;215;57;158
14;604;209;47;162
14;517;217;54;163
14;430;189;46;143
14;343;189;56;133
14;256;132;35;97
14;169;127;26;101
14;82;119;30;89
14;1562;266;78;188
14;1475;286;80;206
14;1388;252;77;175
14;1301;267;70;197
14;1214;268;63;205
14;1127;270;90;180
14;1040;248;76;172
14;953;264;67;197
14;866;225;58;167
14;779;194;52;142
14;692;193;43;150
14;605;205;49;156
14;518;170;40;130
14;431;176;51;125
14;344;123;28;95
14;257;116;20;96
14;170;107;25;82
14;83;78;15;63
14;1563;260;73;187
14;1476;237;71;166
14;1389;248;64;184
14;1302;247;57;190
14;1215;247;80;167
14;1128;228;69;159
14;1041;245;65;180
14;954;214;55;159
14;867;179;44;135
14;780;172;32;140
14;693;193;45;148
14;606;151;32;119
14;519;156;43;113
14;432;119;27;92
14;345;112;17;95
14;258;103;27;76
14;171;71;12;59
14;84;60;17;43
14;1564;222;67;155
14;1477;233;60;173
14;1390;226;50;176
14;1303;221;72;149
14;1216;211;63;148
14;1129;224;57;167
14;1042;201;50;151
14;955;170;35;135
14;868;157;28;129
14;781;184;43;141
14;694;140;30;110
14;607;146;38;108
14;520;106;20;86
14;433;106;14;92
14;346;95;24;71
14;259;66;10;56
14;172;51;10;41
14;85;81;12;69
14;1565;1237;282;955
14;1478;1169;267;902
14;1391;1105;257;848
14;1304;1028;223;805
14;1217;933;195;738
14;1130;844;169;675
14;1043;766;145;621
14;956;712;133;579
14;869;741;119;622
14;782;637;97;540
14;695;593;103;490
14;608;554;80;474
14;521;508;75;433
14;434;468;88;380
14;347;438;78;360
14;260;446;90;356
14;173;481;108;373
14;86;467;116;351
14;1566;51534;23530;28004
14;1479;52792;24119;28673
14;1392;54431;24896;29535
14;1305;55614;25528;30086
14;1218;56357;25915;30442
14;1131;57281;26315;30966
14;1044;58515;27010;31505
14;957;60302;27968;32334
14;870;63630;29583;34047
14;783;64770;30216;34554
14;696;65856;30817;35039
14;609;66749;31382;35367
14;522;67443;31867;35576
14;435;68838;32679;36159
14;348;70053;33395;36658
14;261;71012;33924;37088
14;174;71261;34120;37141
14;87;71460;34396;37064
15;1480;170;87;83
15;1393;199;113;86
15;1306;189;101;88
15;1219;209;117;92
15;1132;211;112;99
15;1045;184;103;81
15;958;174;91;83
15;871;174;87;87
15;784;173;91;82
15;697;237;116;121
15;610;191;102;89
15;523;210;114;96
15;436;246;112;134
15;349;278;150;128
15;262;249;122;127
15;175;234;105;129
15;88;259;140;119
15;1;310;158;152
15;1481;189;108;81
15;1394;189;105;84
15;1307;208;118;90
15;1220;203;107;96
15;1133;180;102;78
15;1046;163;87;76
15;959;171;88;83
15;872;138;75;63
15;785;236;115;121
15;698;195;104;91
15;611;206;112;94
15;524;242;110;132
15;437;270;147;123
15;350;240;120;120
15;263;233;105;128
15;176;256;141;115
15;89;308;151;157
15;2;343;174;169
15;1482;181;100;81
15;1395;214;119;95
15;1308;193;102;91
15;1221;173;96;77
15;1134;168;89;79
15;1047;158;79;79
15;960;142;79;63
15;873;194;89;105
15;786;197;106;91
15;699;205;112;93
15;612;241;108;133
15;525;268;146;122
15;438;237;121;116
15;351;237;106;131
15;264;252;141;111
15;177;305;150;155
15;90;333;171;162
15;3;335;168;167
15;1483;206;114;92
15;1396;181;100;81
15;1309;173;97;76
15;1222;164;88;76
15;1135;155;74;81
15;1048;134;76;58
15;961;189;87;102
15;874;178;88;90
15;787;199;108;91
15;700;239;106;133
15;613;263;142;121
15;526;237;116;121
15;439;231;101;130
15;352;250;140;110
15;265;302;152;150
15;178;325;166;159
15;91;333;167;166
15;4;353;157;196
15;1484;182;98;84
15;1397;180;102;78
15;1310;159;88;71
15;1223;155;73;82
15;1136;129;73;56
15;1049;189;85;104
15;962;177;86;91
15;875;189;97;92
15;788;237;105;132
15;701;252;136;116
15;614;232;114;118
15;527;227;98;129
15;440;247;138;109
15;353;298;147;151
15;266;330;168;162
15;179;331;167;164
15;92;348;154;194
15;5;341;179;162
15;1485;178;103;75
15;1398;158;86;72
15;1311;161;79;82
15;1224;128;73;55
15;1137;188;84;104
15;1050;173;83;90
15;963;185;94;91
15;876;225;106;119
15;789;249;134;115
15;702;228;112;116
15;615;223;97;126
15;528;241;134;107
15;441;294;146;148
15;354;325;170;155
15;267;328;164;164
15;180;351;156;195
15;93;339;178;161
15;6;363;179;184
15;1486;159;86;73
15;1399;155;79;76
15;1312;126;75;51
15;1225;183;78;105
15;1138;171;81;90
15;1051;174;87;87
15;964;222;106;116
15;877;231;125;106
15;790;227;112;115
15;703;222;97;125
15;616;246;137;109
15;529;291;145;146
15;442;324;169;155
15;355;329;165;164
15;268;353;157;196
15;181;337;177;160
15;94;357;177;180
15;7;390;210;180
15;1487;153;80;73
15;1400;121;72;49
15;1313;176;75;101
15;1226;164;79;85
15;1139;170;84;86
15;1052;216;103;113
15;965;226;121;105
15;878;211;105;106
15;791;220;95;125
15;704;246;138;108
15;617;287;143;144
15;530;322;165;157
15;443;323;163;160
15;356;352;157;195
15;269;340;179;161
15;182;355;178;177
15;95;391;210;181
15;8;475;251;224
15;1488;124;74;50
15;1401;171;79;92
15;1314;164;81;83
15;1227;170;83;87
15;1140;213;104;109
15;1053;226;121;105
15;966;208;105;103
15;879;227;102;125
15;792;240;137;103
15;705;281;140;141
15;618;319;164;155
15;531;321;162;159
15;444;350;154;196
15;357;339;178;161
15;270;357;178;179
15;183;390;209;181
15;96;472;250;222
15;9;554;288;266
15;1489;170;77;93
15;1402;159;81;78
15;1315;170;83;87
15;1228;216;107;109
15;1141;225;120;105
15;1054;202;101;101
15;967;224;100;124
15;880;229;132;97
15;793;279;140;139
15;706;324;166;158
15;619;322;160;162
15;532;351;156;195
15;445;340;179;161
15;358;357;178;179
15;271;392;211;181
15;184;466;246;220
15;97;544;279;265
15;10;512;284;228
15;1490;159;82;77
15;1403;168;82;86
15;1316;213;104;109
15;1229;229;123;106
15;1142;199;100;99
15;1055;224;102;122
15;968;226;132;94
15;881;285;140;145
15;794;322;165;157
15;707;320;157;163
15;620;354;157;197
15;533;339;179;160
15;446;354;177;177
15;359;390;209;181
15;272;459;239;220
15;185;541;279;262
15;98;511;284;227
15;11;535;283;252
15;1491;166;80;86
15;1404;211;103;108
15;1317;229;123;106
15;1230;197;100;97
15;1143;222;99;123
15;1056;227;133;94
15;969;287;141;146
15;882;319;164;155
15;795;319;157;162
15;708;357;159;198
15;621;342;181;161
15;534;355;176;179
15;447;387;209;178
15;360;455;239;216
15;273;537;279;258
15;186;508;284;224
15;99;530;279;251
15;12;521;289;232
15;1492;206;101;105
15;1405;226;121;105
15;1318;196;100;96
15;1231;224;101;123
15;1144;225;132;93
15;1057;288;139;149
15;970;313;162;151
15;883;304;141;163
15;796;360;161;199
15;709;341;182;159
15;622;353;174;179
15;535;385;205;180
15;448;450;235;215
15;361;534;280;254
15;274;498;280;218
15;187;520;275;245
15;100;517;284;233
15;13;546;284;262
15;1493;223;119;104
15;1406;194;99;95
15;1319;221;101;120
15;1232;225;132;93
15;1145;283;140;143
15;1058;309;160;149
15;971;299;139;160
15;884;344;154;190
15;797;336;179;157
15;710;352;174;178
15;623;389;210;179
15;536;449;235;214
15;449;524;274;250
15;362;498;278;220
15;275;520;275;245
15;188;505;277;228
15;101;539;281;258
15;14;615;317;298
15;1494;192;98;94
15;1407;218;100;118
15;1320;221;131;90
15;1233;283;143;140
15;1146;310;161;149
15;1059;295;138;157
15;972;339;152;187
15;885;321;169;152
15;798;346;171;175
15;711;387;206;181
15;624;446;234;212
15;537;520;272;248
15;450;489;272;217
15;363;509;269;240
15;276;493;274;219
15;189;539;278;261
15;102;608;313;295
15;15;542;286;256
15;1495;219;104;115
15;1408;224;132;92
15;1321;284;143;141
15;1234;309;161;148
15;1147;293;137;156
15;1060;337;149;188
15;973;323;171;152
15;886;341;172;169
15;799;385;207;178
15;712;443;230;213
15;625;517;270;247
15;538;483;269;214
15;451;497;260;237
15;364;489;271;218
15;277;530;276;254
15;190;594;303;291
15;103;535;282;253
15;16;519;276;243
15;1496;220;128;92
15;1409;283;144;139
15;1322;307;159;148
15;1235;292;136;156
15;1148;336;149;187
15;1061;325;170;155
15;974;334;167;167
15;887;373;198;175
15;800;436;226;210
15;713;515;271;244
15;626;479;265;214
15;539;492;258;234
15;452;475;262;213
15;365;520;273;247
15;278;587;301;286
15;191;526;277;249
15;104;514;273;241
15;17;474;235;239
15;1497;280;142;138
15;1410;303;155;148
15;1323;287;131;156
15;1236;332;147;185
15;1149;326;170;156
15;1062;335;168;167
15;975;366;194;172
15;888;439;232;207
15;801;515;270;245
15;714;476;261;215
15;627;486;253;233
15;540;469;257;212
15;453;506;264;242
15;366;573;292;281
15;279;515;271;244
15;192;505;267;238
15;105;470;233;237
15;18;491;260;231
15;1498;299;154;145
15;1411;282;126;156
15;1324;325;147;178
15;1237;321;169;152
15;1150;333;167;166
15;1063;365;193;172
15;976;436;230;206
15;889;513;274;239
15;802;477;261;216
15;715;478;251;227
15;628;463;253;210
15;541;489;254;235
15;454;553;280;273
15;367;507;265;242
15;280;493;261;232
15;193;465;233;232
15;106;489;258;231
15;19;353;175;178
15;1499;267;120;147
15;1412;319;137;182
15;1325;315;166;149
15;1238;325;166;159
15;1151;357;186;171
15;1064;429;229;200
15;977;495;263;232
15;890;440;249;191
15;803;475;250;225
15;716;452;248;204
15;629;480;249;231
15;542;539;275;264
15;455;477;251;226
15;368;481;255;226
15;281;457;230;227
15;194;486;255;231
15;107;343;172;171
15;20;269;165;104
15;1500;294;123;171
15;1413;309;163;146
15;1326;312;158;154
15;1239;354;184;170
15;1152;415;219;196
15;1065;485;259;226
15;978;424;242;182
15;891;382;219;163
15;804;444;243;201
15;717;473;246;227
15;630;528;267;261
15;543;462;245;217
15;456;455;239;216
15;369;441;222;219
15;282;474;250;224
15;195;340;170;170
15;108;264;163;101
15;21;256;150;106
15;1501;290;152;138
15;1414;299;155;144
15;1327;347;180;167
15;1240;404;218;186
15;1153;461;248;213
15;1066;424;244;180
15;979;368;215;153
15;892;361;207;154
15;805;457;240;217
15;718;518;259;259
15;631;450;239;211
15;544;443;232;211
15;457;412;207;205
15;370;460;241;219
15;283;333;167;166
15;196;262;163;99
15;109;258;153;105
15;22;321;179;142
15;1502;288;151;137
15;1415;332;171;161
15;1328;395;210;185
15;1241;452;247;205
15;1154;410;237;173
15;1067;359;213;146
15;980;345;199;146
15;893;379;208;171
15;806;503;254;249
15;719;442;235;207
15;632;435;226;209
15;545;403;203;200
15;458;434;231;203
15;371;318;162;156
15;284;255;160;95
15;197;253;151;102
15;110;319;175;144
15;23;308;173;135
15;1503;301;158;143
15;1416;376;205;171
15;1329;432;236;196
15;1242;406;235;171
15;1155;325;196;129
15;1068;327;190;137
15;981;365;200;165
15;894;364;198;166
15;807;424;223;201
15;720;426;221;205
15;633;388;194;194
15;546;422;224;198
15;459;293;151;142
15;372;240;156;84
15;285;245;146;99
15;198;321;175;146
15;111;314;171;143
15;24;313;169;144
15;1504;347;190;157
15;1417;403;222;181
15;1330;387;223;164
15;1243;319;196;123
15;1156;312;188;124
15;1069;340;187;153
15;982;327;182;145
15;895;330;184;146
15;808;411;213;198
15;721;378;192;186
15;634;407;218;189
15;547;288;148;140
15;460;224;147;77
15;373;226;134;92
15;286;316;172;144
15;199;315;169;146
15;112;319;174;145
15;25;313;169;144
15;1505;368;210;158
15;1418;364;211;153
15;1331;291;175;116
15;1244;304;186;118
15;1157;335;185;150
15;1070;302;173;129
15;983;320;183;137
15;896;292;160;132
15;809;355;183;172
15;722;388;213;175
15;635;277;145;132
15;548;213;146;67
15;461;202;123;79
15;374;307;168;139
15;287;310;165;145
15;200;322;175;147
15;113;317;168;149
15;26;327;176;151
15;1506;342;200;142
15;1419;254;163;91
15;1332;291;178;113
15;1245;320;187;133
15;1158;285;168;117
15;1071;301;173;128
15;984;260;144;116
15;897;270;150;120
15;810;368;203;165
15;723;253;135;118
15;636;199;135;64
15;549;185;108;77
15;462;289;158;131
15;375;305;165;140
15;288;307;169;138
15;201;310;165;145
15;114;320;172;148
15;27;357;194;163
15;1507;230;156;74
15;1420;270;170;100
15;1333;292;178;114
15;1246;274;158;116
15;1159;284;164;120
15;1072;227;136;91
15;985;260;145;115
15;898;239;132;107
15;811;243;134;109
15;724;176;125;51
15;637;175;100;75
15;550;281;151;130
15;463;296;162;134
15;376;280;152;128
15;289;298;161;137
15;202;310;163;147
15;115;355;191;164
15;28;351;180;171
15;1508;231;144;87
15;1421;266;165;101
15;1334;248;147;101
15;1247;270;159;111
15;1160;210;130;80
15;1073;231;136;95
15;986;222;121;101
15;899;226;115;111
15;812;168;122;46
15;725;171;99;72
15;638;262;142;120
15;551;287;158;129
15;464;255;140;115
15;377;290;158;132
15;290;297;156;141
15;203;340;185;155
15;116;347;178;169
15;29;419;234;185
15;1509;235;144;91
15;1422;222;134;88
15;1335;257;154;103
15;1248;199;126;73
15;1161;206;124;82
15;1074;205;111;94
15;987;208;109;99
15;900;227;126;101
15;813;161;92;69
15;726;250;135;115
15;639;275;150;125
15;552;242;135;107
15;465;271;146;125
15;378;285;153;132
15;291;331;179;152
15;204;337;171;166
15;117;405;224;181
15;30;417;214;203
15;1510;191;116;75
15;1423;235;137;98
15;1336;193;124;69
15;1249;192;117;75
15;1162;193;106;87
15;1075;194;101;93
15;988;221;120;101
15;901;206;116;90
15;814;248;133;115
15;727;265;148;117
15;640;225;124;101
15;553;262;141;121
15;466;270;143;127
15;379;312;172;140
15;292;323;167;156
15;205;399;220;179
15;118;401;208;193
15;31;436;216;220
15;1511;209;127;82
15;1424;172;115;57
15;1337;179;110;69
15;1250;189;101;88
15;1163;189;98;91
15;1076;221;122;99
15;989;202;115;87
15;902;239;121;118
15;815;255;143;112
15;728;213;121;92
15;641;252;136;116
15;554;262;138;124
15;467;296;163;133
15;380;308;157;151
15;293;391;213;178
15;206;396;208;188
15;119;423;210;213
15;32;443;214;229
15;1512;152;102;50
15;1425;169;98;71
15;1338;169;88;81
15;1251;196;101;95
15;1164;212;118;94
15;1077;198;116;82
15;990;231;115;116
15;903;260;125;135
15;816;204;120;84
15;729;243;131;112
15;642;261;139;122
15;555;283;153;130
15;468;298;155;143
15;381;375;206;169
15;294;395;206;189
15;207;415;206;209
15;120;434;212;222
15;33;465;231;234
15;1513;151;87;64
15;1426;153;76;77
15;1339;183;91;92
15;1252;210;117;93
15;1165;193;114;79
15;1078;224;111;113
15;991;255;125;130
15;904;272;139;133
15;817;233;127;106
15;730;246;129;117
15;643;281;151;130
15;556;286;150;136
15;469;359;197;162
15;382;388;199;189
15;295;410;206;204
15;208;433;211;222
15;121;462;229;233
15;34;490;236;254
15;1514;139;69;70
15;1427;173;85;88
15;1340;200;113;87
15;1253;185;114;71
15;1166;223;110;113
15;1079;242;119;123
15;992;260;128;132
15;905;261;140;121
15;818;248;130;118
15;731;279;150;129
15;644;281;148;133
15;557;353;194;159
15;470;373;191;182
15;383;394;200;194
15;296;418;205;213
15;209;456;226;230
15;122;484;233;251
15;35;476;233;243
15;1515;165;79;86
15;1428;182;99;83
15;1341;192;119;73
15;1254;217;105;112
15;1167;238;116;122
15;1080;239;117;122
15;993;256;140;116
15;906;285;153;132
15;819;261;141;120
15;732;271;139;132
15;645;344;187;157
15;558;365;187;178
15;471;378;189;189
15;384;414;201;213
15;297;447;223;224
15;210;477;229;248
15;123;470;228;242
15;36;531;272;259
15;1516;171;93;78
15;1429;169;107;62
15;1342;212;104;108
15;1255;237;113;124
15;1168;237;118;119
15;1081;246;137;109
15;994;281;150;131
15;907;296;150;146
15;820;262;134;128
15;733;340;182;158
15;646;358;184;174
15;559;368;184;184
15;472;408;199;209
15;385;441;217;224
15;298;469;224;245
15;211;462;225;237
15;124;525;269;256
15;37;486;265;221
15;1517;169;106;63
15;1430;199;99;100
15;1343;231;112;119
15;1256;230;113;117
15;1169;239;134;105
15;1082;274;145;129
15;995;295;150;145
15;908;296;146;150
15;821;334;177;157
15;734;358;185;173
15;647;367;181;186
15;560;401;195;206
15;473;429;208;221
15;386;461;219;242
15;299;447;216;231
15;212;514;262;252
15;125;477;260;217
15;38;488;272;216
15;1518;192;96;96
15;1431;226;105;121
15;1344;219;104;115
15;1257;230;129;101
15;1170;265;140;125
15;1083;285;142;143
15;996;291;144;147
15;909;358;196;162
15;822;356;184;172
15;735;358;173;185
15;648;393;190;203
15;561;422;201;221
15;474;449;211;238
15;387;437;212;225
15;300;502;256;246
15;213;472;254;218
15;126;481;268;213
15;39;541;284;257
15;1519;221;104;117
15;1432;212;97;115
15;1345;231;127;104
15;1258;265;141;124
15;1171;280;139;141
15;1084;294;145;149
15;997;353;197;156
15;910;391;193;198
15;823;350;165;185
15;736;390;188;202
15;649;414;197;217
15;562;444;211;233
15;475;431;207;224
15;388;494;249;245
15;301;466;250;216
15;214;477;266;211
15;127;531;274;257
15;40;531;258;273
15;1520;199;93;106
15;1433;226;123;103
15;1346;262;140;122
15;1259;275;137;138
15;1172;290;141;149
15;1085;347;198;149
15;998;380;183;197
15;911;392;184;208
15;824;383;183;200
15;737;410;194;216
15;650;437;205;232
15;563;424;202;222
15;476;492;247;245
15;389;460;246;214
15;302;472;261;211
15;215;528;272;256
15;128;520;251;269
15;41;520;271;249
15;1521;219;117;102
15;1434;260;137;123
15;1347;269;133;136
15;1260;287;142;145
15;1173;351;200;151
15;1086;375;182;193
15;999;393;186;207
15;912;410;200;210
15;825;398;186;212
15;738;433;202;231
15;651;418;199;219
15;564;486;244;242
15;477;453;243;210
15;390;464;255;209
15;303;526;268;258
15;216;520;250;270
15;129;510;266;244
15;42;503;245;258
15;1522;254;131;123
15;1435;268;137;131
15;1348;289;142;147
15;1261;347;199;148
15;1174;367;176;191
15;1087;397;190;207
15;1000;410;199;211
15;913;404;201;203
15;826;431;202;229
15;739;418;199;219
15;652;480;241;239
15;565;447;240;207
15;478;453;249;204
15;391;512;262;250
15;304;510;246;264
15;217;514;269;245
15;130;501;242;259
15;43;470;262;208
15;1523;272;141;131
15;1436;288;142;146
15;1349;343;197;146
15;1262;358;174;184
15;1175;392;189;203
15;1088;407;199;208
15;1001;395;195;200
15;914;448;206;242
15;827;409;192;217
15;740;472;238;234
15;653;443;235;208
15;566;447;246;201
15;479;500;255;245
15;392;511;248;263
15;305;509;265;244
15;218;498;242;256
15;131;473;265;208
15;44;457;215;242
15;1524;284;140;144
15;1437;329;191;138
15;1350;354;173;181
15;1263;389;188;201
15;1176;409;200;209
15;1089;395;195;200
15;1002;447;205;242
15;915;442;211;231
15;828;466;233;233
15;741;437;230;207
15;654;440;241;199
15;567;493;248;245
15;480;506;244;262
15;393;502;260;242
15;306;490;237;253
15;219;477;268;209
15;132;455;215;240
15;45;401;195;206
15;1525;319;181;138
15;1438;349;174;175
15;1351;389;188;201
15;1264;397;192;205
15;1177;391;198;193
15;1090;446;201;245
15;1003;437;206;231
15;916;480;248;232
15;829;430;225;205
15;742;436;240;196
15;655;481;242;239
15;568;501;238;263
15;481;501;258;243
15;394;487;238;249
15;307;471;269;202
15;220;446;210;236
15;133;396;192;204
15;46;435;217;218
15;1526;345;172;173
15;1439;381;178;203
15;1352;395;194;201
15;1265;386;195;191
15;1178;439;200;239
15;1091;437;205;232
15;1004;472;243;229
15;917;465;241;224
15;830;422;232;190
15;743;476;239;237
15;656;497;236;261
15;569;489;252;237
15;482;482;238;244
15;395;466;265;201
15;308;444;208;236
15;221;394;190;204
15;134;431;214;217
15;47;342;187;155
15;1527;374;174;200
15;1440;386;189;197
15;1353;380;189;191
15;1266;441;199;242
15;1179;427;200;227
15;1092;472;242;230
15;1005;455;237;218
15;918;446;243;203
15;831;480;243;237
15;744;492;231;261
15;657;488;252;236
15;570;476;234;242
15;483;460;260;200
15;396;440;207;233
15;309;390;189;201
15;222;433;215;218
15;135;344;188;156
15;48;380;195;185
15;1528;384;188;196
15;1441;373;188;185
15;1354;435;194;241
15;1267;424;200;224
15;1180;463;237;226
15;1093;456;239;217
15;1006;445;244;201
15;919;508;266;242
15;832;491;230;261
15;745;476;243;233
15;658;470;229;241
15;571;457;257;200
15;484;432;202;230
15;397;382;183;199
15;310;424;208;216
15;223;346;191;155
15;136;378;195;183
15;49;372;183;189
15;1529;373;191;182
15;1442;432;192;240
15;1355;418;197;221
15;1268;463;236;227
15;1181;452;239;213
15;1094;444;244;200
15;1007;502;261;241
15;920;494;231;263
15;833;473;239;234
15;746;460;222;238
15;659;450;252;198
15;572;429;201;228
15;485;375;180;195
15;398;419;204;215
15;311;341;187;154
15;224;377;194;183
15;137;367;182;185
15;50;424;227;197
15;1530;429;195;234
15;1443;412;192;220
15;1356;457;231;226
15;1269;449;234;215
15;1182;445;241;204
15;1095;497;261;236
15;1008;489;226;263
15;921;474;240;234
15;834;458;220;238
15;747;433;240;193
15;660;429;201;228
15;573;364;172;192
15;486;412;200;212
15;399;332;185;147
15;312;375;194;181
15;225;364;182;182
15;138;415;219;196
15;51;398;214;184
15;1531;405;187;218
15;1444;446;224;222
15;1357;450;236;214
15;1270;444;239;205
15;1183;496;259;237
15;1096;492;230;262
15;1009;471;238;233
15;922;482;233;249
15;835;433;241;192
15;748;417;195;222
15;661;363;171;192
15;574;407;195;212
15;487;329;183;146
15;400;372;192;180
15;313;360;180;180
15;226;410;215;195
15;139;381;202;179
15;52;405;191;214
15;1532;439;220;219
15;1445;448;231;217
15;1358;442;239;203
15;1271;499;262;237
15;1184;491;232;259
15;1097;468;239;229
15;1010;478;231;247
15;923;414;230;184
15;836;409;189;220
15;749;355;164;191
15;662;406;195;211
15;575;327;180;147
15;488;363;186;177
15;401;354;176;178
15;314;408;215;193
15;227;381;202;179
15;140;402;189;213
15;53;399;209;190
15;1533;444;228;216
15;1446;436;234;202
15;1359;494;259;235
15;1272;489;232;257
15;1185;463;234;229
15;1098;475;231;244
15;1011;407;222;185
15;924;409;195;214
15;837;356;166;190
15;750;400;191;209
15;663;326;180;146
15;576;357;181;176
15;489;342;167;175
15;402;397;210;187
15;315;378;198;180
15;228;396;187;209
15;141;395;206;189
15;54;304;150;154
15;1534;435;233;202
15;1447;489;254;235
15;1360;492;233;259
15;1273;459;233;226
15;1186;468;225;243
15;1099;408;224;184
15;1012;404;191;213
15;925;340;152;188
15;838;392;184;208
15;751;323;176;147
15;664;350;176;174
15;577;336;162;174
15;490;392;203;189
15;403;369;189;180
15;316;395;186;209
15;229;390;204;186
15;142;300;148;152
15;55;318;148;170
15;1535;480;248;232
15;1448;480;228;252
15;1361;450;226;224
15;1274;464;221;243
15;1187;401;222;179
15;1100;401;187;214
15;1013;336;149;187
15;926;404;197;207
15;839;316;169;147
15;752;340;169;171
15;665;328;156;172
15;578;383;198;185
15;491;367;189;178
15;404;391;183;208
15;317;386;200;186
15;230;292;140;152
15;143;312;145;167
15;56;438;201;237
15;1536;474;220;254
15;1449;446;222;224
15;1362;464;221;243
15;1275;400;222;178
15;1188;397;186;211
15;1101;334;147;187
15;1014;405;197;208
15;927;313;160;153
15;840;337;164;173
15;753;325;152;173
15;666;379;196;183
15;579;361;184;177
15;492;382;177;205
15;405;381;195;186
15;318;289;139;150
15;231;308;142;166
15;144;422;190;232
15;57;343;167;176
15;1537;440;219;221
15;1450;458;218;240
15;1363;389;215;174
15;1276;393;188;205
15;1189;329;144;185
15;1102;404;196;208
15;1015;309;156;153
15;928;340;158;182
15;841;324;150;174
15;754;370;192;178
15;667;353;179;174
15;580;372;170;202
15;493;370;187;183
15;406;285;137;148
15;319;305;141;164
15;232;418;189;229
15;145;341;167;174
15;58;406;172;234
15;1538;459;216;243
15;1451;383;212;171
15;1364;392;187;205
15;1277;321;139;182
15;1190;401;193;208
15;1103;309;157;152
15;1016;338;156;182
15;929;319;150;169
15;842;366;189;177
15;755;345;173;172
15;668;370;170;200
15;581;367;184;183
15;494;280;132;148
15;407;304;137;167
15;320;413;187;226
15;233;337;163;174
15;146;400;170;230
15;59;472;205;267
15;1539;380;208;172
15;1452;386;183;203
15;1365;319;140;179
15;1278;392;187;205
15;1191;303;151;152
15;1104;335;154;181
15;1017;314;147;167
15;930;362;182;180
15;843;336;164;172
15;756;373;171;202
15;669;361;179;182
15;582;267;122;145
15;495;298;134;164
15;408;413;187;226
15;321;335;159;176
15;234;394;166;228
15;147;461;200;261
15;60;490;224;266
15;1540;381;181;200
15;1453;311;135;176
15;1366;387;184;203
15;1279;294;143;151
15;1192;332;152;180
15;1105;310;143;167
15;1018;358;181;177
15;931;341;168;173
15;844;366;164;202
15;757;359;179;180
15;670;259;115;144
15;583;291;129;162
15;496;398;176;222
15;409;334;156;178
15;322;383;160;223
15;235;449;192;257
15;148;486;221;265
15;61;435;174;261
15;1541;314;135;179
15;1454;384;181;203
15;1367;297;145;152
15;1280;330;148;182
15;1193;307;142;165
15;1106;350;174;176
15;1019;341;169;172
15;932;349;154;195
15;845;356;175;181
15;758;255;111;144
15;671;289;128;161
15;584;391;172;219
15;497;333;154;179
15;410;380;157;223
15;323;444;189;255
15;236;472;213;259
15;149;433;170;263
15;62;511;212;299
15;1542;380;178;202
15;1455;295;143;152
15;1368;321;138;183
15;1281;305;138;167
15;1194;345;170;175
15;1107;332;161;171
15;1020;344;154;190
15;933;353;171;182
15;846;246;103;143
15;759;288;127;161
15;672;381;163;218
15;585;333;152;181
15;498;372;152;220
15;411;437;182;255
15;324;473;216;257
15;237;429;169;260
15;150;500;203;297
15;63;488;205;283
15;1543;295;139;156
15;1456;323;138;185
15;1369;298;131;167
15;1282;338;164;174
15;1195;325;154;171
15;1108;342;150;192
15;1021;350;170;180
15;934;252;107;145
15;847;284;124;160
15;760;374;158;216
15;673;323;142;181
15;586;365;146;219
15;499;432;178;254
15;412;459;204;255
15;325;423;164;259
15;238;495;202;293
15;151;481;199;282
15;64;454;182;272
15;1544;320;137;183
15;1457;291;126;165
15;1370;333;163;170
15;1283;315;146;169
15;1196;335;146;189
15;1109;337;161;176
15;1022;255;108;147
15;935;264;114;150
15;848;362;149;213
15;761;315;137;178
15;674;358;141;217
15;587;418;168;250
15;500;451;197;254
15;413;412;158;254
15;326;485;195;290
15;239;473;195;278
15;152;447;178;269
15;65;495;195;300
15;1545;285;122;163
15;1458;320;151;169
15;1371;309;140;169
15;1284;332;146;186
15;1197;337;161;176
15;1110;249;104;145
15;1023;261;110;151
15;936;361;142;219
15;849;304;129;175
15;762;350;135;215
15;675;413;165;248
15;588;442;191;251
15;501;412;154;258
15;414;476;186;290
15;327;474;197;277
15;240;445;176;269
15;153;498;195;303
15;66;459;197;262
15;1546;317;148;169
15;1459;303;135;168
15;1372;328;143;185
15;1285;332;157;175
15;1198;247;103;144
15;1111;260;111;149
15;1024;358;140;218
15;937;312;134;178
15;850;343;129;214
15;763;405;163;242
15;676;431;183;248
15;589;404;148;256
15;502;472;182;290
15;415;456;185;271
15;328;442;173;269
15;241;492;191;301
15;154;461;195;266
15;67;416;159;257
15;1547;295;130;165
15;1460;323;139;184
15;1373;318;148;170
15;1286;243;98;145
15;1199;256;106;150
15;1112;346;134;212
15;1025;299;124;175
15;938;348;126;222
15;851;397;159;238
15;764;420;175;245
15;677;384;132;252
15;590;467;178;289
15;503;446;178;268
15;416;426;160;266
15;329;482;183;299
15;242;453;189;264
15;155;411;157;254
15;68;488;189;299
15;1548;315;131;184
15;1461;312;145;167
15;1374;236;96;140
15;1287;255;103;152
15;1200;336;126;210
15;1113;288;120;168
15;1026;342;123;219
15;939;389;149;240
15;852;414;169;245
15;765;377;125;252
15;678;459;173;286
15;591;434;172;262
15;504;407;154;253
15;417;469;173;296
15;330;442;183;259
15;243;405;152;253
15;156;479;185;294
15;69;488;190;298
15;1549;300;138;162
15;1462;234;93;141
15;1375;248;99;149
15;1288;327;120;207
15;1201;286;118;168
15;1114;330;114;216
15;1027;383;148;235
15;940;412;162;250
15;853;367;120;247
15;766;444;163;281
15;679;426;163;263
15;592;395;147;248
15;505;462;170;292
15;418;435;179;256
15;331;399;147;252
15;244;468;180;288
15;157;480;183;297
15;70;420;158;262
15;1550;230;90;140
15;1463;245;96;149
15;1376;317;113;204
15;1289;278;114;164
15;1202;325;111;214
15;1115;379;143;236
15;1028;401;152;249
15;941;357;126;231
15;854;434;156;278
15;767;406;154;252
15;680;384;144;240
15;593;447;162;285
15;506;428;174;254
15;419;391;143;248
15;332;451;167;284
15;245;470;175;295
15;158;417;157;260
15;71;472;154;318
15;1551;243;95;148
15;1464;308;108;200
15;1377;266;105;161
15;1290;316;105;211
15;1203;365;134;231
15;1116;386;142;244
15;1029;344;120;224
15;942;413;147;266
15;855;396;143;253
15;768;377;141;236
15;681;432;157;275
15;594;414;167;247
15;507;382;138;244
15;420;436;156;280
15;333;457;173;284
15;246;391;145;246
15;159;466;148;318
15;72;416;146;270
15;1552;296;102;194
15;1465;260;102;158
15;1378;308;99;209
15;1291;361;130;231
15;1204;376;137;239
15;1117;336;118;218
15;1030;400;140;260
15;943;374;124;250
15;856;365;133;232
15;769;416;149;267
15;682;396;155;241
15;595;369;129;240
15;508;424;152;272
15;421;440;165;275
15;334;385;140;245
15;247;458;145;313
15;160;408;134;274
15;73;451;170;281
15;1553;253;101;152
15;1466;303;98;205
15;1379;345;120;225
15;1292;358;130;228
15;1205;324;110;214
15;1118;382;131;251
15;1031;364;118;246
15;944;352;132;220
15;857;404;140;264
15;770;380;149;231
15;683;349;119;230
15;596;416;148;268
15;509;425;155;270
15;422;371;134;237
15;335;445;141;304
15;248;394;125;269
15;161;442;166;276
15;74;446;162;284
15;1554;290;93;197
15;1467;330;110;220
15;1380;342;121;221
15;1293;313;108;205
15;1206;369;125;244
15;1119;355;110;245
15;1032;341;127;214
15;945;386;131;255
15;858;364;141;223
15;771;331;111;220
15;684;394;137;257
15;597;410;146;264
15;510;365;128;237
15;423;432;132;300
15;336;379;116;263
15;249;421;151;270
15;162;438;159;279
15;75;348;101;247
15;1555;315;104;211
15;1468;330;114;216
15;1381;293;99;194
15;1294;349;114;235
15;1207;341;103;238
15;1120;326;123;203
15;1033;368;120;248
15;946;348;132;216
15;859;319;106;213
15;772;374;124;250
15;685;392;134;258
15;598;349;118;231
15;511;415;121;294
15;424;363;111;252
15;337;410;145;265
15;250;421;147;274
15;163;333;97;236
15;76;354;104;250
15;1556;314;104;210
15;1469;282;93;189
15;1382;339;109;230
15;1295;333;99;234
15;1208;311;116;195
15;1121;355;116;239
15;1034;330;123;207
15;947;298;91;207
15;860;366;121;245
15;773;373;126;247
15;686;339;112;227
15;599;406;113;293
15;512;350;102;248
15;425;393;132;261
15;338;396;134;262
15;251;328;93;235
15;164;341;99;242
15;77;342;98;244
15;1557;273;91;182
15;1470;320;102;218
15;1383;316;93;223
15;1296;299;111;188
15;1209;334;104;230
15;1122;315;117;198
15;1035;287;87;200
15;948;353;112;241
15;861;352;118;234
15;774;327;104;223
15;687;384;104;280
15;600;335;97;238
15;513;373;120;253
15;426;379;124;255
15;339;310;86;224
15;252;328;95;233
15;165;327;91;236
15;78;339;113;226
15;1558;305;92;213
15;1471;304;90;214
15;1384;285;106;179
15;1297;315;92;223
15;1210;299;113;186
15;1123;272;82;190
15;1036;334;102;232
15;949;338;115;223
15;862;307;90;217
15;775;366;94;272
15;688;321;88;233
15;601;350;108;242
15;514;358;117;241
15;427;294;78;216
15;340;305;78;227
15;253;311;86;225
15;166;326;109;217
15;79;253;88;165
15;1559;289;85;204
15;1472;269;97;172
15;1385;300;87;213
15;1298;286;108;178
15;1211;255;77;178
15;1124;319;93;226
15;1037;317;102;215
15;950;274;76;198
15;863;343;83;260
15;776;306;83;223
15;689;333;96;237
15;602;332;105;227
15;515;279;70;209
15;428;283;68;215
15;341;298;79;219
15;254;296;93;203
15;167;237;85;152
15;80;265;71;194
15;1560;251;91;160
15;1473;284;81;203
15;1386;273;99;174
15;1299;242;73;169
15;1212;298;90;208
15;1125;295;93;202
15;1038;248;69;179
15;951;305;73;232
15;864;293;81;212
15;777;306;84;222
15;690;307;92;215
15;603;265;66;199
15;516;263;60;203
15;429;273;62;211
15;342;274;84;190
15;255;214;72;142
15;168;252;66;186
15;81;245;81;164
15;1561;263;75;188
15;1474;246;85;161
15;1387;238;70;168
15;1300;279;81;198
15;1213;275;87;188
15;1126;230;61;169
15;1039;271;61;210
15;952;268;73;195
15;865;284;79;205
15;778;285;82;203
15;691;245;57;188
15;604;243;52;191
15;517;255;59;196
15;430;261;77;184
15;343;201;69;132
15;256;234;62;172
15;169;225;74;151
15;82;150;44;106
15;1562;220;74;146
15;1475;219;65;154
15;1388;255;72;183
15;1301;258;78;180
15;1214;205;54;151
15;1127;251;58;193
15;1040;242;66;176
15;953;248;68;180
15;866;260;71;189
15;779;222;51;171
15;692;227;46;181
15;605;233;51;182
15;518;235;72;163
15;431;186;61;125
15;344;219;57;162
15;257;209;71;138
15;170;142;42;100
15;83;102;26;76
15;1563;201;59;142
15;1476;238;68;170
15;1389;234;72;162
15;1302;194;49;145
15;1215;229;52;177
15;1128;219;58;161
15;1041;234;63;171
15;954;221;63;158
15;867;202;45;157
15;780;215;44;171
15;693;212;45;167
15;606;206;65;141
15;519;173;58;115
15;432;200;55;145
15;345;188;62;126
15;258;131;37;94
15;171;98;26;72
15;84;122;33;89
15;1564;205;55;150
15;1477;210;66;144
15;1390;176;42;134
15;1303;200;46;154
15;1216;200;51;149
15;1129;219;61;158
15;1042;202;51;151
15;955;168;32;136
15;868;193;39;154
15;781;183;37;146
15;694;179;50;129
15;607;155;51;104
15;520;169;43;126
15;433;167;49;118
15;346;121;33;88
15;259;88;23;65
15;172;111;31;80
15;85;118;35;83
15;1565;962;220;742
15;1478;939;207;732
15;1391;932;214;718
15;1304;909;209;700
15;1217;897;211;686
15;1130;826;190;636
15;1043;775;176;599
15;956;743;180;563
15;869;688;179;509
15;782;652;177;475
15;695;632;169;463
15;608;621;168;453
15;521;611;168;443
15;434;588;158;430
15;347;617;165;452
15;260;649;184;465
15;173;663;191;472
15;86;686;195;491
15;1566;24149;11334;12815
15;1479;24999;11729;13270
15;1392;25755;12077;13678
15;1305;26393;12355;14038
15;1218;26890;12536;14354
15;1131;27479;12772;14707
15;1044;28116;13008;15108
15;957;28782;13307;15475
15;870;29632;13698;15934
15;783;30285;14016;16269
15;696;30929;14323;16606
15;609;31583;14689;16894
15;522;32275;15047;17228
15;435;33119;15489;17630
15;348;33783;15827;17956
15;261;34297;16071;18226
15;174;34752;16303;18449
15;87;35150;16497;18653
16;1480;36;19;17
16;1393;48;22;26
16;1306;37;19;18
16;1219;40;18;22
16;1132;40;21;19
16;1045;35;17;18
16;958;40;23;17
16;871;45;26;19
16;784;51;26;25
16;697;32;20;12
16;610;33;15;18
16;523;26;10;16
16;436;33;17;16
16;349;38;20;18
16;262;46;27;19
16;175;39;14;25
16;88;33;20;13
16;1;34;13;21
16;1481;46;21;25
16;1394;40;19;21
16;1307;34;14;20
16;1220;40;22;18
16;1133;37;18;19
16;1046;37;20;17
16;959;47;27;20
16;872;48;25;23
16;785;31;19;12
16;698;31;13;18
16;611;25;10;15
16;524;33;17;16
16;437;37;20;17
16;350;47;28;19
16;263;40;16;24
16;176;35;20;15
16;89;34;13;21
16;2;41;21;20
16;1482;34;16;18
16;1395;35;16;19
16;1308;42;23;19
16;1221;38;20;18
16;1134;38;19;19
16;1047;49;28;21
16;960;47;25;22
16;873;29;19;10
16;786;31;13;18
16;699;26;10;16
16;612;33;17;16
16;525;37;20;17
16;438;45;26;19
16;351;39;15;24
16;264;38;21;17
16;177;34;13;21
16;90;41;21;20
16;3;45;25;20
16;1483;36;16;20
16;1396;40;22;18
16;1309;42;24;18
16;1222;37;17;20
16;1135;47;27;20
16;1048;48;25;23
16;961;28;19;9
16;874;31;9;22
16;787;24;9;15
16;700;35;19;16
16;613;37;20;17
16;526;41;23;18
16;439;40;16;24
16;352;35;19;16
16;265;36;14;22
16;178;41;21;20
16;91;46;25;21
16;4;42;25;17
16;1484;38;23;15
16;1397;45;27;18
16;1310;36;16;20
16;1223;46;26;20
16;1136;45;23;22
16;1049;27;18;9
16;962;31;9;22
16;875;33;11;22
16;788;36;20;16
16;701;37;20;17
16;614;47;28;19
16;527;38;14;24
16;440;36;20;16
16;353;36;14;22
16;266;45;22;23
16;179;48;24;24
16;92;42;25;17
16;5;48;25;23
16;1485;44;26;18
16;1398;35;15;20
16;1311;46;25;21
16;1224;45;23;22
16;1137;28;17;11
16;1050;35;9;26
16;963;33;10;23
16;876;30;15;15
16;789;38;22;16
16;702;46;27;19
16;615;42;18;24
16;528;36;20;16
16;441;35;13;22
16;354;42;22;20
16;267;47;23;24
16;180;42;25;17
16;93;48;25;23
16;6;74;40;34
16;1486;33;15;18
16;1399;45;22;23
16;1312;47;23;24
16;1225;30;18;12
16;1138;33;8;25
16;1051;35;11;24
16;964;31;16;15
16;877;36;19;17
16;790;45;26;19
16;703;39;16;23
16;616;36;19;17
16;529;35;13;22
16;442;43;22;21
16;355;46;22;24
16;268;40;23;17
16;181;47;25;22
16;94;75;40;35
16;7;67;30;37
16;1487;44;23;21
16;1400;48;23;25
16;1313;28;17;11
16;1226;32;7;25
16;1139;34;12;22
16;1052;30;15;15
16;965;37;18;19
16;878;44;26;18
16;791;37;14;23
16;704;33;18;15
16;617;36;14;22
16;530;47;25;22
16;443;46;22;24
16;356;39;23;16
16;269;46;24;22
16;182;74;39;35
16;95;67;30;37
16;8;97;47;50
16;1488;46;23;23
16;1401;27;15;12
16;1314;31;7;24
16;1227;34;11;23
16;1140;32;16;16
16;1053;37;18;19
16;966;45;26;19
16;879;31;14;17
16;792;36;18;18
16;705;36;14;22
16;618;45;23;22
16;531;48;24;24
16;444;39;23;16
16;357;43;24;19
16;270;76;40;36
16;183;67;29;38
16;96;96;46;50
16;9;87;49;38
16;1489;26;16;10
16;1402;29;6;23
16;1315;35;12;23
16;1228;31;15;16
16;1141;36;18;18
16;1054;45;25;20
16;967;32;15;17
16;880;38;19;19
16;793;33;12;21
16;706;44;22;22
16;619;47;24;23
16;532;40;24;16
16;445;43;24;19
16;358;74;38;36
16;271;66;29;37
16;184;93;44;49
16;97;86;48;38
16;10;89;49;40
16;1490;27;6;21
16;1403;32;9;23
16;1316;30;15;15
16;1229;37;18;19
16;1142;44;24;20
16;1055;32;16;16
16;968;35;18;17
16;881;39;18;21
16;794;41;21;20
16;707;45;24;21
16;620;39;22;17
16;533;43;23;20
16;446;73;38;35
16;359;66;28;38
16;272;97;46;51
16;185;86;47;39
16;98;88;49;39
16;11;67;32;35
16;1491;30;8;22
16;1404;29;14;15
16;1317;35;18;17
16;1230;45;25;20
16;1143;33;16;17
16;1056;34;18;16
16;969;38;17;21
16;882;44;18;26
16;795;46;23;23
16;708;38;21;17
16;621;43;22;21
16;534;72;38;34
16;447;65;28;37
16;360;97;44;53
16;273;87;49;38
16;186;85;47;38
16;99;67;32;35
16;12;107;61;46
16;1492;28;13;15
16;1405;35;18;17
16;1318;43;23;20
16;1231;33;16;17
16;1144;35;19;16
16;1057;39;17;22
16;970;43;18;25
16;883;38;24;14
16;796;38;21;17
16;709;42;21;21
16;622;72;38;34
16;535;65;28;37
16;448;97;44;53
16;361;85;47;38
16;274;88;47;41
16;187;66;31;35
16;100;107;60;47
16;13;80;38;42
16;1493;36;20;16
16;1406;44;23;21
16;1319;33;16;17
16;1232;36;20;16
16;1145;38;17;21
16;1058;41;16;25
16;971;37;23;14
16;884;38;23;15
16;797;43;21;22
16;710;71;38;33
16;623;65;28;37
16;536;99;44;55
16;449;84;47;37
16;362;85;45;40
16;275;65;32;33
16;188;105;59;46
16;101;79;37;42
16;14;88;42;46
16;1494;43;23;20
16;1407;33;16;17
16;1320;37;20;17
16;1233;39;17;22
16;1146;39;15;24
16;1059;38;23;15
16;972;38;23;15
16;885;44;24;20
16;798;68;37;31
16;711;65;28;37
16;624;98;44;54
16;537;82;47;35
16;450;82;46;36
16;363;64;31;33
16;276;107;59;48
16;189;78;37;41
16;102;88;42;46
16;15;95;49;46
16;1495;34;16;18
16;1408;37;20;17
16;1321;37;15;22
16;1234;39;15;24
16;1147;38;23;15
16;1060;36;21;15
16;973;43;23;20
16;886;63;34;29
16;799;65;29;36
16;712;95;42;53
16;625;82;47;35
16;538;80;44;36
16;451;60;29;31
16;364;107;58;49
16;277;77;36;41
16;190;86;41;45
16;103;93;49;44
16;16;107;53;54
16;1496;36;19;17
16;1409;36;14;22
16;1322;38;14;24
16;1235;38;23;15
16;1148;36;22;14
16;1061;42;22;20
16;974;64;35;29
16;887;64;31;33
16;800;91;41;50
16;713;78;44;34
16;626;81;45;36
16;539;60;29;31
16;452;104;57;47
16;365;74;33;41
16;278;85;41;44
16;191;93;49;44
16;104;102;51;51
16;17;96;53;43
16;1497;36;14;22
16;1410;37;15;22
16;1323;40;23;17
16;1236;36;22;14
16;1149;42;22;20
16;1062;64;36;28
16;975;63;31;32
16;888;92;42;50
16;801;78;44;34
16;714;80;45;35
16;627;60;29;31
16;540;101;56;45
16;453;71;32;39
16;366;81;38;43
16;279;92;49;43
16;192;101;50;51
16;105;94;51;43
16;18;94;54;40
16;1498;35;15;20
16;1411;34;21;13
16;1324;35;21;14
16;1237;42;22;20
16;1150;64;36;28
16;1063;64;31;33
16;976;93;42;51
16;889;72;41;31
16;802;78;43;35
16;715;60;29;31
16;628;99;55;44
16;541;67;31;36
16;454;78;36;42
16;367;86;47;39
16;280;94;45;49
16;193;90;49;41
16;106;93;54;39
16;19;73;33;40
16;1499;33;21;12
16;1412;32;20;12
16;1325;40;22;18
16;1238;62;35;27
16;1151;62;30;32
16;1064;91;41;50
16;977;72;42;30
16;890;62;37;25
16;803;54;25;29
16;716;98;53;45
16;629;69;33;36
16;542;76;36;40
16;455;84;45;39
16;368;92;45;47
16;281;90;48;42
16;194;91;52;39
16;107;69;32;37
16;20;55;33;22
16;1500;33;19;14
16;1413;39;22;17
16;1326;60;32;28
16;1239;62;30;32
16;1152;83;37;46
16;1065;71;43;28
16;978;60;35;25
16;891;51;26;25
16;804;97;53;44
16;717;68;33;35
16;630;81;40;41
16;543;84;44;40
16;456;90;44;46
16;369;86;45;41
16;282;87;50;37
16;195;69;32;37
16;108;52;32;20
16;21;42;23;19
16;1501;39;22;17
16;1414;58;32;26
16;1327;60;29;31
16;1240;81;37;44
16;1153;69;44;25
16;1066;59;35;24
16;979;50;25;25
16;892;81;49;32
16;805;67;32;35
16;718;78;37;41
16;631;84;45;39
16;544;90;43;47
16;457;79;42;37
16;370;85;48;37
16;283;69;32;37
16;196;53;33;20
16;109;39;24;15
16;22;50;32;18
16;1502;56;30;26
16;1415;56;29;27
16;1328;80;38;42
16;1241;69;46;23
16;1154;59;35;24
16;1067;46;21;25
16;980;74;45;29
16;893;62;33;29
16;806;71;33;38
16;719;84;44;40
16;632;88;41;47
16;545;79;41;38
16;458;78;45;33
16;371;64;29;35
16;284;50;31;19
16;197;44;26;18
16;110;50;30;20
16;23;40;17;23
16;1503;55;26;29
16;1416;75;37;38
16;1329;67;45;22
16;1242;60;34;26
16;1155;51;23;28
16;1068;67;42;25
16;981;59;34;25
16;894;57;25;32
16;807;83;43;40
16;720;86;39;47
16;633;78;40;38
16;546;78;43;35
16;459;59;29;30
16;372;51;30;21
16;285;44;25;19
16;198;52;31;21
16;111;40;17;23
16;24;45;26;19
16;1504;71;36;35
16;1417;66;42;24
16;1330;63;36;27
16;1243;50;23;27
16;1156;62;41;21
16;1069;57;34;23
16;982;56;25;31
16;895;74;36;38
16;808;83;38;45
16;721;74;39;35
16;634;79;44;35
16;547;61;29;32
16;460;46;28;18
16;373;43;25;18
16;286;47;30;17
16;199;39;17;22
16;112;43;25;18
16;25;44;25;19
16;1505;68;40;28
16;1418;56;34;22
16;1331;48;20;28
16;1244;60;38;22
16;1157;53;33;20
16;1070;55;25;30
16;983;67;32;35
16;896;63;34;29
16;809;67;36;31
16;722;75;43;32
16;635;62;30;32
16;548;40;27;13
16;461;41;23;18
16;374;42;26;16
16;287;36;16;20
16;200;45;24;21
16;113;45;27;18
16;26;47;16;31
16;1506;54;32;22
16;1419;46;20;26
16;1332;53;35;18
16;1245;57;35;22
16;1158;53;24;29
16;1071;65;32;33
16;984;66;36;30
16;897;48;26;22
16;810;67;40;27
16;723;62;33;29
16;636;42;26;16
16;549;42;22;20
16;462;38;26;12
16;375;32;13;19
16;288;38;23;15
16;201;44;26;18
16;114;45;15;30
16;27;61;31;30
16;1507;41;18;23
16;1420;55;33;22
16;1333;62;36;26
16;1246;51;22;29
16;1159;63;30;33
16;1072;58;31;27
16;985;45;21;24
16;898;49;26;23
16;811;63;34;29
16;724;40;24;16
16;637;43;25;18
16;550;39;24;15
16;463;30;12;18
16;376;35;22;13
16;289;41;24;17
16;202;46;13;33
16;115;60;30;30
16;28;49;20;29
16;1508;51;29;22
16;1421;60;35;25
16;1334;47;22;25
16;1247;64;28;36
16;1160;53;32;21
16;1073;42;21;21
16;986;44;22;22
16;899;49;28;21
16;812;41;24;17
16;725;44;25;19
16;638;41;25;16
16;551;28;13;15
16;464;32;21;11
16;377;41;24;17
16;290;44;14;30
16;203;63;32;31
16;116;49;19;30
16;29;75;38;37
16;1509;56;33;23
16;1422;43;21;22
16;1335;61;27;34
16;1248;51;30;21
16;1161;37;18;19
16;1074;40;18;22
16;987;42;28;14
16;900;38;22;16
16;813;45;25;20
16;726;43;27;16
16;639;28;14;14
16;552;34;23;11
16;465;38;22;16
16;378;42;13;29
16;291;59;30;29
16;204;50;19;31
16;117;70;35;35
16;30;67;32;35
16;1510;42;21;21
16;1423;54;21;33
16;1336;52;30;22
16;1249;36;19;17
16;1162;35;17;18
16;1075;33;24;9
16;988;37;24;13
16;901;39;19;20
16;814;42;27;15
16;727;28;13;15
16;640;35;23;12
16;553;40;23;17
16;466;42;14;28
16;379;57;26;31
16;292;46;17;29
16;205;66;33;33
16;118;66;32;34
16;31;65;32;33
16;1511;53;22;31
16;1424;47;28;19
16;1337;35;18;17
16;1250;34;18;16
16;1163;29;20;9
16;1076;30;21;9
16;989;41;22;19
16;902;51;24;27
16;815;27;12;15
16;728;31;21;10
16;641;39;24;15
16;554;42;14;28
16;467;55;25;30
16;380;48;17;31
16;293;67;31;36
16;206;64;31;33
16;119;65;32;33
16;32;63;26;37
16;1512;41;25;16
16;1425;31;18;13
16;1338;32;15;17
16;1251;28;19;9
16;1164;29;21;8
16;1077;36;18;18
16;990;51;23;28
16;903;32;17;15
16;816;32;21;11
16;729;39;24;15
16;642;42;13;29
16;555;56;25;31
16;468;48;16;32
16;381;63;29;34
16;294;65;32;33
16;207;62;31;31
16;120;63;26;37
16;33;82;41;41
16;1513;31;18;13
16;1426;31;13;18
16;1339;27;19;8
16;1252;30;22;8
16;1165;34;15;19
16;1078;53;25;28
16;991;32;17;15
16;904;39;20;19
16;817;39;23;16
16;730;45;14;31
16;643;55;25;30
16;556;49;17;32
16;469;62;27;35
16;382;62;30;32
16;295;60;30;30
16;208;60;26;34
16;121;84;42;42
16;34;79;40;39
16;1514;32;14;18
16;1427;27;18;9
16;1340;28;20;8
16;1253;37;17;20
16;1166;51;24;27
16;1079;28;17;11
16;992;39;17;22
16;905;33;17;16
16;818;45;13;32
16;731;54;24;30
16;644;49;16;33
16;557;65;29;36
16;470;59;28;31
16;383;57;27;30
16;296;59;26;33
16;209;82;40;42
16;122;78;39;39
16;35;63;35;28
16;1515;25;18;7
16;1428;26;19;7
16;1341;39;20;19
16;1254;48;20;28
16;1167;31;18;13
16;1080;37;15;22
16;993;28;15;13
16;906;42;17;25
16;819;55;24;31
16;732;47;15;32
16;645;65;28;37
16;558;58;27;31
16;471;56;27;29
16;384;57;25;32
16;297;77;38;39
16;210;78;40;38
16;123;62;34;28
16;36;80;28;52
16;1516;27;20;7
16;1429;36;19;17
16;1342;47;21;26
16;1255;32;18;14
16;1168;35;14;21
16;1081;25;17;8
16;994;41;16;25
16;907;44;20;24
16;820;47;15;32
16;733;64;27;37
16;646;61;29;32
16;559;57;27;30
16;472;55;24;31
16;385;79;38;41
16;298;76;39;37
16;211;61;33;28
16;124;78;27;51
16;37;90;45;45
16;1517;31;16;15
16;1430;47;21;26
16;1343;28;15;13
16;1256;39;15;24
16;1169;24;16;8
16;1082;42;16;26
16;995;46;21;25
16;908;44;19;25
16;821;63;27;36
16;734;60;28;32
16;647;55;26;29
16;560;55;23;32
16;473;75;35;40
16;386;74;38;36
16;299;60;32;28
16;212;77;27;50
16;125;88;44;44
16;38;80;37;43
16;1518;46;19;27
16;1431;28;14;14
16;1344;38;14;24
16;1257;26;17;9
16;1170;39;15;24
16;1083;46;20;26
16;996;46;20;26
16;909;68;31;37
16;822;61;29;32
16;735;56;28;28
16;648;59;25;34
16;561;73;35;38
16;474;77;40;37
16;387;60;32;28
16;300;80;30;50
16;213;87;45;42
16;126;77;35;42
16;39;86;45;41
16;1519;23;11;12
16;1432;34;13;21
16;1345;27;17;10
16;1258;41;16;25
16;1171;46;21;25
16;1084;42;18;24
16;997;68;33;35
16;910;63;30;33
16;823;57;27;30
16;736;56;24;32
16;649;76;35;41
16;562;76;40;36
16;475;55;28;27
16;388;80;31;49
16;301;87;44;43
16;214;75;34;41
16;127;83;42;41
16;40;101;55;46
16;1520;31;12;19
16;1433;24;18;6
16;1346;44;17;27
16;1259;44;20;24
16;1172;40;16;24
16;1085;70;33;37
16;998;61;27;34
16;911;57;26;31
16;824;54;23;31
16;737;73;33;40
16;650;76;40;36
16;563;56;30;26
16;476;79;29;50
16;389;82;42;40
16;302;75;34;41
16;215;85;43;42
16;128;99;53;46
16;41;110;48;62
16;1521;24;17;7
16;1434;45;17;28
16;1347;43;19;24
16;1260;42;17;25
16;1173;70;32;38
16;1086;64;30;34
16;999;57;25;32
16;912;64;28;36
16;825;73;34;39
16;738;72;39;33
16;651;55;30;25
16;564;78;29;49
16;477;81;41;40
16;390;74;34;40
16;303;84;43;41
16;216;99;53;46
16;129;108;48;60
16;42;85;36;49
16;1522;43;17;26
16;1435;42;19;23
16;1348;40;17;23
16;1261;71;32;39
16;1174;61;29;32
16;1087;58;26;32
16;1000;63;27;36
16;913;70;33;37
16;826;70;37;33
16;739;55;30;25
16;652;76;29;47
16;565;78;39;39
16;478;71;33;38
16;391;84;42;42
16;304;98;54;44
16;217;107;47;60
16;130;85;37;48
16;43;82;44;38
16;1523;39;19;20
16;1436;39;16;23
16;1349;69;31;38
16;1262;62;30;32
16;1175;55;26;29
16;1088;63;28;35
16;1001;69;31;38
16;914;63;28;35
16;827;54;31;23
16;740;72;27;45
16;653;77;38;39
16;566;71;33;38
16;479;80;39;41
16;392;95;53;42
16;305;101;44;57
16;218;83;36;47
16;131;80;42;38
16;44;102;39;63
16;1524;38;16;22
16;1437;68;30;38
16;1350;61;30;31
16;1263;58;27;31
16;1176;61;26;35
16;1089;65;28;37
16;1002;59;25;34
16;915;60;33;27
16;828;69;23;46
16;741;76;37;39
16;654;69;32;37
16;567;79;38;41
16;480;94;54;40
16;393;98;43;55
16;306;82;35;47
16;219;80;42;38
16;132;100;38;62
16;45;84;39;45
16;1525;68;30;38
16;1438;61;28;33
16;1351;56;24;32
16;1264;61;26;35
16;1177;67;29;38
16;1090;59;25;34
16;1003;63;33;30
16;916;75;26;49
16;829;74;37;37
16;742;64;28;36
16;655;79;37;42
16;568;89;52;37
16;481;92;39;53
16;394;78;32;46
16;307;78;41;37
16;220;100;39;61
16;133;80;36;44
16;46;90;49;41
16;1526;60;28;32
16;1439;55;22;33
16;1352;63;29;34
16;1265;64;29;35
16;1178;59;25;34
16;1091;66;36;30
16;1004;72;26;46
16;917;71;34;37
16;830;59;27;32
16;743;79;37;42
16;656;90;53;37
16;569;90;40;50
16;482;74;30;44
16;395;78;42;36
16;308;97;37;60
16;221;78;35;43
16;134;86;48;38
16;47;80;40;40
16;1527;55;22;33
16;1440;64;29;35
16;1353;64;28;36
16;1266;58;24;34
16;1179;65;35;30
16;1092;72;27;45
16;1005;72;34;38
16;918;57;22;35
16;831;77;35;42
16;744;88;52;36
16;657;90;39;51
16;570;72;28;44
16;483;76;42;34
16;396;98;37;61
16;309;80;34;46
16;222;86;48;38
16;135;79;39;40
16;48;70;40;30
16;1528;64;30;34
16;1441;64;29;35
16;1354;60;25;35
16;1267;64;34;30
16;1180;72;27;45
16;1093;71;33;38
16;1006;54;20;34
16;919;74;40;34
16;832;85;50;35
16;745;89;38;51
16;658;75;30;45
16;571;74;39;35
16;484;96;35;61
16;397;78;32;46
16;310;84;48;36
16;223;80;39;41
16;136;68;39;29
16;49;69;42;27
16;1529;63;27;36
16;1442;58;24;34
16;1355;63;33;30
16;1268;72;25;47
16;1181;71;32;39
16;1094;54;20;34
16;1007;73;39;34
16;920;87;43;44
16;833;87;38;49
16;746;71;27;44
16;659;71;36;35
16;572;96;34;62
16;485;77;32;45
16;398;82;47;35
16;311;78;38;40
16;224;68;39;29
16;137;66;39;27
16;50;59;28;31
16;1530;55;21;34
16;1443;63;34;29
16;1356;71;25;46
16;1269;73;32;41
16;1182;54;20;34
16;1095;71;38;33
16;1008;88;44;44
16;921;90;39;51
16;834;72;27;45
16;747;72;36;36
16;660;97;34;63
16;573;73;29;44
16;486;81;47;34
16;399;78;38;40
16;312;67;39;28
16;225;63;37;26
16;138;57;26;31
16;51;70;41;29
16;1531;63;35;28
16;1444;73;27;46
16;1357;73;33;40
16;1270;52;19;33
16;1183;69;38;31
16;1096;88;45;43
16;1009;87;37;50
16;922;83;41;42
16;835;69;34;35
16;748;97;34;63
16;661;72;31;41
16;574;83;48;35
16;487;74;34;40
16;400;63;35;28
16;313;62;36;26
16;226;57;27;30
16;139;68;39;29
16;52;53;25;28
16;1532;75;28;47
16;1445;72;33;39
16;1358;54;20;34
16;1271;67;37;30
16;1184;86;45;41
16;1097;87;38;49
16;1010;84;42;42
16;923;72;37;35
16;836;94;31;63
16;749;70;30;40
16;662;83;47;36
16;575;69;31;38
16;488;60;33;27
16;401;59;34;25
16;314;58;26;32
16;227;68;39;29
16;140;53;25;28
16;53;55;23;32
16;1533;71;33;38
16;1446;51;18;33
16;1359;69;39;30
16;1272;80;43;37
16;1185;85;37;48
16;1098;87;42;45
16;1011;70;35;35
16;924;96;34;62
16;837;69;29;40
16;750;82;46;36
16;663;67;29;38
16;576;60;33;27
16;489;56;31;25
16;402;53;22;31
16;315;67;39;28
16;228;53;25;28
16;141;55;23;32
16;54;60;27;33
16;1534;52;19;33
16;1447;69;40;29
16;1360;86;43;43
16;1273;86;38;48
16;1186;86;41;45
16;1099;73;37;36
16;1012;96;34;62
16;925;77;32;45
16;838;80;44;36
16;751;67;29;38
16;664;57;31;26
16;577;56;32;24
16;490;51;21;30
16;403;67;40;27
16;316;54;26;28
16;229;57;23;34
16;142;59;27;32
16;55;34;13;21
16;1535;69;41;28
16;1448;85;41;44
16;1361;84;37;47
16;1274;88;44;44
16;1187;75;38;37
16;1100;94;33;61
16;1013;76;30;46
16;926;72;42;30
16;839;67;29;38
16;752;56;30;26
16;665;55;32;23
16;578;49;20;29
16;491;67;39;28
16;404;51;25;26
16;317;55;22;33
16;230;56;25;31
16;143;34;13;21
16;56;57;23;34
16;1536;85;40;45
16;1449;85;37;48
16;1362;88;43;45
16;1275;76;39;37
16;1188;95;33;62
16;1101;75;30;45
16;1014;72;42;30
16;927;65;27;38
16;840;55;29;26
16;753;54;30;24
16;666;48;20;28
16;579;67;39;28
16;492;49;24;25
16;405;53;21;32
16;318;54;23;31
16;231;33;13;20
16;144;56;24;32
16;57;54;21;33
16;1537;85;37;48
16;1450;88;43;45
16;1363;76;39;37
16;1276;95;34;61
16;1189;76;29;47
16;1102;73;42;31
16;1015;65;27;38
16;928;61;31;30
16;841;51;28;23
16;754;49;20;29
16;667;62;34;28
16;580;49;24;25
16;493;53;21;32
16;406;53;22;31
16;319;30;11;19
16;232;51;19;32
16;145;53;21;32
16;58;60;30;30
16;1538;88;42;46
16;1451;75;39;36
16;1364;93;32;61
16;1277;77;29;48
16;1190;73;42;31
16;1103;61;24;37
16;1016;61;30;31
16;929;53;30;23
16;842;47;19;28
16;755;62;34;28
16;668;48;23;25
16;581;53;21;32
16;494;51;19;32
16;407;31;12;19
16;320;49;17;32
16;233;51;20;31
16;146;59;29;30
16;59;69;32;37
16;1539;77;39;38
16;1452;90;32;58
16;1365;78;30;48
16;1278;74;43;31
16;1191;62;25;37
16;1104;61;30;31
16;1017;53;30;23
16;930;49;22;27
16;843;60;31;29
16;756;48;23;25
16;669;53;21;32
16;582;51;19;32
16;495;33;12;21
16;408;51;18;33
16;321;49;19;30
16;234;57;28;29
16;147;70;33;37
16;60;49;19;30
16;1540;90;32;58
16;1453;78;30;48
16;1366;75;43;32
16;1279;63;26;37
16;1192;59;28;31
16;1105;54;30;24
16;1018;48;20;28
16;931;57;27;30
16;844;47;22;25
16;757;54;21;33
16;670;49;18;31
16;583;33;12;21
16;496;50;18;32
16;409;51;19;32
16;322;58;29;29
16;235;64;28;36
16;148;48;18;30
16;61;61;33;28
16;1541;80;31;49
16;1454;74;43;31
16;1367;61;24;37
16;1280;60;29;31
16;1193;51;27;24
16;1106;51;20;31
16;1019;59;28;31
16;932;47;22;25
16;845;52;20;32
16;758;48;17;31
16;671;34;11;23
16;584;49;17;32
16;497;51;18;33
16;410;55;27;28
16;323;64;27;37
16;236;47;17;30
16;149;60;32;28
16;62;53;21;32
16;1542;72;41;31
16;1455;60;23;37
16;1368;59;28;31
16;1281;51;26;25
16;1194;49;19;30
16;1107;57;28;29
16;1020;47;23;24
16;933;50;18;32
16;846;49;17;32
16;759;33;11;22
16;672;47;15;32
16;585;48;18;30
16;498;56;27;29
16;411;63;25;38
16;324;49;18;31
16;237;62;34;28
16;150;54;21;33
16;63;70;25;45
16;1543;57;18;39
16;1456;61;30;31
16;1369;50;25;25
16;1282;49;19;30
16;1195;57;28;29
16;1108;46;22;24
16;1021;49;16;33
16;934;46;19;27
16;847;33;10;23
16;760;50;17;33
16;673;43;15;28
16;586;54;25;29
16;499;62;25;37
16;412;45;16;29
16;325;63;34;29
16;238;51;19;32
16;151;65;20;45
16;64;46;16;30
16;1544;59;30;29
16;1457;49;25;24
16;1370;45;15;30
16;1283;57;28;29
16;1196;44;20;24
16;1109;47;15;32
16;1022;46;19;27
16;935;35;13;22
16;848;49;16;33
16;761;43;15;28
16;674;51;23;28
16;587;61;25;36
16;500;45;15;30
16;413;63;34;29
16;326;48;18;30
16;239;63;19;44
16;152;45;15;30
16;65;61;24;37
16;1545;49;25;24
16;1458;46;15;31
16;1371;56;27;29
16;1284;43;20;23
16;1197;49;16;33
16;1110;47;20;27
16;1023;35;13;22
16;936;48;18;30
16;849;42;15;27
16;762;48;20;28
16;675;59;23;36
16;588;44;15;29
16;501;60;32;28
16;414;47;18;29
16;327;64;18;46
16;240;41;12;29
16;153;61;24;37
16;66;60;17;43
16;1546;46;14;32
16;1459;56;27;29
16;1372;43;20;23
16;1285;47;13;34
16;1198;46;19;27
16;1111;35;13;22
16;1024;46;15;31
16;937;42;14;28
16;850;46;18;28
16;763;55;22;33
16;676;43;15;28
16;589;60;31;29
16;502;47;19;28
16;415;65;18;47
16;328;43;13;30
16;241;60;24;36
16;154;60;18;42
16;67;63;18;45
16;1547;56;28;28
16;1460;44;20;24
16;1373;49;15;34
16;1286;44;17;27
16;1199;34;12;22
16;1112;47;16;31
16;1025;42;13;29
16;938;41;12;29
16;851;54;21;33
16;764;44;15;29
16;677;57;28;29
16;590;44;16;28
16;503;61;18;43
16;416;42;13;29
16;329;60;22;38
16;242;56;16;40
16;155;63;18;45
16;68;62;21;41
16;1548;46;19;27
16;1461;48;15;33
16;1374;45;18;27
16;1287;36;14;22
16;1200;44;12;32
16;1113;42;13;29
16;1026;42;12;30
16;939;55;22;33
16;852;44;16;28
16;765;56;27;29
16;678;44;16;28
16;591;63;19;44
16;504;41;13;28
16;417;61;23;38
16;330;54;16;38
16;243;62;18;44
16;156;61;21;40
16;69;58;18;40
16;1549;49;15;34
16;1462;42;18;24
16;1375;35;14;21
16;1288;46;14;32
16;1201;40;13;27
16;1114;40;11;29
16;1027;54;23;31
16;940;48;18;30
16;853;56;27;29
16;766;43;15;28
16;679;63;19;44
16;592;41;14;27
16;505;59;24;35
16;418;53;14;39
16;331;62;18;44
16;244;60;21;39
16;157;57;17;40
16;70;60;24;36
16;1550;41;18;23
16;1463;35;14;21
16;1376;45;14;31
16;1289;38;13;25
16;1202;39;11;28
16;1115;53;23;30
16;1028;47;18;29
16;941;58;27;31
16;854;43;14;29
16;767;59;17;42
16;680;38;12;26
16;593;55;23;32
16;506;51;14;37
16;419;63;19;44
16;332;58;20;38
16;245;58;17;41
16;158;55;22;33
16;71;78;30;48
16;1551;33;13;20
16;1464;42;13;29
16;1377;38;12;26
16;1290;39;11;28
16;1203;51;21;30
16;1116;46;18;28
16;1029;59;26;33
16;942;48;16;32
16;855;58;16;42
16;768;38;13;25
16;681;53;21;32
16;594;49;15;34
16;507;56;16;40
16;420;54;17;37
16;333;60;18;42
16;246;53;21;32
16;159;75;29;46
16;72;54;19;35
16;1552;39;11;28
16;1465;36;11;25
16;1378;38;11;27
16;1291;48;18;30
16;1204;44;16;28
16;1117;60;26;34
16;1030;49;17;32
16;943;62;18;44
16;856;36;12;24
16;769;52;21;31
16;682;47;15;32
16;595;55;14;41
16;508;52;15;37
16;421;54;16;38
16;334;51;18;33
16;247;72;26;46
16;160;51;17;34
16;73;52;20;32
16;1553;35;10;25
16;1466;37;10;27
16;1379;49;19;30
16;1292;44;16;28
16;1205;56;24;32
16;1118;48;16;32
16;1031;63;18;45
16;944;38;14;24
16;857;51;21;30
16;770;45;14;31
16;683;54;14;40
16;596;53;14;39
16;509;49;14;35
16;422;52;18;34
16;335;68;24;44
16;248;50;17;33
16;161;51;20;31
16;74;64;24;40
16;1554;35;9;26
16;1467;47;18;29
16;1380;46;18;28
16;1293;56;24;32
16;1206;46;15;31
16;1119;62;17;45
16;1032;38;13;25
16;945;47;16;31
16;858;42;13;29
16;771;52;14;38
16;684;53;14;39
16;597;46;13;33
16;510;51;18;33
16;423;66;25;41
16;336;50;17;33
16;249;52;20;32
16;162;61;22;39
16;75;40;12;28
16;1555;44;16;28
16;1468;46;18;28
16;1381;55;23;32
16;1294;43;13;30
16;1207;59;17;42
16;1120;38;13;25
16;1033;47;17;30
16;946;41;12;29
16;859;49;13;36
16;772;51;14;37
16;685;46;13;33
16;598;48;17;31
16;511;60;22;38
16;424;49;15;34
16;337;50;20;30
16;250;61;22;39
16;163;39;13;26
16;76;57;15;42
16;1556;44;18;26
16;1469;57;24;33
16;1382;41;13;28
16;1295;55;15;40
16;1208;37;12;25
16;1121;43;16;27
16;1034;41;12;29
16;947;49;12;37
16;860;47;12;35
16;773;42;12;30
16;686;45;15;30
16;599;59;21;38
16;512;47;14;33
16;425;52;20;32
16;338;58;22;36
16;251;38;13;25
16;164;54;13;41
16;77;28;12;16
16;1557;55;23;32
16;1470;40;12;28
16;1383;53;12;41
16;1296;38;13;25
16;1209;42;15;27
16;1122;38;10;28
16;1035;49;11;38
16;948;48;12;36
16;861;37;11;26
16;774;44;15;29
16;687;55;22;33
16;600;46;12;34
16;513;47;20;27
16;426;57;22;35
16;339;34;10;24
16;252;50;12;38
16;165;26;12;14
16;78;56;18;38
16;1558;39;11;28
16;1471;51;12;39
16;1384;37;13;24
16;1297;42;15;27
16;1210;35;8;27
16;1123;48;10;38
16;1036;46;12;34
16;949;39;9;30
16;862;44;15;29
16;775;51;19;32
16;688;40;9;31
16;601;43;16;27
16;514;55;22;33
16;427;30;8;22
16;340;49;12;37
16;253;25;11;14
16;166;55;18;37
16;79;32;12;20
16;1559;48;12;36
16;1472;34;10;24
16;1385;40;14;26
16;1298;32;7;25
16;1211;47;9;38
16;1124;45;12;33
16;1037;37;9;28
16;950;45;13;32
16;863;49;17;32
16;776;38;9;29
16;689;37;14;23
16;602;48;20;28
16;515;29;8;21
16;428;44;11;33
16;341;24;11;13
16;254;55;15;40
16;167;25;10;15
16;80;32;12;20
16;1560;35;10;25
16;1473;40;14;26
16;1386;32;7;25
16;1299;45;7;38
16;1212;43;11;32
16;1125;36;9;27
16;1038;45;12;33
16;951;49;18;31
16;864;34;6;28
16;777;35;14;21
16;690;45;19;26
16;603;28;7;21
16;516;42;11;31
16;429;20;10;10
16;342;52;12;40
16;255;21;7;14
16;168;26;7;19
16;81;31;8;23
16;1561;40;14;26
16;1474;28;4;24
16;1387;42;7;35
16;1300;39;8;31
16;1213;34;9;25
16;1126;44;12;32
16;1039;48;18;30
16;952;34;6;28
16;865;30;11;19
16;778;42;18;24
16;691;28;7;21
16;604;41;11;30
16;517;19;9;10
16;430;51;11;40
16;343;19;5;14
16;256;26;7;19
16;169;28;6;22
16;82;24;6;18
16;1562;28;5;23
16;1475;35;5;30
16;1388;35;8;27
16;1301;34;9;25
16;1214;45;11;34
16;1127;43;14;29
16;1040;29;5;24
16;953;34;15;19
16;866;37;16;21
16;779;28;7;21
16;692;36;10;26
16;605;18;9;9
16;518;47;10;37
16;431;15;3;12
16;344;25;6;19
16;257;24;6;18
16;170;22;4;18
16;83;19;5;14
16;1563;35;6;29
16;1476;34;8;26
16;1389;33;8;25
16;1302;44;10;34
16;1215;38;13;25
16;1128;30;5;25
16;1041;28;13;15
16;954;38;13;25
16;867;27;6;21
16;780;34;8;26
16;693;13;6;7
16;606;39;9;30
16;519;14;3;11
16;432;23;5;18
16;345;22;5;17
16;258;20;4;16
16;171;17;5;12
16;84;15;2;13
16;1564;29;7;22
16;1477;33;8;25
16;1390;41;10;31
16;1303;32;10;22
16;1216;30;6;24
16;1129;25;13;12
16;1042;37;12;25
16;955;24;5;19
16;868;31;7;24
16;781;10;5;5
16;694;39;8;31
16;607;12;3;9
16;520;24;5;19
16;433;21;4;17
16;346;18;3;15
16;259;15;4;11
16;172;15;2;13
16;85;16;4;12
16;1565;183;40;143
16;1478;174;39;135
16;1391;152;35;117
16;1304;146;29;117
16;1217;131;26;105
16;1130;132;21;111
16;1043;117;19;98
16;956;126;25;101
16;869;110;26;84
16;782;115;27;88
16;695;91;24;67
16;608;99;26;73
16;521;91;25;66
16;434;84;20;64
16;347;81;21;60
16;260;80;21;59
16;173;88;24;64
16;86;79;25;54
16;1566;4168;1851;2317
16;1479;4254;1888;2366
16;1392;4330;1923;2407
16;1305;4371;1940;2431
16;1218;4369;1944;2425
16;1131;4460;1988;2472
16;1044;4532;2023;2509
16;957;4593;2056;2537
16;870;4679;2094;2585
16;783;4771;2153;2618
16;696;4861;2197;2664
16;609;4901;2215;2686
16;522;4971;2251;2720
16;435;5120;2311;2809
16;348;5240;2388;2852
16;261;5296;2417;2879
16;174;5362;2464;2898
16;87;5458;2516;2942
17;1480;219;124;95
17;1393;194;103;91
17;1306;229;118;111
17;1219;216;114;102
17;1132;224;119;105
17;1045;224;113;111
17;958;212;112;100
17;871;176;98;78
17;784;253;140;113
17;697;238;125;113
17;610;225;114;111
17;523;232;119;113
17;436;265;134;131
17;349;282;157;125
17;262;301;171;130
17;175;315;165;150
17;88;308;174;134
17;1;348;191;157
17;1481;192;99;93
17;1394;228;116;112
17;1307;216;114;102
17;1220;226;118;108
17;1133;221;110;111
17;1046;209;108;101
17;959;172;94;78
17;872;217;111;106
17;785;235;124;111
17;698;225;114;111
17;611;227;118;109
17;524;259;131;128
17;437;272;149;123
17;350;291;166;125
17;263;314;163;151
17;176;315;178;137
17;89;345;189;156
17;2;386;176;210
17;1482;217;109;108
17;1395;215;115;100
17;1308;220;115;105
17;1221;219;110;109
17;1134;198;100;98
17;1047;164;91;73
17;960;214;108;106
17;873;202;111;91
17;786;221;109;112
17;699;226;119;107
17;612;256;132;124
17;525;269;146;123
17;438;285;164;121
17;351;308;161;147
17;264;311;174;137
17;177;340;185;155
17;90;382;171;211
17;3;401;205;196
17;1483;209;109;100
17;1396;213;111;102
17;1309;219;110;109
17;1222;191;97;94
17;1135;161;89;72
17;1048;210;104;106
17;961;205;112;93
17;874;192;98;94
17;787;224;116;108
17;700;255;130;125
17;613;261;144;117
17;526;279;160;119
17;439;301;158;143
17;352;307;173;134
17;265;338;185;153
17;178;376;169;207
17;91;397;202;195
17;4;372;204;168
17;1484;210;112;98
17;1397;216;109;107
17;1310;187;97;90
17;1223;160;88;72
17;1136;209;102;107
17;1049;203;111;92
17;962;184;95;89
17;875;213;110;103
17;788;252;126;126
17;701;254;141;113
17;614;275;158;117
17;527;297;155;142
17;440;302;170;132
17;353;333;182;151
17;266;377;167;210
17;179;395;199;196
17;92;371;202;169
17;5;427;223;204
17;1485;214;107;107
17;1398;186;94;92
17;1311;155;82;73
17;1224;204;100;104
17;1137;198;106;92
17;1050;181;94;87
17;963;208;107;101
17;876;227;113;114
17;789;250;137;113
17;702;271;154;117
17;615;292;153;139
17;528;300;167;133
17;441;326;176;150
17;354;370;164;206
17;267;395;198;197
17;180;369;201;168
17;93;421;218;203
17;6;435;220;215
17;1486;179;93;86
17;1399;148;78;70
17;1312;196;95;101
17;1225;194;104;90
17;1138;180;94;86
17;1051;206;107;99
17;964;223;110;113
17;877;255;143;112
17;790;268;150;118
17;703;287;150;137
17;616;296;164;132
17;529;320;174;146
17;442;363;163;200
17;355;387;194;193
17;268;362;198;164
17;181;416;218;198
17;94;434;218;216
17;7;443;227;216
17;1487;144;76;68
17;1400;197;94;103
17;1313;193;104;89
17;1226;178;95;83
17;1139;203;105;98
17;1052;217;108;109
17;965;255;141;114
17;878;252;138;114
17;791;286;146;140
17;704;295;165;130
17;617;316;171;145
17;530;357;159;198
17;443;383;191;192
17;356;361;198;163
17;269;417;219;198
17;182;428;216;212
17;95;439;222;217
17;8;520;285;235
17;1488;189;88;101
17;1401;186;97;89
17;1314;183;98;85
17;1227;202;104;98
17;1140;213;106;107
17;1053;254;141;113
17;966;253;138;115
17;879;271;147;124
17;792;291;162;129
17;705;312;169;143
17;618;352;157;195
17;531;374;186;188
17;444;358;198;160
17;357;415;218;197
17;270;431;218;213
17;183;443;223;220
17;96;518;283;235
17;9;591;309;282
17;1489;180;95;85
17;1402;183;98;85
17;1315;202;103;99
17;1228;214;108;106
17;1141;254;141;113
17;1054;251;138;113
17;967;266;145;121
17;880;286;158;128
17;793;310;169;141
17;706;344;154;190
17;619;367;182;185
17;532;353;195;158
17;445;410;216;194
17;358;425;216;209
17;271;444;223;221
17;184;513;283;230
17;97;584;303;281
17;10;545;270;275
17;1490;173;92;81
17;1403;198;101;97
17;1316;212;106;106
17;1229;254;140;114
17;1142;252;141;111
17;1055;263;145;118
17;968;284;158;126
17;881;300;165;135
17;794;342;153;189
17;707;364;178;186
17;620;352;193;159
17;533;408;214;194
17;446;421;213;208
17;359;439;220;219
17;272;513;281;232
17;185;576;300;276
17;98;538;267;271
17;11;540;284;256
17;1491;200;101;99
17;1404;208;103;105
17;1317;256;143;113
17;1230;249;139;110
17;1143;260;144;116
17;1056;285;159;126
17;969;296;163;133
17;882;340;156;184
17;795;360;178;182
17;708;346;190;156
17;621;398;210;188
17;534;419;211;208
17;447;438;221;217
17;360;508;279;229
17;273;572;296;276
17;186;533;264;269
17;99;537;280;257
17;12;554;287;267
17;1492;207;102;105
17;1405;252;140;112
17;1318;248;139;109
17;1231;257;141;116
17;1144;283;158;125
17;1057;292;160;132
17;970;331;153;178
17;883;341;173;168
17;796;344;188;156
17;709;398;210;188
17;622;416;210;206
17;535;430;215;215
17;448;504;275;229
17;361;565;291;274
17;274;527;261;266
17;187;524;271;253
17;100;545;284;261
17;13;539;265;274
17;1493;252;139;113
17;1406;245;136;109
17;1319;252;139;113
17;1232;280;155;125
17;1145;289;158;131
17;1058;329;152;177
17;971;338;173;165
17;884;332;182;150
17;797;390;206;184
17;710;411;206;205
17;623;425;213;212
17;536;498;269;229
17;449;552;283;269
17;362;523;261;262
17;275;518;271;247
17;188;540;282;258
17;101;531;260;271
17;14;565;279;286
17;1494;236;129;107
17;1407;245;134;111
17;1320;277;153;124
17;1233;288;155;133
17;1146;329;151;178
17;1059;337;175;162
17;972;327;179;148
17;885;397;209;188
17;798;411;208;203
17;711;419;211;208
17;624;494;267;227
17;537;546;280;266
17;450;511;255;256
17;363;509;267;242
17;276;528;277;251
17;189;522;254;268
17;102;556;274;282
17;15;584;302;282
17;1495;239;130;109
17;1408;276;154;122
17;1321;286;154;132
17;1234;326;150;176
17;1147;339;174;165
17;1060;324;178;146
17;973;392;209;183
17;886;402;203;199
17;799;413;205;208
17;712;485;262;223
17;625;536;276;260
17;538;503;251;252
17;451;494;261;233
17;364;521;273;248
17;277;516;251;265
17;190;550;269;281
17;103;579;299;280
17;16;512;246;266
17;1496;273;151;122
17;1409;282;150;132
17;1322;323;149;174
17;1235;339;174;165
17;1148;325;181;144
17;1061;391;207;184
17;974;395;200;195
17;887;406;199;207
17;800;482;261;221
17;713;535;277;258
17;626;497;248;249
17;539;487;258;229
17;452;501;261;240
17;365;503;242;261
17;278;542;266;276
17;191;567;293;274
17;104;504;243;261
17;17;532;264;268
17;1497;278;147;131
17;1410;320;148;172
17;1323;335;173;162
17;1236;321;178;143
17;1149;391;207;184
17;1062;392;199;193
17;975;405;199;206
17;888;470;258;212
17;801;531;273;258
17;714;494;245;249
17;627;476;251;225
17;540;491;255;236
17;453;488;234;254
17;366;530;261;269
17;279;555;288;267
17;192;496;238;258
17;105;524;260;264
17;18;532;277;255
17;1498;308;140;168
17;1411;329;171;158
17;1324;314;172;142
17;1237;386;203;183
17;1150;392;199;193
17;1063;401;195;206
17;976;464;252;212
17;889;519;271;248
17;802;485;242;243
17;715;467;246;221
17;628;485;252;233
17;541;474;227;247
17;454;510;251;259
17;367;538;278;260
17;280;484;232;252
17;193;516;257;259
17;106;521;270;251
17;19;369;206;163
17;1499;311;168;143
17;1412;305;168;137
17;1325;382;202;180
17;1238;390;198;192
17;1151;397;193;204
17;1064;452;247;205
17;977;502;265;237
17;890;393;210;183
17;803;458;242;216
17;716;478;248;230
17;629;465;226;239
17;542;500;244;256
17;455;507;263;244
17;368;461;220;241
17;281;506;252;254
17;194;518;268;250
17;107;358;203;155
17;20;305;164;141
17;1500;292;160;132
17;1413;371;196;175
17;1326;381;192;189
17;1239;386;190;196
17;1152;442;243;199
17;1065;496;264;232
17;978;369;201;168
17;891;352;192;160
17;804;470;244;226
17;717;448;217;231
17;630;482;237;245
17;543;490;256;234
17;456;427;204;223
17;369;491;243;248
17;282;503;260;243
17;195;349;199;150
17;108;304;164;140
17;21;305;194;111
17;1501;348;181;167
17;1414;370;184;186
17;1327;382;188;194
17;1240;431;237;194
17;1153;485;252;233
17;1066;363;198;165
17;979;338;185;153
17;892;366;201;165
17;805;439;211;228
17;718;466;228;238
17;631;475;250;225
17;544;405;195;210
17;457;456;228;228
17;370;486;247;239
17;283;341;195;146
17;196;299;161;138
17;109;305;192;113
17;22;295;157;138
17;1502;339;173;166
17;1415;370;181;189
17;1328;427;237;190
17;1241;471;248;223
17;1154;360;197;163
17;1067;325;180;145
17;980;342;189;153
17;893;319;164;155
17;806;451;218;233
17;719;465;243;222
17;632;389;188;201
17;545;440;219;221
17;458;454;236;218
17;371;321;183;138
17;284;291;156;135
17;197;312;193;119
17;110;293;153;140
17;23;352;199;153
17;1503;345;172;173
17;1416;402;226;176
17;1329;455;242;213
17;1242;355;190;165
17;1155;320;177;143
17;1068;322;177;145
17;981;298;155;143
17;894;331;167;164
17;807;448;234;214
17;720;373;182;191
17;633;419;208;211
17;546;435;225;210
17;459;302;173;129
17;372;283;149;134
17;285;306;186;120
17;198;291;150;141
17;111;349;196;153
17;24;387;207;180
17;1504;367;203;164
17;1417;425;233;192
17;1330;331;175;156
17;1243;315;174;141
17;1156;310;169;141
17;1069;284;150;134
17;982;308;156;152
17;895;337;176;161
17;808;351;175;176
17;721;400;205;195
17;634;414;220;194
17;547;289;168;121
17;460;260;138;122
17;373;289;181;108
17;286;289;148;141
17;199;346;192;154
17;112;376;200;176
17;25;387;208;179
17;1505;386;215;171
17;1418;307;169;138
17;1331;298;160;138
17;1244;297;170;127
17;1157;263;137;126
17;1070;290;152;138
17;983;315;164;151
17;896;212;117;95
17;809;381;192;189
17;722;396;211;185
17;635;272;159;113
17;548;247;127;120
17;461;262;158;104
17;374;275;145;130
17;287;339;188;151
17;200;365;198;167
17;113;380;203;177
17;26;429;221;208
17;1506;274;156;118
17;1419;270;146;124
17;1332;265;153;112
17;1245;249;130;119
17;1158;279;147;132
17;1071;283;151;132
17;984;184;105;79
17;897;251;129;122
17;810;368;196;172
17;723;252;147;105
17;636;238;120;118
17;549;245;149;96
17;462;254;132;122
17;375;321;180;141
17;288;355;186;169
17;201;373;197;176
17;114;422;219;203
17;27;413;212;201
17;1507;247;136;111
17;1420;240;143;97
17;1333;230;125;105
17;1246;263;145;118
17;1159;263;140;123
17;1072;161;94;67
17;985;228;118;110
17;898;242;127;115
17;811;241;141;100
17;724;221;111;110
17;637;232;142;90
17;550;239;126;113
17;463;297;166;131
17;376;342;176;166
17;289;360;192;168
17;202;412;209;203
17;115;401;205;196
17;28;478;235;243
17;1508;214;130;84
17;1421;205;112;93
17;1334;246;137;109
17;1247;247;134;113
17;1160;144;88;56
17;1073;209;112;97
17;986;228;124;104
17;899;191;107;84
17;812;208;107;101
17;725;216;134;82
17;638;227;115;112
17;551;290;160;130
17;464;322;166;156
17;377;346;182;164
17;290;394;200;194
17;203;394;200;194
17;116;464;225;239
17;29;505;262;243
17;1509;178;103;75
17;1422;236;131;105
17;1335;233;129;104
17;1248;134;82;52
17;1161;195;103;92
17;1074;216;116;100
17;987;173;95;78
17;900;235;111;124
17;813;209;129;80
17;726;208;108;100
17;639;271;152;119
17;552;308;159;149
17;465;334;180;154
17;378;383;196;187
17;291;377;188;189
17;204;462;225;237
17;117;488;252;236
17;30;505;250;255
17;1510;207;120;87
17;1423;205;114;91
17;1336;129;76;53
17;1249;177;93;84
17;1162;200;107;93
17;1075;165;90;75
17;988;213;96;117
17;901;210;119;91
17;814;201;103;98
17;727;265;148;117
17;640;302;157;145
17;553;323;177;146
17;466;374;192;182
17;379;364;187;177
17;292;457;222;235
17;205;475;250;225
17;118;493;244;249
17;31;484;252;232
17;1511;184;104;80
17;1424;116;66;50
17;1337;169;88;81
17;1250;187;100;87
17;1163;151;85;66
17;1076;202;90;112
17;989;194;110;84
17;902;208;101;107
17;815;255;143;112
17;728;295;150;145
17;641;310;167;143
17;554;362;185;177
17;467;345;177;168
17;380;439;216;223
17;293;468;245;223
17;206;486;240;246
17;119;474;247;227
17;32;517;274;243
17;1512;100;57;43
17;1425;159;86;73
17;1338;182;98;84
17;1251;150;84;66
17;1164;191;84;107
17;1077;193;110;83
17;990;198;92;106
17;903;271;139;132
17;816;284;142;142
17;729;293;158;135
17;642;351;178;173
17;555;338;172;166
17;468;426;207;219
17;381;455;238;217
17;294;475;233;242
17;207;476;246;230
17;120;507;267;240
17;33;497;255;242
17;1513;138;72;66
17;1426;162;92;70
17;1339;146;83;63
17;1252;187;79;108
17;1165;191;109;82
17;1078;189;86;103
17;991;252;129;123
17;904;289;148;141
17;817;275;149;126
17;730;340;171;169
17;643;330;168;162
17;556;417;199;218
17;469;438;225;213
17;382;462;228;234
17;295;463;237;226
17;208;501;263;238
17;121;489;248;241
17;34;518;255;263
17;1514;139;81;58
17;1427;135;78;57
17;1340;180;76;104
17;1253;182;104;78
17;1166;181;85;96
17;1079;241;123;118
17;992;273;142;131
17;905;289;143;146
17;818;329;166;163
17;731;316;158;158
17;644;409;192;217
17;557;427;219;208
17;470;446;219;227
17;383;449;230;219
17;296;491;255;236
17;209;484;246;238
17;122;512;251;261
17;35;472;240;232
17;1515;121;71;50
17;1428;173;73;100
17;1341;178;101;77
17;1254;171;79;92
17;1167;227;117;110
17;1080;259;132;127
17;993;276;134;142
17;906;332;166;166
17;819;308;155;153
17;732;396;185;211
17;645;416;218;198
17;558;438;214;224
17;471;441;222;219
17;384;480;249;231
17;297;478;246;232
17;210;505;247;258
17;123;463;233;230
17;36;453;236;217
17;1516;170;73;97
17;1429;169;95;74
17;1342;164;77;87
17;1255;224;114;110
17;1168;251;126;125
17;1081;275;134;141
17;994;326;166;160
17;907;323;154;169
17;820;383;180;203
17;733;408;212;196
17;646;428;207;221
17;559;426;214;212
17;472;466;240;226
17;385;466;236;230
17;298;502;245;257
17;211;462;231;231
17;124;447;233;214
17;37;490;255;235
17;1517;167;95;72
17;1430;153;72;81
17;1343;222;109;113
17;1256;251;123;128
17;1169;274;134;140
17;1082;314;162;152
17;995;317;154;163
17;908;381;170;211
17;821;396;204;192
17;734;417;204;213
17;647;420;210;210
17;560;459;235;224
17;473;447;226;221
17;386;488;239;249
17;299;453;224;229
17;212;444;230;214
17;125;484;251;233
17;38;492;243;249
17;1518;148;70;78
17;1431;205;101;104
17;1344;246;123;123
17;1257;262;125;137
17;1170;308;160;148
17;1083;307;145;162
17;996;367;163;204
17;909;416;214;202
17;822;407;198;209
17;735;406;201;205
17;648;444;228;216
17;561;441;223;218
17;474;477;236;241
17;387;442;217;225
17;300;443;228;215
17;213;482;250;232
17;126;480;237;243
17;39;485;238;247
17;1519;201;98;103
17;1432;239;119;120
17;1345;255;122;133
17;1258;302;155;147
17;1171;303;143;160
17;1084;364;161;203
17;997;413;211;202
17;910;425;201;224
17;823;396;194;202
17;736;435;223;212
17;649;426;215;211
17;562;467;232;235
17;475;430;209;221
17;388;431;221;210
17;301;477;247;230
17;214;478;236;242
17;127;478;235;243
17;40;491;246;245
17;1520;229;111;118
17;1433;255;126;129
17;1346;298;156;142
17;1259;301;144;157
17;1172;360;159;201
17;1085;403;209;194
17;998;421;196;225
17;911;407;204;203
17;824;431;218;213
17;737;410;205;205
17;650;457;226;231
17;563;420;202;218
17;476;419;213;206
17;389;467;241;226
17;302;472;233;239
17;215;468;228;240
17;128;484;241;243
17;41;516;267;249
17;1521;247;122;125
17;1434;286;151;135
17;1347;290;137;153
17;1260;359;158;201
17;1173;399;205;194
17;1086;410;191;219
17;999;402;202;200
17;912;441;224;217
17;825;406;201;205
17;738;449;220;229
17;651;410;195;215
17;564;412;209;203
17;477;452;230;222
17;390;465;229;236
17;303;464;227;237
17;216;478;238;240
17;129;509;262;247
17;42;488;254;234
17;1522;284;149;135
17;1435;283;132;151
17;1348;354;157;197
17;1261;395;203;192
17;1174;413;191;222
17;1087;396;199;197
17;1000;434;219;215
17;913;424;215;209
17;826;440;213;227
17;739;399;188;211
17;652;401;203;198
17;565;445;225;220
17;478;452;221;231
17;391;454;221;233
17;304;475;237;238
17;217;503;258;245
17;130;481;251;230
17;43;494;248;246
17;1523;282;129;153
17;1436;351;155;196
17;1349;393;201;192
17;1262;406;186;220
17;1175;391;199;192
17;1088;427;212;215
17;1001;417;212;205
17;914;441;217;224
17;827;393;186;207
17;740;395;199;196
17;653;431;219;212
17;566;442;214;228
17;479;447;214;233
17;392;470;235;235
17;305;495;254;241
17;218;474;248;226
17;131;490;247;243
17;44;430;207;223
17;1524;344;152;192
17;1437;382;198;184
17;1350;404;187;217
17;1263;387;198;189
17;1176;426;212;214
17;1089;414;207;207
17;1002;438;217;221
17;915;395;194;201
17;828;388;194;194
17;741;422;214;208
17;654;437;212;225
17;567;443;211;232
17;480;457;228;229
17;393;490;252;238
17;306;462;241;221
17;219;490;248;242
17;132;428;207;221
17;45;396;188;208
17;1525;367;185;182
17;1438;391;180;211
17;1351;384;194;190
17;1264;422;210;212
17;1177;417;210;207
17;1090;433;218;215
17;1003;387;189;198
17;916;383;194;189
17;829;411;210;201
17;742;428;205;223
17;655;435;207;228
17;568;451;224;227
17;481;486;248;238
17;394;456;238;218
17;307;491;250;241
17;220;425;206;219
17;133;389;186;203
17;46;455;219;236
17;1526;380;176;204
17;1439;381;192;189
17;1352;423;210;213
17;1265;412;209;203
17;1178;421;206;215
17;1091;382;185;197
17;1004;382;195;187
17;917;421;220;201
17;830;422;200;222
17;743;428;202;226
17;656;443;218;225
17;569;481;242;239
17;482;447;233;214
17;395;485;247;238
17;308;424;206;218
17;221;384;183;201
17;134;446;213;233
17;47;396;186;210
17;1527;371;186;185
17;1440;415;206;209
17;1353;415;209;206
17;1266;419;205;214
17;1179;382;186;196
17;1092;377;191;186
17;1005;411;212;199
17;918;435;207;228
17;831;422;201;221
17;744;430;210;220
17;657;474;237;237
17;570;445;234;211
17;483;473;240;233
17;396;416;201;215
17;309;381;181;200
17;222;438;208;230
17;135;395;187;208
17;48;359;184;175
17;1528;408;200;208
17;1441;409;205;204
17;1354;412;199;213
17;1267;380;181;199
17;1180;373;188;185
17;1093;408;211;197
17;1006;437;209;228
17;919;429;211;218
17;832;423;206;217
17;745;466;233;233
17;658;435;227;208
17;571;462;232;230
17;484;410;198;212
17;397;371;174;197
17;310;431;205;226
17;223;391;184;207
17;136;355;181;174
17;49;375;198;177
17;1529;398;199;199
17;1442;410;197;213
17;1355;379;177;202
17;1268;372;186;186
17;1181;406;210;196
17;1094;432;208;224
17;1007;419;201;218
17;920;432;210;222
17;833;458;229;229
17;746;423;219;204
17;659;452;223;229
17;572;395;191;204
17;485;359;166;193
17;398;424;203;221
17;311;393;186;207
17;224;349;176;173
17;137;364;190;174
17;50;425;198;227
17;1530;404;196;208
17;1443;368;171;197
17;1356;373;185;188
17;1269;405;209;196
17;1182;429;207;222
17;1095;412;197;215
17;1008;426;205;221
17;921;467;240;227
17;834;419;216;203
17;747;443;217;226
17;660;394;190;204
17;573;351;162;189
17;486;412;194;218
17;399;386;180;206
17;312;348;173;175
17;225;362;190;172
17;138;419;194;225
17;51;424;208;216
17;1531;361;166;195
17;1444;371;184;187
17;1357;401;205;196
17;1270;430;207;223
17;1183;411;196;215
17;1096;421;202;219
17;1009;461;236;225
17;922;431;215;216
17;835;435;212;223
17;748;386;185;201
17;661;342;159;183
17;574;402;189;213
17;487;374;173;201
17;400;339;166;173
17;313;358;188;170
17;226;415;193;222
17;139;414;202;212
17;52;422;199;223
17;1532;365;181;184
17;1445;393;201;192
17;1358;420;199;221
17;1271;405;195;210
17;1184;413;197;216
17;1097;459;235;224
17;1010;426;211;215
17;923;443;216;227
17;836;378;180;198
17;749;336;155;181
17;662;392;183;209
17;575;368;168;200
17;488;326;158;168
17;401;353;186;167
17;314;409;190;219
17;227;406;198;208
17;140;419;196;223
17;53;377;168;209
17;1533;384;196;188
17;1446;415;194;221
17;1359;402;194;208
17;1272;407;194;213
17;1185;453;229;224
17;1098;419;207;212
17;1011;442;214;228
17;924;380;181;199
17;837;330;150;180
17;750;382;177;205
17;663;362;164;198
17;576;317;151;166
17;489;343;179;164
17;402;402;185;217
17;315;403;196;207
17;228;417;195;222
17;141;372;168;204
17;54;403;185;218
17;1534;409;191;218
17;1447;394;192;202
17;1360;405;192;213
17;1273;449;226;223
17;1186;415;204;211
17;1099;437;210;227
17;1012;369;172;197
17;925;351;160;191
17;838;375;173;202
17;751;349;156;193
17;664;309;146;163
17;577;342;175;167
17;490;388;176;212
17;403;393;189;204
17;316;414;195;219
17;229;368;165;203
17;142;396;181;215
17;55;343;172;171
17;1535;386;186;200
17;1448;396;187;209
17;1361;440;220;220
17;1274;405;197;208
17;1187;431;204;227
17;1100;362;169;193
17;1013;341;152;189
17;926;392;181;211
17;839;337;149;188
17;752;303;141;162
17;665;332;169;163
17;578;381;171;210
17;491;383;183;200
17;404;411;191;220
17;317;358;157;201
17;230;391;177;214
17;143;332;165;167
17;56;379;171;208
17;1536;389;180;209
17;1449;434;217;217
17;1362;395;192;203
17;1275;426;201;225
17;1188;359;166;193
17;1101;341;152;189
17;1014;388;181;207
17;927;344;147;197
17;840;294;139;155
17;753;326;164;162
17;666;365;161;204
17;579;370;174;196
17;492;402;186;216
17;405;353;154;199
17;318;387;174;213
17;231;326;161;165
17;144;369;167;202
17;57;368;185;183
17;1537;428;214;214
17;1450;386;184;202
17;1363;420;200;220
17;1276;352;162;190
17;1189;334;147;187
17;1102;382;176;206
17;1015;340;143;197
17;928;301;148;153
17;841;320;163;157
17;754;356;155;201
17;667;360;167;193
17;580;391;179;212
17;493;344;149;195
17;406;382;171;211
17;319;319;157;162
17;232;362;162;200
17;145;361;181;180
17;58;448;204;244
17;1538;380;178;202
17;1451;417;198;219
17;1364;350;160;190
17;1277;327;143;184
17;1190;382;175;207
17;1103;335;138;197
17;1016;299;147;152
17;929;329;165;164
17;842;349;151;198
17;755;347;159;188
17;668;378;170;208
17;581;337;145;192
17;494;373;167;206
17;407;314;155;159
17;320;357;162;195
17;233;354;176;178
17;146;434;197;237
17;59;461;209;252
17;1539;408;192;216
17;1452;349;159;190
17;1365;322;137;185
17;1278;378;172;206
17;1191;328;136;192
17;1104;296;145;151
17;1017;325;162;163
17;930;359;152;207
17;843;344;156;188
17;756;370;164;206
17;669;323;134;189
17;582;366;162;204
17;495;305;150;155
17;408;353;159;194
17;321;351;175;176
17;234;430;194;236
17;147;450;204;246
17;60;481;212;269
17;1540;347;156;191
17;1453;317;135;182
17;1366;372;170;202
17;1279;328;135;193
17;1192;290;140;150
17;1105;320;156;164
17;1018;352;148;204
17;931;369;168;201
17;844;359;157;202
17;757;313;128;185
17;670;364;162;202
17;583;293;142;151
17;496;336;145;191
17;409;346;169;177
17;322;425;192;233
17;235;443;198;245
17;148;478;210;268
17;61;412;180;232
17;1541;313;132;181
17;1454;367;167;200
17;1367;329;135;194
17;1280;285;137;148
17;1193;316;152;164
17;1106;345;142;203
17;1019;363;166;197
17;932;355;152;203
17;845;304;123;181
17;758;358;159;199
17;671;286;139;147
17;584;330;142;188
17;497;333;161;172
17;410;414;184;230
17;323;436;194;242
17;236;471;206;265
17;149;406;172;234
17;62;444;199;245
17;1542;360;163;197
17;1455;322;130;192
17;1368;274;128;146
17;1281;313;149;164
17;1194;343;140;203
17;1107;359;163;196
17;1020;351;149;202
17;933;309;123;186
17;846;346;150;196
17;759;280;137;143
17;672;323;135;188
17;585;323;153;170
17;498;404;178;226
17;411;428;189;239
17;324;463;204;259
17;237;403;169;234
17;150;438;198;240
17;63;415;173;242
17;1543;317;125;192
17;1456;269;124;145
17;1369;307;147;160
17;1282;335;131;204
17;1195;349;158;191
17;1108;342;143;199
17;1021;306;121;185
17;934;351;153;198
17;847;273;133;140
17;760;316;130;186
17;673;309;143;166
17;586;387;167;220
17;499;416;181;235
17;412;452;198;254
17;325;393;163;230
17;238;438;200;238
17;151;415;173;242
17;64;437;168;269
17;1544;260;117;143
17;1457;305;145;160
17;1370;329;128;201
17;1283;339;151;188
17;1196;338;138;200
17;1109;303;120;183
17;1022;340;143;197
17;935;278;131;147
17;848;303;122;181
17;761;299;134;165
17;674;376;161;215
17;587;403;173;230
17;500;433;187;246
17;413;388;160;228
17;326;420;190;230
17;239;407;170;237
17;152;434;165;269
17;65;439;189;250
17;1545;300;144;156
17;1458;315;120;195
17;1371;336;148;188
17;1284;334;135;199
17;1197;300;117;183
17;1110;326;138;188
17;1023;273;126;147
17;936;307;127;180
17;849;280;121;159
17;762;367;154;213
17;675;393;167;226
17;588;421;180;241
17;501;379;153;226
17;414;410;184;226
17;327;405;164;241
17;240;431;164;267
17;153;431;181;250
17;66;404;162;242
17;1546;305;115;190
17;1459;328;145;183
17;1372;329;132;197
17;1285;293;112;181
17;1198;318;135;183
17;1111;266;122;144
17;1024;306;126;180
17;937;285;126;159
17;850;349;145;204
17;763;379;159;220
17;676;407;171;236
17;589;366;148;218
17;502;398;176;222
17;415;395;156;239
17;328;427;159;268
17;241;426;175;251
17;154;391;156;235
17;67;428;166;262
17;1547;311;135;176
17;1460;310;120;190
17;1373;290;109;181
17;1286;317;134;183
17;1199;257;115;142
17;1112;296;117;179
17;1025;275;122;153
17;938;357;142;215
17;851;369;154;215
17;764;380;154;226
17;677;350;138;212
17;590;391;172;219
17;503;380;145;235
17;416;420;155;265
17;329;414;166;248
17;242;390;154;236
17;155;422;164;258
17;68;428;185;243
17;1548;302;117;185
17;1461;285;107;178
17;1374;310;131;179
17;1287;246;105;141
17;1200;282;109;173
17;1113;265;118;147
17;1026;349;138;211
17;939;365;151;214
17;852;361;139;222
17;765;336;131;205
17;678;378;163;215
17;591;368;138;230
17;504;410;150;260
17;417;405;158;247
17;330;380;148;232
17;243;408;150;258
17;156;423;182;241
17;69;427;171;256
17;1549;275;101;174
17;1462;302;126;176
17;1375;237;101;136
17;1288;274;104;170
17;1201;250;107;143
17;1114;335;131;204
17;1027;354;146;208
17;940;355;133;222
17;853;320;121;199
17;766;366;157;209
17;679;354;128;226
17;592;397;140;257
17;505;395;153;242
17;418;368;141;227
17;331;404;146;258
17;244;419;177;242
17;157;412;160;252
17;70;378;152;226
17;1550;289;120;169
17;1463;227;98;129
17;1376;269;101;168
17;1289;242;99;143
17;1202;320;122;198
17;1115;345;141;204
17;1028;350;128;222
17;941;314;116;198
17;854;353;145;208
17;767;347;125;222
17;680;392;137;255
17;593;378;140;238
17;506;356;136;220
17;419;393;142;251
17;332;406;169;237
17;245;405;155;250
17;158;376;151;225
17;71;386;143;243
17;1551;217;91;126
17;1464;258;94;164
17;1377;232;91;141
17;1290;310;117;193
17;1203;337;136;201
17;1116;341;122;219
17;1029;308;113;195
17;942;357;146;211
17;855;336;119;217
17;768;375;125;250
17;681;369;133;236
17;594;334;123;211
17;507;377;136;241
17;420;392;158;234
17;333;400;153;247
17;246;365;144;221
17;159;376;135;241
17;72;360;125;235
17;1552;249;88;161
17;1465;225;90;135
17;1378;301;112;189
17;1291;320;123;197
17;1204;330;115;215
17;1117;296;109;187
17;1030;352;140;212
17;943;325;115;210
17;856;364;117;247
17;769;356;126;230
17;682;322;118;204
17;595;368;130;238
17;508;382;151;231
17;421;392;148;244
17;334;352;133;219
17;247;360;128;232
17;160;349;118;231
17;73;389;135;254
17;1553;216;86;130
17;1466;290;104;186
17;1379;308;116;192
17;1292;316;107;209
17;1205;280;101;179
17;1118;340;129;211
17;1031;311;108;203
17;944;356;112;244
17;857;342;121;221
17;770;314;115;199
17;683;354;121;233
17;596;371;144;227
17;509;373;137;236
17;422;345;132;213
17;335;356;125;231
17;248;333;110;223
17;161;379;129;250
17;74;342;115;227
17;1554;280;97;183
17;1467;293;108;185
17;1380;307;102;205
17;1293;260;93;167
17;1206;320;119;201
17;1119;299;99;200
17;1032;342;105;237
17;945;334;120;214
17;858;288;97;191
17;771;342;118;224
17;684;350;132;218
17;597;361;131;230
17;510;325;120;205
17;423;349;122;227
17;336;321;104;217
17;249;364;120;244
17;162;331;112;219
17;75;335;105;230
17;1555;277;97;180
17;1468;291;94;197
17;1381;252;89;163
17;1294;307;112;195
17;1207;291;93;198
17;1120;334;103;231
17;1033;324;112;212
17;946;284;97;187
17;859;321;104;217
17;772;340;124;216
17;685;347;122;225
17;598;311;114;197
17;511;325;105;220
17;424;305;97;208
17;337;350;114;236
17;250;316;102;214
17;163;325;100;225
17;76;326;87;239
17;1556;282;88;194
17;1469;244;81;163
17;1382;288;101;187
17;1295;274;88;186
17;1208;320;97;223
17;1121;315;109;206
17;1034;274;92;182
17;947;312;104;208
17;860;319;114;205
17;773;328;109;219
17;686;291;107;184
17;599;305;98;207
17;512;295;93;202
17;425;338;109;229
17;338;307;100;207
17;251;311;91;220
17;164;319;85;234
17;77;281;84;197
17;1557;232;74;158
17;1470;275;94;181
17;1383;266;83;183
17;1296;307;92;215
17;1209;300;100;200
17;1122;262;88;174
17;1035;294;94;200
17;948;316;114;202
17;861;317;104;213
17;774;278;101;177
17;687;285;89;196
17;600;281;85;196
17;513;325;105;220
17;426;287;88;199
17;339;295;80;215
17;252;304;78;226
17;165;267;77;190
17;78;293;97;196
17;1558;257;81;176
17;1471;257;77;180
17;1384;295;86;209
17;1297;290;95;195
17;1210;247;82;165
17;1123;284;89;195
17;1036;301;104;197
17;949;300;94;206
17;862;256;88;168
17;775;268;84;184
17;688;264;75;189
17;601;296;93;203
17;514;265;76;189
17;427;288;77;211
17;340;289;68;221
17;253;252;73;179
17;166;276;92;184
17;79;260;83;177
17;1559;248;72;176
17;1472;284;80;204
17;1385;279;90;189
17;1298;232;76;156
17;1211;264;83;181
17;1124;290;94;196
17;1037;283;87;196
17;950;241;77;164
17;863;252;75;177
17;776;246;64;182
17;689;276;82;194
17;602;250;76;174
17;515;268;71;197
17;428;272;65;207
17;341;228;62;166
17;254;262;85;177
17;167;240;74;166
17;80;252;78;174
17;1560;271;73;198
17;1473;257;79;178
17;1386;207;63;144
17;1299;250;78;172
17;1212;274;88;186
17;1125;255;78;177
17;1038;226;67;159
17;951;235;68;167
17;864;230;59;171
17;777;260;75;185
17;690;231;66;165
17;603;259;69;190
17;516;254;61;193
17;429;206;55;151
17;342;250;81;169
17;255;221;63;158
17;168;245;78;167
17;81;211;54;157
17;1561;238;68;170
17;1474;199;60;139
17;1387;232;73;159
17;1300;260;83;177
17;1213;232;69;163
17;1126;212;62;150
17;1039;216;61;155
17;952;210;54;156
17;865;238;70;168
17;778;209;56;153
17;691;236;60;176
17;604;235;53;182
17;517;186;47;139
17;430;225;72;153
17;343;209;61;148
17;256;229;70;159
17;169;189;45;144
17;82;122;29;93
17;1562;184;51;133
17;1475;219;69;150
17;1388;236;71;165
17;1301;218;62;156
17;1214;190;53;137
17;1127;204;55;149
17;1040;194;50;144
17;953;222;64;158
17;866;187;47;140
17;779;219;56;163
17;692;211;45;166
17;605;166;40;126
17;518;205;62;143
17;431;181;48;133
17;344;215;64;151
17;257;175;42;133
17;170;111;26;85
17;83;84;13;71
17;1563;204;63;141
17;1476;217;65;152
17;1389;201;57;144
17;1302;171;45;126
17;1215;190;50;140
17;1128;173;42;131
17;1041;208;59;149
17;954;182;46;136
17;867;198;51;147
17;780;183;34;149
17;693;149;35;114
17;606;186;55;131
17;519;167;42;125
17;432;196;58;138
17;345;154;36;118
17;258;102;24;78
17;171;78;13;65
17;84;80;21;59
17;1564;199;56;143
17;1477;182;52;130
17;1390;160;42;118
17;1303;177;45;132
17;1216;157;39;118
17;1129;187;49;138
17;1042;169;39;130
17;955;178;39;139
17;868;165;31;134
17;781;141;33;108
17;694;169;49;120
17;607;155;36;119
17;520;168;52;116
17;433;134;32;102
17;346;90;22;68
17;259;76;12;64
17;172;78;19;59
17;85;78;28;50
17;1565;826;194;632
17;1478;783;181;602
17;1391;788;177;611
17;1304;767;177;590
17;1217;779;182;597
17;1130;743;161;582
17;1043;708;148;560
17;956;649;137;512
17;869;628;147;481
17;782;610;150;460
17;695;575;134;441
17;608;528;132;396
17;521;459;106;353
17;434;449;109;340
17;347;472;118;354
17;260;525;137;388
17;173;566;152;414
17;86;592;145;447
17;1566;23778;10974;12804
17;1479;24645;11411;13234
17;1392;25418;11751;13667
17;1305;25937;11998;13939
17;1218;26473;12248;14225
17;1131;27026;12501;14525
17;1044;27632;12769;14863
17;957;28322;13109;15213
17;870;29439;13617;15822
17;783;30178;13996;16182
17;696;30959;14392;16567
17;609;31766;14804;16962
17;522;32515;15205;17310
17;435;33551;15747;17804
17;348;34266;16075;18191
17;261;34715;16281;18434
17;174;35063;16464;18599
17;87;35498;16672;18826
18;1480;169;85;84
18;1393;199;113;86
18;1306;211;97;114
18;1219;186;98;88
18;1132;185;91;94
18;1045;188;82;106
18;958;175;90;85
18;871;172;86;86
18;784;187;95;92
18;697;197;94;103
18;610;151;81;70
18;523;166;81;85
18;436;193;97;96
18;349;161;84;77
18;262;162;87;75
18;175;148;70;78
18;88;182;89;93
18;1;212;94;118
18;1481;200;115;85
18;1394;207;95;112
18;1307;187;100;87
18;1220;191;94;97
18;1133;192;86;106
18;1046;177;92;85
18;959;175;88;87
18;872;167;89;78
18;785;194;91;103
18;698;149;77;72
18;611;164;78;86
18;524;186;94;92
18;437;159;82;77
18;350;161;85;76
18;263;146;67;79
18;176;174;85;89
18;89;208;94;114
18;2;243;116;127
18;1482;206;95;111
18;1395;175;88;87
18;1308;183;91;92
18;1221;190;85;105
18;1134;179;95;84
18;1047;170;84;86
18;960;169;92;77
18;873;171;82;89
18;786;153;80;73
18;699;167;81;86
18;612;186;95;91
18;525;157;81;76
18;438;156;83;73
18;351;146;68;78
18;264;178;86;92
18;177;205;91;114
18;90;240;115;125
18;3;214;108;106
18;1483;178;89;89
18;1396;184;91;93
18;1309;191;85;106
18;1222;181;93;88
18;1135;174;90;84
18;1048;162;89;73
18;961;168;79;89
18;874;134;64;70
18;787;168;82;86
18;700;186;93;93
18;613;152;80;72
18;526;158;85;73
18;439;146;67;79
18;352;176;85;91
18;265;204;92;112
18;178;241;116;125
18;91;210;104;106
18;4;257;125;132
18;1484;184;90;94
18;1397;190;87;103
18;1310;182;94;88
18;1223;168;85;83
18;1136;166;91;75
18;1049;165;78;87
18;962;135;65;70
18;875;160;80;80
18;788;189;96;93
18;701;155;83;72
18;614;157;83;74
18;527;146;65;81
18;440;175;83;92
18;353;202;91;111
18;266;239;116;123
18;179;207;102;105
18;92;255;124;131
18;5;256;134;122
18;1485;193;88;105
18;1398;178;92;86
18;1311;173;88;85
18;1224;165;89;76
18;1137;167;77;90
18;1050;132;61;71
18;963;156;77;79
18;876;174;88;86
18;789;156;82;74
18;702;158;87;71
18;615;146;65;81
18;528;176;84;92
18;441;201;92;109
18;354;234;114;120
18;267;204;102;102
18;180;253;123;130
18;93;251;131;120
18;6;307;149;158
18;1486;179;93;86
18;1399;169;85;84
18;1312;160;86;74
18;1225;165;78;87
18;1138;127;59;68
18;1051;153;74;79
18;964;168;86;82
18;877;160;84;76
18;790;155;87;68
18;703;144;66;78
18;616;178;85;93
18;529;201;89;112
18;442;232;115;117
18;355;201;100;101
18;268;252;121;131
18;181;251;130;121
18;94;301;147;154
18;7;333;186;147
18;1487;172;86;86
18;1400;153;84;69
18;1313;165;77;88
18;1226;125;58;67
18;1139;151;76;75
18;1052;168;86;82
18;965;159;84;75
18;878;144;74;70
18;791;143;65;78
18;704;179;86;93
18;617;198;88;110
18;530;233;116;117
18;443;200;98;102
18;356;250;121;129
18;269;248;130;118
18;182;301;147;154
18;95;336;187;149
18;8;382;184;198
18;1488;151;83;68
18;1401;162;75;87
18;1314;127;62;65
18;1227;150;77;73
18;1140;167;86;81
18;1053;157;83;74
18;966;144;72;72
18;879;162;76;86
18;792;176;85;91
18;705;199;88;111
18;618;233;118;115
18;531;203;101;102
18;444;247;118;129
18;357;248;129;119
18;270;299;146;153
18;183;334;188;146
18;96;380;184;196
18;9;398;186;212
18;1489;158;72;86
18;1402;123;59;64
18;1315;145;76;69
18;1228;163;84;79
18;1141;156;85;71
18;1054;145;73;72
18;967;162;76;86
18;880;174;84;90
18;793;197;87;110
18;706;232;118;114
18;619;202;101;101
18;532;248;118;130
18;445;250;131;119
18;358;294;144;150
18;271;334;186;148
18;184;378;184;194
18;97;396;185;211
18;10;410;218;192
18;1490;119;58;61
18;1403;149;78;71
18;1316;162;85;77
18;1229;155;84;71
18;1142;140;72;68
18;1055;158;75;83
18;968;178;86;92
18;881;197;92;105
18;794;228;117;111
18;707;202;100;102
18;620;245;116;129
18;533;247;128;119
18;446;293;142;151
18;359;331;185;146
18;272;372;181;191
18;185;392;183;209
18;98;410;221;189
18;11;413;208;205
18;1491;147;77;70
18;1404;160;84;76
18;1317;153;83;70
18;1230;142;73;69
18;1143;154;73;81
18;1056;174;85;89
18;969;192;91;101
18;882;237;117;120
18;795;204;100;104
18;708;244;114;130
18;621;245;128;117
18;534;295;143;152
18;447;329;185;144
18;360;372;181;191
18;273;392;183;209
18;186;412;222;190
18;99;412;207;205
18;12;425;222;203
18;1492;158;85;73
18;1405;156;83;73
18;1318;144;72;72
18;1231;158;76;82
18;1144;177;87;90
18;1057;188;86;102
18;970;235;116;119
18;883;196;102;94
18;796;242;113;129
18;709;244;129;115
18;622;292;142;150
18;535;324;182;142
18;448;369;178;191
18;361;385;181;204
18;274;409;221;188
18;187;405;203;202
18;100;419;218;201
18;13;410;235;175
18;1493;158;82;76
18;1406;145;71;74
18;1319;157;75;82
18;1232;178;87;91
18;1145;190;87;103
18;1058;233;115;118
18;971;191;97;94
18;884;244;117;127
18;797;243;128;115
18;710;289;139;150
18;623;324;179;145
18;536;367;177;190
18;449;378;178;200
18;362;404;219;185
18;275;403;201;202
18;188;416;215;201
18;101;399;227;172
18;14;452;237;215
18;1494;141;68;73
18;1407;153;74;79
18;1320;185;91;94
18;1233;191;90;101
18;1146;230;112;118
18;1059;193;99;94
18;972;243;114;129
18;885;247;132;115
18;798;289;141;148
18;711;317;175;142
18;624;367;177;190
18;537;374;173;201
18;450;404;213;191
18;363;393;195;198
18;276;408;212;196
18;189;394;223;171
18;102;451;236;215
18;15;448;227;221
18;1495;153;74;79
18;1408;186;93;93
18;1321;189;88;101
18;1234;228;112;116
18;1147;194;99;95
18;1060;241;113;128
18;973;246;131;115
18;886;294;144;150
18;799;310;172;138
18;712;367;177;190
18;625;376;174;202
18;538;402;210;192
18;451;386;190;196
18;364;404;209;195
18;277;391;222;169
18;190;440;230;210
18;103;444;224;220
18;16;432;214;218
18;1496;184;92;92
18;1409;186;88;98
18;1322;230;111;119
18;1235;192;99;93
18;1148;236;109;127
18;1061;247;132;115
18;974;292;145;147
18;887;318;176;142
18;800;364;175;189
18;713;375;172;203
18;626;396;208;188
18;539;382;187;195
18;452;393;202;191
18;365;382;217;165
18;278;432;224;208
18;191;436;219;217
18;104;426;211;215
18;17;442;217;225
18;1497;185;90;95
18;1410;231;111;120
18;1323;191;97;94
18;1236;239;110;129
18;1149;245;131;114
18;1062;294;146;148
18;975;315;174;141
18;888;362;168;194
18;801;370;169;201
18;714;401;210;191
18;627;379;187;192
18;540;388;199;189
18;453;371;208;163
18;366;422;218;204
18;279;430;216;214
18;192;419;206;213
18;105;435;212;223
18;18;388;201;187
18;1498;226;113;113
18;1411;186;97;89
18;1324;235;105;130
18;1237;243;132;111
18;1150;289;143;146
18;1063;313;173;140
18;976;356;166;190
18;889;357;158;199
18;802;396;208;188
18;715;380;187;193
18;628;379;193;186
18;541;362;201;161
18;454;408;210;198
18;367;422;211;211
18;280;408;199;209
18;193;428;205;223
18;106;381;194;187
18;19;310;153;157
18;1499;166;87;79
18;1412;220;97;123
18;1325;238;129;109
18;1238;285;142;143
18;1151;304;169;135
18;1064;344;157;187
18;977;333;148;185
18;890;318;170;148
18;803;375;183;192
18;716;374;189;185
18;629;356;198;158
18;542;400;206;194
18;455;403;198;205
18;368;402;197;205
18;281;418;199;219
18;194;381;194;187
18;107;296;146;150
18;20;248;146;102
18;1500;210;95;115
18;1413;230;126;104
18;1326;282;140;142
18;1239;296;162;134
18;1152;332;145;187
18;1065;323;142;181
18;978;310;168;142
18;891;294;147;147
18;804;367;187;180
18;717;356;198;158
18;630;390;200;190
18;543;397;194;203
18;456;378;183;195
18;369;405;192;213
18;282;365;184;181
18;195;291;145;146
18;108;240;139;101
18;21;198;104;94
18;1501;216;116;100
18;1414;274;134;140
18;1327;296;157;139
18;1240;325;142;183
18;1153;325;141;184
18;1066;296;159;137
18;979;285;137;148
18;892;289;141;148
18;805;346;191;155
18;718;378;193;185
18;631;387;188;199
18;544;370;180;190
18;457;386;183;203
18;370;355;182;173
18;283;281;135;146
18;196;234;138;96
18;109;196;101;95
18;22;231;131;100
18;1502;260;129;131
18;1415;294;156;138
18;1328;316;138;178
18;1241;317;140;177
18;1154;282;149;133
18;1067;282;142;140
18;980;273;130;143
18;893;290;156;134
18;806;367;185;182
18;719;382;188;194
18;632;360;176;184
18;545;376;176;200
18;458;343;176;167
18;371;289;138;151
18;284;227;138;89
18;197;199;99;100
18;110;224;128;96
18;23;242;133;109
18;1503;275;143;132
18;1416;297;132;165
18;1329;304;130;174
18;1242;260;141;119
18;1155;254;135;119
18;1068;255;124;131
18;981;281;151;130
18;894;286;146;140
18;807;368;180;188
18;720;360;176;184
18;633;364;173;191
18;546;335;170;165
18;459;266;127;139
18;372;222;136;86
18;285;186;93;93
18;198;223;124;99
18;111;233;127;106
18;24;231;110;121
18;1504;269;121;148
18;1417;292;128;164
18;1330;254;136;118
18;1243;252;131;121
18;1156;237;121;116
18;1069;273;144;129
18;982;263;144;119
18;895;295;150;145
18;808;343;168;175
18;721;350;168;182
18;634;326;165;161
18;547;260;123;137
18;460;209;130;79
18;373;183;91;92
18;286;211;118;93
18;199;232;128;104
18;112;225;107;118
18;25;297;141;156
18;1505;269;119;150
18;1418;232;125;107
18;1331;238;121;117
18;1244;228;114;114
18;1157;267;134;133
18;1070;254;136;118
18;983;266;137;129
18;896;272;132;140
18;809;339;162;177
18;722;315;159;156
18;635;245;117;128
18;548;201;127;74
18;461;173;92;81
18;374;206;121;85
18;287;224;127;97
18;200;222;107;115
18;113;291;140;151
18;26;268;150;118
18;1506;227;127;100
18;1419;218;119;99
18;1332;212;109;103
18;1245;255;129;126
18;1158;249;132;117
18;1071;241;126;115
18;984;244;113;131
18;897;251;134;117
18;810;305;154;151
18;723;239;117;122
18;636;194;119;75
18;549;159;85;74
18;462;194;121;73
18;375;221;127;94
18;288;212;103;109
18;201;284;139;145
18;114;259;141;118
18;27;290;156;134
18;1507;194;109;85
18;1420;209;105;104
18;1333;244;127;117
18;1246;245;130;115
18;1159;225;121;104
18;1072;244;108;136
18;985;239;125;114
18;898;228;116;112
18;811;232;116;116
18;724;186;116;70
18;637;165;92;73
18;550;192;123;69
18;463;218;123;95
18;376;218;107;111
18;289;278;135;143
18;202;246;136;110
18;115;276;151;125
18;28;310;144;166
18;1508;194;98;96
18;1421;230;118;112
18;1334;234;124;110
18;1247;211;112;99
18;1160;232;103;129
18;1073;232;120;112
18;986;207;105;102
18;899;238;114;124
18;812;173;111;62
18;725;156;87;69
18;638;189;120;69
18;551;207;117;90
18;464;201;98;103
18;377;266;129;137
18;290;247;131;116
18;203;272;148;124
18;116;303;138;165
18;29;340;177;163
18;1509;213;117;96
18;1422;237;124;113
18;1335;209;111;98
18;1248;225;102;123
18;1161;237;118;119
18;1074;196;98;98
18;987;219;96;123
18;900;205;110;95
18;813;151;85;66
18;726;188;119;69
18;639;205;118;87
18;552;196;96;100
18;465;263;126;137
18;378;239;131;108
18;291;257;134;123
18;204;300;138;162
18;117;330;171;159
18;30;368;174;194
18;1510;218;118;100
18;1423;193;98;95
18;1336;205;91;114
18;1249;225;110;115
18;1162;193;98;95
18;1075;213;97;116
18;988;197;102;95
18;901;196;102;94
18;814;183;112;71
18;727;207;123;84
18;640;190;91;99
18;553;261;125;136
18;466;232;126;106
18;379;252;127;125
18;292;304;140;164
18;205;319;164;155
18;118;357;170;187
18;31;361;180;181
18;1511;183;97;86
18;1424;190;85;105
18;1337;217;109;108
18;1250;198;97;101
18;1163;205;95;110
18;1076;185;94;91
18;989;186;96;90
18;902;180;106;74
18;815;207;123;84
18;728;186;94;92
18;641;261;123;138
18;554;231;124;107
18;467;247;124;123
18;380;305;144;161
18;293;307;155;152
18;206;356;166;190
18;119;349;172;177
18;32;358;176;182
18;1512;176;78;98
18;1425;198;101;97
18;1338;190;89;101
18;1251;187;86;101
18;1164;176;93;83
18;1077;181;91;90
18;990;160;94;66
18;903;198;108;90
18;816;181;87;94
18;729;257;118;139
18;642;230;126;104
18;555;240;120;120
18;468;302;138;164
18;381;299;150;149
18;294;350;164;186
18;207;349;172;177
18;120;349;172;177
18;33;413;199;214
18;1513;192;104;88
18;1426;186;86;100
18;1339;184;82;102
18;1252;182;92;90
18;1165;183;90;93
18;1078;153;88;65
18;991;184;102;82
18;904;188;89;99
18;817;253;118;135
18;730;223;120;103
18;643;234;116;118
18;556;298;133;165
18;469;293;148;145
18;382;339;159;180
18;295;344;169;175
18;208;352;174;178
18;121;405;194;211
18;34;399;199;200
18;1514;182;84;98
18;1427;181;82;99
18;1340;169;87;82
18;1253;180;87;93
18;1166;155;87;68
18;1079;185;104;81
18;992;189;88;101
18;905;236;109;127
18;818;217;115;102
18;731;235;116;119
18;644;299;131;168
18;557;291;142;149
18;470;328;152;176
18;383;337;165;172
18;296;350;176;174
18;209;403;194;209
18;122;396;196;200
18;35;387;193;194
18;1515;178;80;98
18;1428;164;79;85
18;1341;178;87;91
18;1254;156;86;70
18;1167;187;102;85
18;1080;190;88;102
18;993;234;108;126
18;906;211;105;106
18;819;234;118;116
18;732;300;128;172
18;645;293;145;148
18;558;327;152;175
18;471;340;168;172
18;384;345;172;173
18;297;391;184;207
18;210;390;189;201
18;123;382;188;194
18;36;395;187;208
18;1516;163;79;84
18;1429;175;83;92
18;1342;154;88;66
18;1255;191;103;88
18;1168;194;87;107
18;1081;228;107;121
18;994;210;104;106
18;907;244;119;125
18;820;300;131;169
18;733;294;145;149
18;646;325;152;173
18;559;337;166;171
18;472;342;169;173
18;385;389;183;206
18;298;384;187;197
18;211;376;185;191
18;124;389;183;206
18;37;406;177;229
18;1517;166;80;86
18;1430;146;83;63
18;1343;192;105;87
18;1256;195;84;111
18;1169;220;100;120
18;1082;210;103;107
18;995;239;121;118
18;908;278;119;159
18;821;286;138;148
18;734;314;147;167
18;647;332;165;167
18;560;334;165;169
18;473;389;182;207
18;386;376;184;192
18;299;386;189;197
18;212;385;181;204
18;125;397;172;225
18;38;426;208;218
18;1518;146;82;64
18;1431;184;100;84
18;1344;188;80;108
18;1257;218;96;122
18;1170;215;107;108
18;1083;246;127;119
18;996;276;121;155
18;909;295;143;152
18;822;317;151;166
18;735;333;165;168
18;648;330;162;168
18;561;381;174;207
18;474;360;172;188
18;387;380;186;194
18;300;385;180;205
18;213;396;174;222
18;126;421;205;216
18;39;452;207;245
18;1519;175;91;84
18;1432;189;81;108
18;1345;215;98;117
18;1258;211;105;106
18;1171;247;130;117
18;1084;271;115;156
18;997;293;142;151
18;910;318;143;175
18;823;331;161;170
18;736;335;164;171
18;649;373;170;203
18;562;355;169;186
18;475;380;186;194
18;388;372;173;199
18;301;390;169;221
18;214;416;203;213
18;127;445;202;243
18;40;452;203;249
18;1520;179;77;102
18;1433;215;100;115
18;1346;211;106;105
18;1259;244;128;116
18;1172;263;112;151
18;1085;298;147;151
18;998;318;145;173
18;911;321;147;174
18;824;331;160;171
18;737;368;163;205
18;650;351;169;182
18;563;374;183;191
18;476;367;170;197
18;389;379;163;216
18;302;410;200;210
18;215;444;202;242
18;128;446;199;247
18;41;430;204;226
18;1521;210;98;112
18;1434;213;104;109
18;1347;239;125;114
18;1260;259;108;151
18;1173;300;148;152
18;1086;312;142;170
18;999;323;146;177
18;912;322;157;165
18;825;361;157;204
18;738;353;170;183
18;651;375;185;190
18;564;357;165;192
18;477;375;163;212
18;390;402;196;206
18;303;434;199;235
18;216;437;194;243
18;129;426;202;224
18;42;467;212;255
18;1522;212;106;106
18;1435;239;128;111
18;1348;254;110;144
18;1261;302;145;157
18;1174;301;131;170
18;1087;316;140;176
18;1000;321;157;164
18;913;360;163;197
18;826;350;167;183
18;739;373;184;189
18;652;355;166;189
18;565;369;160;209
18;478;393;190;203
18;391;431;197;234
18;304;430;190;240
18;217;427;201;226
18;130;460;208;252
18;43;449;222;227
18;1523;231;123;108
18;1436;249;104;145
18;1349;291;138;153
18;1262;299;130;169
18;1175;314;136;178
18;1088;327;160;167
18;1001;356;163;193
18;914;361;171;190
18;827;367;177;190
18;740;348;162;186
18;653;366;155;211
18;566;389;184;205
18;479;417;188;229
18;392;426;189;237
18;305;427;202;225
18;218;458;206;252
18;131;443;218;225
18;44;359;186;173
18;1524;251;106;145
18;1437;291;141;150
18;1350;295;131;164
18;1263;307;133;174
18;1176;324;157;167
18;1089;354;162;192
18;1002;350;163;187
18;915;356;171;185
18;828;341;157;184
18;741;360;149;211
18;654;389;185;204
18;567;414;185;229
18;480;421;185;236
18;393;421;200;221
18;306;450;202;248
18;219;441;217;224
18;132;358;185;173
18;45;348;147;201
18;1525;287;139;148
18;1438;284;126;158
18;1351;310;131;179
18;1264;321;157;164
18;1177;346;157;189
18;1090;354;169;185
18;1003;351;166;185
18;916;338;158;180
18;829;356;143;213
18;742;387;185;202
18;655;412;187;225
18;568;413;181;232
18;481;415;199;216
18;394;437;197;240
18;307;432;210;222
18;220;352;178;174
18;133;342;145;197
18;46;323;147;176
18;1526;279;123;156
18;1439;308;132;176
18;1352;313;148;165
18;1265;344;155;189
18;1178;355;170;185
18;1091;345;164;181
18;1004;338;161;177
18;917;362;155;207
18;830;382;184;198
18;743;411;183;228
18;656;411;177;234
18;569;410;193;217
18;482;432;193;239
18;395;429;205;224
18;308;352;176;176
18;221;337;140;197
18;134;317;144;173
18;47;272;131;141
18;1527;306;132;174
18;1440;315;149;166
18;1353;337;152;185
18;1266;357;172;185
18;1179;341;161;180
18;1092;335;159;176
18;1005;356;154;202
18;918;389;187;202
18;831;407;180;227
18;744;404;172;232
18;657;402;186;216
18;570;424;189;235
18;483;423;200;223
18;396;350;177;173
18;309;337;139;198
18;222;317;144;173
18;135;270;131;139
18;48;289;133;156
18;1528;311;148;163
18;1441;331;144;187
18;1354;348;168;180
18;1267;336;156;180
18;1180;338;162;176
18;1093;355;154;201
18;1006;381;182;199
18;919;387;171;216
18;832;398;168;230
18;745;399;183;216
18;658;422;184;238
18;571;414;192;222
18;484;350;178;172
18;397;327;134;193
18;310;312;138;174
18;223;268;130;138
18;136;283;131;152
18;49;345;152;193
18;1529;326;143;183
18;1442;344;165;179
18;1355;333;152;181
18;1268;334;160;174
18;1181;349;151;198
18;1094;385;182;203
18;1007;385;171;214
18;920;400;177;223
18;833;394;180;214
18;746;411;174;237
18;659;414;190;224
18;572;344;175;169
18;485;320;129;191
18;398;310;136;174
18;311;268;131;137
18;224;281;129;152
18;137;340;148;192
18;50;300;146;154
18;1530;347;165;182
18;1443;328;145;183
18;1356;330;153;177
18;1269;347;148;199
18;1182;383;180;203
18;1095;385;173;212
18;1008;390;172;218
18;921;397;183;214
18;834;405;168;237
18;747;408;182;226
18;660;337;168;169
18;573;313;126;187
18;486;307;136;171
18;399;267;129;138
18;312;280;128;152
18;225;338;146;192
18;138;293;141;152
18;51;332;149;183
18;1531;323;141;182
18;1444;329;152;177
18;1357;344;143;201
18;1270;388;185;203
18;1183;378;169;209
18;1096;388;168;220
18;1009;397;180;217
18;922;408;179;229
18;835;406;179;227
18;748;332;165;167
18;661;308;123;185
18;574;301;132;169
18;487;260;126;134
18;400;276;125;151
18;313;331;142;189
18;226;290;139;151
18;139;329;147;182
18;52;302;145;157
18;1532;322;148;174
18;1445;337;139;198
18;1358;377;176;201
18;1271;373;165;208
18;1184;387;168;219
18;1097;390;176;214
18;1010;407;176;231
18;923;398;182;216
18;836;330;165;165
18;749;303;120;183
18;662;296;129;167
18;575;255;121;134
18;488;268;119;149
18;401;328;139;189
18;314;279;131;148
18;227;330;146;184
18;140;300;143;157
18;53;264;120;144
18;1533;338;138;200
18;1446;373;174;199
18;1359;369;164;205
18;1272;396;171;225
18;1185;382;173;209
18;1098;401;171;230
18;1011;396;184;212
18;924;332;169;163
18;837;306;121;185
18;750;290;126;164
18;663;257;120;137
18;576;257;114;143
18;489;319;135;184
18;402;276;127;149
18;315;331;146;185
18;228;294;141;153
18;141;263;120;143
18;54;284;113;171
18;1534;367;169;198
18;1447;360;157;203
18;1360;386;166;220
18;1273;381;172;209
18;1186;396;169;227
18;1099;386;175;211
18;1012;330;168;162
18;925;310;129;181
18;838;286;125;161
18;751;255;118;137
18;664;257;112;145
18;577;315;132;183
18;490;267;121;146
18;403;325;143;182
18;316;288;136;152
18;229;262;119;143
18;142;276;110;166
18;55;252;114;138
18;1535;358;157;201
18;1448;376;163;213
18;1361;376;169;207
18;1274;390;164;226
18;1187;379;171;208
18;1100;328;164;164
18;1013;308;126;182
18;926;290;123;167
18;839;251;118;133
18;752;245;104;141
18;665;312;130;182
18;578;262;118;144
18;491;319;140;179
18;404;276;128;148
18;317;258;117;141
18;230;275;111;164
18;143;244;111;133
18;56;306;125;181
18;1536;376;163;213
18;1449;375;168;207
18;1362;383;160;223
18;1275;377;170;207
18;1188;329;164;165
18;1101;304;124;180
18;1014;288;122;166
18;927;240;115;125
18;840;239;102;137
18;753;309;128;181
18;666;255;113;142
18;579;313;135;178
18;492;271;126;145
18;405;253;116;137
18;318;276;112;164
18;231;244;110;134
18;144;304;123;181
18;57;240;110;130
18;1537;371;165;206
18;1450;385;162;223
18;1363;367;166;201
18;1276;326;158;168
18;1189;305;124;181
18;1102;289;122;167
18;1015;240;115;125
18;928;248;107;141
18;841;307;127;180
18;754;251;110;141
18;667;308;132;176
18;580;269;124;145
18;493;247;114;133
18;406;272;107;165
18;319;243;108;135
18;232;300;122;178
18;145;232;103;129
18;58;295;130;165
18;1538;385;163;222
18;1451;367;165;202
18;1364;315;150;165
18;1277;307;124;183
18;1190;283;117;166
18;1103;237;111;126
18;1016;244;102;142
18;929;311;126;185
18;842;243;105;138
18;755;304;128;176
18;668;263;118;145
18;581;248;114;134
18;494;270;104;166
18;407;239;105;134
18;320;295;120;175
18;233;233;103;130
18;146;292;128;164
18;59;324;121;203
18;1539;369;164;205
18;1452;305;144;161
18;1365;301;122;179
18;1278;283;115;168
18;1191;237;112;125
18;1104;244;101;143
18;1017;303;117;186
18;930;246;105;141
18;843;300;125;175
18;756;256;112;144
18;669;244;113;131
18;582;265;103;162
18;495;235;101;134
18;408;289;119;170
18;321;230;100;130
18;234;286;124;162
18;147;316;116;200
18;60;275;104;171
18;1540;299;143;156
18;1453;298;119;179
18;1366;277;110;167
18;1279;234;107;127
18;1192;241;98;143
18;1105;297;112;185
18;1018;247;104;143
18;931;304;131;173
18;844;253;110;143
18;757;240;109;131
18;670;262;102;160
18;583;225;97;128
18;496;282;115;167
18;409;228;97;131
18;322;275;118;157
18;235;316;116;200
18;148;272;103;169
18;61;290;131;159
18;1541;298;120;178
18;1454;271;99;172
18;1367;227;104;123
18;1280;239;98;141
18;1193;298;110;188
18;1106;245;104;141
18;1019;301;129;172
18;932;266;117;149
18;845;234;105;129
18;758;255;99;156
18;671;224;96;128
18;584;274;108;166
18;497;228;96;132
18;410;265;112;153
18;323;309;111;198
18;236;266;98;168
18;149;289;129;160
18;62;295;132;163
18;1542;269;98;171
18;1455;222;102;120
18;1368;238;97;141
18;1281;293;106;187
18;1194;241;103;138
18;1107;297;127;170
18;1020;265;112;153
18;933;235;103;132
18;846;252;96;156
18;759;224;97;127
18;672;273;108;165
18;585;229;94;135
18;498;259;107;152
18;411;303;106;197
18;324;263;94;169
18;237;280;121;159
18;150;293;130;163
18;63;302;127;175
18;1543;223;99;124
18;1456;235;94;141
18;1369;292;106;186
18;1282;241;100;141
18;1195;289;123;166
18;1108;261;109;152
18;1021;229;96;133
18;934;245;92;153
18;847;219;93;126
18;760;267;104;163
18;673;224;88;136
18;586;255;105;150
18;499;299;106;193
18;412;259;93;166
18;325;274;115;159
18;238;295;130;165
18;151;299;127;172
18;64;311;120;191
18;1544;230;90;140
18;1457;281;99;182
18;1370;234;97;137
18;1283;282;120;162
18;1196;256;107;149
18;1109;226;93;133
18;1022;242;88;154
18;935;206;84;122
18;848;262;100;162
18;761;223;89;134
18;674;251;102;149
18;587;297;104;193
18;500;259;93;166
18;413;268;110;158
18;326;291;128;163
18;239;299;127;172
18;152;307;116;191
18;65;308;118;190
18;1545;281;99;182
18;1458;230;94;136
18;1371;274;116;158
18;1284;255;106;149
18;1197;220;91;129
18;1110;238;83;155
18;1023;208;84;124
18;936;270;102;168
18;849;218;85;133
18;762;245;96;149
18;675;290;101;189
18;588;255;89;166
18;501;265;105;160
18;414;282;123;159
18;327;292;121;171
18;240;311;116;195
18;153;303;113;190
18;66;298;114;184
18;1546;230;93;137
18;1459;273;114;159
18;1372;248;101;147
18;1285;217;89;128
18;1198;229;78;151
18;1111;202;81;121
18;1024;267;99;168
18;937;228;93;135
18;850;241;92;149
18;763;283;97;186
18;676;248;85;163
18;589;259;103;156
18;502;279;122;157
18;415;282;117;165
18;328;306;109;197
18;241;303;112;191
18;154;290;110;180
18;67;251;106;145
18;1547;270;113;157
18;1460;245;97;148
18;1373;211;85;126
18;1286;229;78;151
18;1199;197;80;117
18;1112;260;95;165
18;1025;223;93;130
18;938;240;92;148
18;851;275;89;186
18;764;244;82;162
18;677;253;99;154
18;590;268;115;153
18;503;277;112;165
18;416;294;103;191
18;329;299;108;191
18;242;283;108;175
18;155;245;101;144
18;68;264;105;159
18;1548;236;92;144
18;1461;211;86;125
18;1374;225;75;150
18;1287;195;76;119
18;1200;246;89;157
18;1113;222;92;130
18;1026;230;85;145
18;939;273;89;184
18;852;242;80;162
18;765;247;94;153
18;678;267;112;155
18;591;272;108;164
18;504;284;95;189
18;417;297;106;191
18;330;273;104;169
18;243;239;96;143
18;156;263;104;159
18;69;228;94;134
18;1549;209;83;126
18;1462;221;72;149
18;1375;191;74;117
18;1288;245;88;157
18;1201;217;91;126
18;1114;231;85;146
18;1027;271;89;182
18;940;231;70;161
18;853;248;95;153
18;766;263;110;153
18;679;265;103;162
18;592;280;91;189
18;505;291;101;190
18;418;261;95;166
18;331;237;94;143
18;244;258;101;157
18;157;225;93;132
18;70;261;96;165
18;1550;217;68;149
18;1463;189;70;119
18;1376;236;83;153
18;1289;211;89;122
18;1202;224;82;142
18;1115;264;85;179
18;1028;225;67;158
18;941;250;97;153
18;854;256;104;152
18;767;257;99;158
18;680;269;82;187
18;593;283;98;185
18;506;263;93;170
18;419;228;87;141
18;332;255;97;158
18;245;216;84;132
18;158;259;93;166
18;71;255;100;155
18;1551;183;65;118
18;1464;235;80;155
18;1377;208;86;122
18;1290;223;79;144
18;1203;260;81;179
18;1116;218;63;155
18;1029;244;94;150
18;942;246;95;151
18;855;255;96;159
18;768;265;83;182
18;681;278;95;183
18;594;252;83;169
18;507;225;82;143
18;420;245;91;154
18;333;210;82;128
18;246;254;89;165
18;159;250;98;152
18;72;236;83;153
18;1552;228;74;154
18;1465;201;79;122
18;1378;216;73;143
18;1291;251;78;173
18;1204;210;58;152
18;1117;237;90;147
18;1030;241;91;150
18;943;251;96;155
18;856;259;77;182
18;769;273;92;181
18;682;247;80;167
18;595;220;80;140
18;508;235;86;149
18;421;204;79;125
18;334;249;86;163
18;247;246;94;152
18;160;233;77;156
18;73;234;79;155
18;1553;199;79;120
18;1466;209;71;138
18;1379;246;75;171
18;1292;205;55;150
18;1205;228;85;143
18;1118;234;87;147
18;1031;245;92;153
18;944;241;75;166
18;857;268;90;178
18;770;236;75;161
18;683;214;78;136
18;596;229;80;149
18;509;201;77;124
18;422;237;77;160
18;335;244;92;152
18;248;230;76;154
18;161;231;77;154
18;74;197;58;139
18;1554;203;68;135
18;1467;235;71;164
18;1380;199;51;148
18;1293;216;77;139
18;1206;224;84;140
18;1119;236;87;149
18;1032;231;68;163
18;945;252;81;171
18;858;227;69;158
18;771;207;73;134
18;684;218;75;143
18;597;190;73;117
18;510;229;72;157
18;423;227;82;145
18;336;223;72;151
18;249;226;76;150
18;162;196;59;137
18;75;187;63;124
18;1555;230;66;164
18;1468;194;47;147
18;1381;204;71;133
18;1294;213;80;133
18;1207;223;80;143
18;1120;223;63;160
18;1033;243;72;171
18;946;223;70;153
18;859;195;69;126
18;772;209;71;138
18;685;185;71;114
18;598;218;67;151
18;511;213;77;136
18;424;218;69;149
18;337;213;70;143
18;250;196;55;141
18;163;179;59;120
18;76;178;52;126
18;1556;189;46;143
18;1469;202;69;133
18;1382;208;76;132
18;1295;213;75;138
18;1208;222;64;158
18;1121;228;64;164
18;1034;217;69;148
18;947;185;63;122
18;860;201;65;136
18;773;174;65;109
18;686;206;62;144
18;599;196;68;128
18;512;209;66;143
18;425;205;68;137
18;338;184;51;133
18;251;176;56;120
18;164;170;50;120
18;77;169;65;104
18;1557;198;66;132
18;1470;201;71;130
18;1383;207;72;135
18;1296;214;60;154
18;1209;221;61;160
18;1122;208;68;140
18;1035;177;58;119
18;948;198;68;130
18;861;171;62;109
18;774;195;58;137
18;687;187;65;122
18;600;203;64;139
18;513;198;64;134
18;426;173;48;125
18;339;172;55;117
18;252;170;50;120
18;165;161;57;104
18;78;137;44;93
18;1558;192;65;127
18;1471;201;66;135
18;1384;208;57;151
18;1297;212;59;153
18;1210;197;62;135
18;1123;168;53;115
18;1036;192;66;126
18;949;164;56;108
18;862;185;56;129
18;775;175;60;115
18;688;188;59;129
18;601;183;56;127
18;514;169;44;125
18;427;162;50;112
18;340;165;48;117
18;253;150;47;103
18;166;126;38;88
18;79;126;34;92
18;1559;189;58;131
18;1472;203;56;147
18;1385;205;55;150
18;1298;188;59;129
18;1211;161;50;111
18;1124;182;60;122
18;1037;155;51;104
18;950;179;50;129
18;863;167;58;109
18;776;178;54;124
18;689;172;54;118
18;602;155;38;117
18;515;145;41;104
18;428;152;45;107
18;341;143;45;98
18;254;119;33;86
18;167;122;32;90
18;80;92;30;62
18;1560;179;45;134
18;1473;194;51;143
18;1386;176;54;122
18;1299;152;48;104
18;1212;174;59;115
18;1125;149;49;100
18;1038;175;47;128
18;951;155;47;108
18;864;157;46;111
18;777;161;52;109
18;690;144;34;110
18;603;135;38;97
18;516;147;43;104
18;429;131;40;91
18;342;112;29;83
18;255;118;31;87
18;168;88;27;61
18;81;71;23;48
18;1561;180;46;134
18;1474;159;47;112
18;1387;146;47;99
18;1300;166;55;111
18;1213;141;46;95
18;1126;161;40;121
18;1039;149;44;105
18;952;149;38;111
18;865;147;47;100
18;778;139;33;106
18;691;128;36;92
18;604;139;36;103
18;517;127;42;85
18;430;102;26;76
18;343;117;30;87
18;256;80;23;57
18;169;68;23;45
18;82;83;24;59
18;1562;149;43;106
18;1475;134;43;91
18;1388;149;46;103
18;1301;132;43;89
18;1214;152;37;115
18;1127;139;42;97
18;1040;141;35;106
18;953;142;45;97
18;866;126;29;97
18;779;110;29;81
18;692;132;34;98
18;605;115;37;78
18;518;96;25;71
18;431;110;25;85
18;344;78;19;59
18;257;57;19;38
18;170;79;20;59
18;83;53;17;36
18;1563;118;32;86
18;1476;135;39;96
18;1389;118;36;82
18;1302;141;35;106
18;1215;128;39;89
18;1128;130;29;101
18;1041;132;41;91
18;954;114;29;85
18;867;94;21;73
18;780;120;32;88
18;693;104;31;73
18;606;80;21;59
18;519;102;24;78
18;432;69;14;55
18;345;54;16;38
18;258;73;21;52
18;171;47;16;31
18;84;45;16;29
18;1564;125;36;89
18;1477;112;33;79
18;1390;123;31;92
18;1303;118;35;83
18;1216;115;19;96
18;1129;118;35;83
18;1042;106;28;78
18;955;81;18;63
18;868;106;26;80
18;781;99;29;70
18;694;69;17;52
18;607;98;24;74
18;520;66;14;52
18;433;45;13;32
18;346;73;21;52
18;259;45;16;29
18;172;41;13;28
18;85;56;14;42
18;1565;600;134;466
18;1478;595;135;460
18;1391;566;129;437
18;1304;520;113;407
18;1217;501;126;375
18;1130;454;106;348
18;1043;410;92;318
18;956;392;90;302
18;869;399;82;317
18;782;345;70;275
18;695;337;68;269
18;608;290;65;225
18;521;304;75;229
18;434;304;72;232
18;347;283;66;217
18;260;285;69;216
18;173;300;78;222
18;86;313;91;222
18;1566;19605;8578;11027
18;1479;20041;8756;11285
18;1392;20400;8938;11462
18;1305;20728;9119;11609
18;1218;20943;9241;11702
18;1131;21221;9362;11859
18;1044;21495;9525;11970
18;957;21876;9738;12138
18;870;22656;10099;12557
18;783;22954;10276;12678
18;696;23187;10404;12783
18;609;23469;10549;12920
18;522;23865;10788;13077
18;435;24252;11011;13241
18;348;24665;11210;13455
18;261;24965;11406;13559
18;174;25169;11549;13620
18;87;25500;11756;13744
19;1480;241;119;122
19;1393;252;129;123
19;1306;280;138;142
19;1219;251;118;133
19;1132;243;127;116
19;1045;263;142;121
19;958;239;130;109
19;871;223;108;115
19;784;243;127;116
19;697;243;119;124
19;610;239;137;102
19;523;226;114;112
19;436;239;124;115
19;349;226;108;118
19;262;220;103;117
19;175;207;103;104
19;88;228;112;116
19;1;278;132;146
19;1481;246;126;120
19;1394;278;139;139
19;1307;250;118;132
19;1220;246;131;115
19;1133;266;144;122
19;1046;235;127;108
19;959;227;108;119
19;872;243;131;112
19;785;245;121;124
19;698;236;135;101
19;611;220;110;110
19;524;237;124;113
19;437;218;101;117
19;350;222;105;117
19;263;204;102;102
19;176;223;107;116
19;89;278;133;145
19;2;278;148;130
19;1482;275;136;139
19;1395;248;116;132
19;1308;242;130;112
19;1221;257;138;119
19;1134;231;127;104
19;1047;225;109;116
19;960;240;132;108
19;873;237;135;102
19;786;231;131;100
19;699;216;111;105
19;612;236;124;112
19;525;214;101;113
19;438;219;104;115
19;351;202;101;101
19;264;223;107;116
19;177;273;129;144
19;90;277;146;131
19;3;294;153;141
19;1483;244;117;127
19;1396;237;128;109
19;1309;255;137;118
19;1222;225;124;101
19;1135;222;106;116
19;1048;241;135;106
19;961;236;139;97
19;874;239;135;104
19;787;214;109;105
19;700;233;122;111
19;613;215;99;116
19;526;220;106;114
19;439;197;98;99
19;352;220;105;115
19;265;278;132;146
19;178;278;148;130
19;91;293;153;140
19;4;339;184;155
19;1484;236;126;110
19;1397;247;133;114
19;1310;228;123;105
19;1223;225;109;116
19;1136;235;133;102
19;1049;225;134;91
19;962;236;135;101
19;875;214;119;95
19;788;234;123;111
19;701;215;99;116
19;614;219;103;116
19;527;199;98;101
19;440;217;103;114
19;353;274;130;144
19;266;278;146;132
19;179;287;148;139
19;92;337;182;155
19;5;291;142;149
19;1485;242;131;111
19;1398;229;119;110
19;1311;217;104;113
19;1224;234;134;100
19;1137;224;134;90
19;1050;237;136;101
19;963;212;116;96
19;876;235;133;102
19;789;216;99;117
19;702;219;105;114
19;615;196;97;99
19;528;217;102;115
19;441;272;127;145
19;354;275;144;131
19;267;283;147;136
19;180;331;180;151
19;93;292;141;151
19;6;295;156;139
19;1486;226;119;107
19;1399;212;103;109
19;1312;227;133;94
19;1225;220;133;87
19;1138;241;137;104
19;1051;208;114;94
19;964;233;133;100
19;877;209;102;107
19;790;217;105;112
19;703;195;98;97
19;616;217;100;117
19;529;271;127;144
19;442;273;143;130
19;355;284;147;137
19;268;328;179;149
19;181;289;139;150
19;94;291;154;137
19;7;301;156;145
19;1487;213;103;110
19;1400;224;137;87
19;1313;218;136;82
19;1226;237;135;102
19;1139;207;112;95
19;1052;221;126;95
19;965;209;101;108
19;878;221;109;112
19;791;195;99;96
19;704;216;101;115
19;617;266;124;142
19;530;268;142;126
19;443;280;144;136
19;356;327;178;149
19;269;291;140;151
19;182;286;151;135
19;95;296;150;146
19;8;359;178;181
19;1488;226;136;90
19;1401;221;133;88
19;1314;241;138;103
19;1227;212;115;97
19;1140;220;128;92
19;1053;203;99;104
19;966;216;110;106
19;879;194;95;99
19;792;217;101;116
19;705;259;120;139
19;618;269;142;127
19;531;281;147;134
19;444;323;175;148
19;357;289;139;150
19;270;286;151;135
19;183;290;148;142
19;96;357;177;180
19;9;423;222;201
19;1489;222;132;90
19;1402;236;133;103
19;1315;209;112;97
19;1228;225;131;94
19;1141;201;100;101
19;1054;214;109;105
19;967;192;93;99
19;880;233;115;118
19;793;260;119;141
19;706;270;143;127
19;619;278;145;133
19;532;324;175;149
19;445;286;137;149
19;358;287;152;135
19;271;290;148;142
19;184;355;177;178
19;97;421;219;202
19;10;472;246;226
19;1490;230;131;99
19;1403;209;110;99
19;1316;225;130;95
19;1229;200;98;102
19;1142;207;104;103
19;1055;186;92;94
19;968;232;114;118
19;881;269;131;138
19;794;271;143;128
19;707;269;141;128
19;620;322;178;144
19;533;286;140;146
19;446;286;151;135
19;359;289;147;142
19;272;355;177;178
19;185;419;216;203
19;98;466;244;222
19;11;477;245;232
19;1491;202;107;95
19;1404;217;126;91
19;1317;191;96;95
19;1230;206;105;101
19;1143;182;90;92
19;1056;231;113;118
19;969;270;134;136
19;882;258;138;120
19;795;269;140;129
19;708;327;180;147
19;621;291;142;149
19;534;284;149;135
19;447;288;145;143
19;360;352;176;176
19;273;415;214;201
19;186;460;240;220
19;99;470;240;230
19;12;459;251;208
19;1492;220;128;92
19;1405;190;95;95
19;1318;201;103;98
19;1231;182;90;92
19;1144;233;114;119
19;1057;266;132;134
19;970;251;133;118
19;883;261;131;130
19;796;331;182;149
19;709;293;140;153
19;622;287;149;138
19;535;284;142;142
19;448;349;174;175
19;361;409;211;198
19;274;460;240;220
19;187;468;241;227
19;100;456;248;208
19;13;490;259;231
19;1493;189;95;94
19;1406;203;105;98
19;1319;178;88;90
19;1232;233;116;117
19;1145;267;133;134
19;1058;252;132;120
19;971;257;129;128
19;884;330;171;159
19;797;291;140;151
19;710;291;152;139
19;623;283;142;141
19;536;352;177;175
19;449;399;204;195
19;362;457;239;218
19;275;463;239;224
19;188;453;246;207
19;101;476;251;225
19;14;521;275;246
19;1494;195;100;95
19;1407;178;88;90
19;1320;236;117;119
19;1233;267;133;134
19;1146;255;134;121
19;1059;254;128;126
19;972;331;171;160
19;885;276;128;148
19;798;293;155;138
19;711;286;144;142
19;624;354;177;177
19;537;398;204;194
19;450;451;236;215
19;363;457;235;222
19;276;448;241;207
19;189;463;244;219
19;102;513;271;242
19;15;489;250;239
19;1495;171;84;87
19;1408;236;116;120
19;1321;261;131;130
19;1234;255;134;121
19;1147;255;128;127
19;1060;329;169;160
19;973;270;126;144
19;886;281;150;131
19;799;289;149;140
19;712;354;179;175
19;625;399;204;195
19;538;449;235;214
19;451;440;225;215
19;364;445;239;206
19;277;461;244;217
19;190;505;266;239
19;103;484;247;237
19;16;552;262;290
19;1496;232;114;118
19;1409;260;131;129
19;1322;255;133;122
19;1235;257;128;129
19;1148;327;167;160
19;1061;269;125;144
19;974;277;148;129
19;887;294;155;139
19;800;357;182;175
19;713;399;205;194
19;626;449;233;216
19;539;433;221;212
19;452;428;227;201
19;365;450;235;215
19;278;499;264;235
19;191;480;244;236
19;104;548;261;287
19;17;471;236;235
19;1497;254;130;124
19;1410;256;134;122
19;1323;255;127;128
19;1236;330;166;164
19;1149;264;123;141
19;1062;277;148;129
19;975;289;149;140
19;888;357;186;171
19;801;399;204;195
19;714;444;232;212
19;627;434;222;212
19;540;423;222;201
19;453;434;224;210
19;366;489;256;233
19;279;472;242;230
19;192;539;253;286
19;105;462;232;230
19;18;492;265;227
19;1498;248;131;117
19;1411;252;123;129
19;1324;327;163;164
19;1237;270;126;144
19;1150;279;147;132
19;1063;283;145;138
19;976;356;184;172
19;889;389;204;185
19;802;442;234;208
19;715;435;222;213
19;628;420;221;199
19;541;430;221;209
19;454;472;247;225
19;367;458;233;225
19;280;525;247;278
19;193;450;227;223
19;106;483;256;227
19;19;405;230;175
19;1499;246;122;124
19;1412;315;155;160
19;1325;262;122;140
19;1238;274;144;130
19;1151;279;142;137
19;1064;354;184;170
19;977;377;196;181
19;890;371;193;178
19;803;431;218;213
19;716;418;220;198
19;629;417;215;202
19;542;462;240;222
19;455;431;216;215
19;368;505;236;269
19;281;443;224;219
19;194;475;249;226
19;107;393;223;170
19;20;380;217;163
19;1500;305;151;154
19;1413;258;122;136
19;1326;274;143;131
19;1239;281;145;136
19;1152;348;184;164
19;1065;375;195;180
19;978;365;191;174
19;891;380;192;188
19;804;410;217;193
19;717;414;213;201
19;630;456;234;222
19;543;414;210;204
19;456;479;222;257
19;369;427;216;211
19;282;470;246;224
19;195;386;220;166
19;108;372;214;158
19;21;352;197;155
19;1501;245;115;130
19;1414;267;138;129
19;1327;275;142;133
19;1240;349;182;167
19;1153;370;189;181
19;1066;359;188;171
19;979;379;194;185
19;892;339;181;158
19;805;397;206;191
19;718;444;231;213
19;631;403;204;199
19;544;475;218;257
19;457;403;203;200
19;370;456;242;214
19;283;380;217;163
19;196;370;211;159
19;109;349;194;155
19;22;348;171;177
19;1502;265;140;125
19;1415;268;138;130
19;1328;343;177;166
19;1241;366;190;176
19;1154;346;181;165
19;1067;378;193;185
19;980;329;172;157
19;893;363;194;169
19;806;437;228;209
19;719;397;201;196
19;632;461;211;250
19;545;384;194;190
19;458;430;231;199
19;371;373;214;159
19;284;359;204;155
19;197;349;193;156
19;110;344;165;179
19;23;332;177;155
19;1503;255;135;120
19;1416;340;175;165
19;1329;356;184;172
19;1242;345;181;164
19;1155;374;193;181
19;1068;315;168;147
19;981;361;192;169
19;894;379;202;177
19;807;385;196;189
19;720;451;209;242
19;633;377;193;184
19;546;421;227;194
19;459;355;205;150
19;372;359;207;152
19;285;343;195;148
19;198;349;167;182
19;111;317;166;151
19;24;320;171;149
19;1504;323;165;158
19;1417;339;178;161
19;1330;335;172;163
19;1243;366;192;174
19;1156;302;161;141
19;1069;350;188;162
19;982;368;197;171
19;895;349;174;175
19;808;434;203;231
19;721;369;192;177
19;634;417;229;188
19;547;343;198;145
19;460;344;192;152
19;373;332;188;144
19;286;349;164;185
19;199;318;165;153
19;112;314;168;146
19;25;327;160;167
19;1505;330;175;155
19;1418;316;163;153
19;1331;360;185;175
19;1244;297;162;135
19;1157;343;183;160
19;1070;356;197;159
19;983;328;167;161
19;896;374;180;194
19;809;362;191;171
19;722;402;220;182
19;635;331;188;143
19;548;330;191;139
19;461;316;177;139
19;374;337;158;179
19;287;310;164;146
19;200;318;169;149
19;113;327;160;167
19;26;339;186;153
19;1506;308;160;148
19;1419;345;181;164
19;1332;296;157;139
19;1245;334;180;154
19;1158;356;195;161
19;1071;314;158;156
19;984;355;165;190
19;897;324;173;151
19;810;401;223;178
19;723;317;180;137
19;636;320;186;134
19;549;307;172;135
19;462;324;150;174
19;375;312;164;148
19;288;303;164;139
19;201;325;159;166
19;114;332;181;151
19;27;366;193;173
19;1507;332;175;157
19;1420;292;156;136
19;1333;314;171;143
19;1246;353;194;159
19;1159;303;151;152
19;1072;342;162;180
19;985;310;170;140
19;898;357;203;154
19;811;305;177;128
19;724;307;178;129
19;637;298;171;127
19;550;314;145;169
19;463;294;156;138
19;376;296;161;135
19;289;317;156;161
19;202;325;179;146
19;115;364;190;174
19;28;398;205;193
19;1508;282;151;131
19;1421;307;170;137
19;1334;351;194;157
19;1247;303;146;157
19;1160;315;149;166
19;1073;301;168;133
19;986;332;186;146
19;899;318;178;140
19;812;294;167;127
19;725;298;171;127
19;638;303;144;159
19;551;298;160;138
19;464;289;154;135
19;377;305;149;156
19;290;324;175;149
19;203;357;184;173
19;116;383;195;188
19;29;407;201;206
19;1509;311;173;138
19;1422;349;193;156
19;1335;292;143;149
19;1248;323;161;162
19;1161;297;170;127
19;1074;315;180;135
19;987;308;171;137
19;900;311;161;150
19;813;286;167;119
19;726;292;142;150
19;639;294;159;135
19;552;277;147;130
19;465;304;147;157
19;378;317;174;143
19;291;347;178;169
19;204;387;197;190
19;117;396;192;204
19;30;412;200;212
19;1510;342;189;153
19;1423;289;145;144
19;1336;311;150;161
19;1249;299;172;127
19;1162;307;176;131
19;1075;303;170;133
19;988;303;158;145
19;901;301;151;150
19;814;295;142;153
19;727;291;160;131
19;640;273;146;127
19;553;303;145;158
19;466;312;168;144
19;379;337;175;162
19;292;376;191;185
19;205;385;187;198
19;118;402;199;203
19;31;451;244;207
19;1511;304;160;144
19;1424;291;144;147
19;1337;287;164;123
19;1250;303;177;126
19;1163;296;173;123
19;1076;291;153;138
19;989;287;144;143
19;902;315;144;171
19;815;286;155;131
19;728;268;140;128
19;641;305;148;157
19;554;304;163;141
19;467;329;172;157
19;380;372;189;183
19;293;384;184;200
19;206;388;188;200
19;119;442;237;205
19;32;380;183;197
19;1512;287;143;144
19;1425;285;166;119
19;1338;291;167;124
19;1251;296;174;122
19;1164;284;152;132
19;1077;281;139;142
19;990;308;140;168
19;903;292;152;140
19;816;262;138;124
19;729;295;142;153
19;642;303;161;142
19;555;329;173;156
19;468;358;180;178
19;381;379;175;204
19;294;374;181;193
19;207;440;236;204
19;120;370;176;194
19;33;414;213;201
19;1513;290;171;119
19;1426;282;162;120
19;1339;290;170;120
19;1252;269;146;123
19;1165;277;132;145
19;1078;299;137;162
19;991;286;151;135
19;904;272;154;118
19;817;283;134;149
19;730;300;156;144
19;643;325;170;155
19;556;353;175;178
19;469;371;171;200
19;382;375;182;193
19;295;428;230;198
19;208;365;175;190
19;121;408;208;200
19;34;403;179;224
19;1514;282;166;116
19;1427;281;164;117
19;1340;271;146;125
19;1253;275;130;145
19;1166;304;139;165
19;1079;278;146;132
19;992;265;150;115
19;905;266;126;140
19;818;298;155;143
19;731;321;167;154
19;644;348;174;174
19;557;373;175;198
19;470;364;173;191
19;383;425;226;199
19;296;361;173;188
19;209;406;206;200
19;122;399;179;220
19;35;426;230;196
19;1515;289;172;117
19;1428;278;153;125
19;1341;265;128;137
19;1254;303;136;167
19;1167;277;147;130
19;1080;259;149;110
19;993;261;120;141
19;906;300;156;144
19;819;314;163;151
19;732;347;172;175
19;645;359;168;191
19;558;361;170;191
19;471;412;218;194
19;384;356;170;186
19;297;403;207;196
19;210;387;170;217
19;123;418;222;196
19;36;440;220;220
19;1516;293;172;121
19;1429;268;133;135
19;1342;298;130;168
19;1255;268;140;128
19;1168;261;150;111
19;1081;254;112;142
19;994;295;154;141
19;907;311;158;153
19;820;346;173;173
19;733;359;169;190
19;646;349;160;189
19;559;406;216;190
19;472;353;169;184
19;385;398;204;194
19;298;384;167;217
19;211;415;222;193
19;124;428;214;214
19;37;450;225;225
19;1517;274;139;135
19;1430;298;132;166
19;1343;271;141;130
19;1256;263;151;112
19;1169;255;110;145
19;1082;291;153;138
19;995;306;157;149
19;908;339;168;171
19;821;351;166;185
19;734;351;163;188
19;647;406;215;191
19;560;349;170;179
19;473;390;197;193
19;386;380;166;214
19;299;408;218;190
19;212;423;211;212
19;125;446;223;223
19;38;437;219;218
19;1518;302;142;160
19;1431;281;152;129
19;1344;261;153;108
19;1257;252;111;141
19;1170;294;155;139
19;1083;304;155;149
19;996;332;164;168
19;909;364;165;199
19;822;345;156;189
19;735;406;215;191
19;648;353;171;182
19;561;392;197;195
19;474;367;156;211
19;387;399;213;186
19;300;421;207;214
19;213;435;217;218
19;126;431;215;216
19;39;541;276;265
19;1519;286;158;128
19;1432;265;155;110
19;1345;250;111;139
19;1258;300;159;141
19;1171;305;157;148
19;1084;326;163;163
19;997;356;160;196
19;910;363;161;202
19;823;401;213;188
19;736;345;167;178
19;649;381;191;190
19;562;365;153;212
19;475;384;201;183
19;388;409;201;208
19;301;431;212;219
19;214;426;213;213
19;127;525;265;260
19;40;537;260;277
19;1520;273;164;109
19;1433;248;111;137
19;1346;299;161;138
19;1259;304;157;147
19;1172;320;160;160
19;1085;350;156;194
19;998;360;162;198
19;911;391;210;181
19;824;344;167;177
19;737;378;187;191
19;650;361;151;210
19;563;377;196;181
19;476;405;198;207
19;389;415;201;214
19;302;421;212;209
19;215;518;262;256
19;128;525;252;273
19;41;546;263;283
19;1521;266;129;137
19;1434;301;163;138
19;1347;308;159;149
19;1260;322;160;162
19;1173;352;157;195
19;1086;361;163;198
19;999;390;212;178
19;912;361;171;190
19;825;373;187;186
19;738;359;147;212
19;651;368;190;178
19;564;399;196;203
19;477;403;192;211
19;390;412;207;205
19;303;509;258;251
19;216;522;249;273
19;129;538;257;281
19;42;514;240;274
19;1522;315;179;136
19;1435;309;161;148
19;1348;313;154;159
19;1261;356;160;196
19;1174;359;163;196
19;1087;381;206;175
19;1000;359;170;189
19;913;372;188;184
19;826;358;148;210
19;739;367;188;179
19;652;391;188;203
19;565;400;191;209
19;478;402;200;202
19;391;499;252;247
19;304;508;242;266
19;217;536;255;281
19;130;509;238;271
19;43;479;244;235
19;1523;316;170;146
19;1436;320;162;158
19;1349;356;161;195
19;1262;366;168;198
19;1175;373;201;172
19;1088;354;166;188
19;1001;364;182;182
19;914;353;157;196
19;827;368;187;181
19;740;389;185;204
19;653;389;185;204
19;566;400;198;202
19;479;491;247;244
19;392;504;243;261
19;305;530;250;280
19;218;511;238;273
19;131;476;243;233
19;44;447;227;220
19;1524;329;171;158
19;1437;360;164;196
19;1350;367;171;196
19;1263;365;195;170
19;1176;354;166;188
19;1089;360;182;178
19;1002;352;158;194
19;915;366;189;177
19;828;389;186;203
19;741;387;183;204
19;654;390;193;197
19;567;480;238;242
19;480;492;237;255
19;393;525;248;277
19;306;502;235;267
19;219;477;243;234
19;132;443;224;219
19;45;434;205;229
19;1525;363;175;188
19;1438;375;183;192
19;1351;359;193;166
19;1264;358;168;190
19;1177;352;179;173
19;1090;347;155;192
19;1003;360;187;173
19;916;362;185;177
19;829;383;184;199
19;742;388;189;199
19;655;475;235;240
19;568;483;230;253
19;481;516;243;273
19;394;496;234;262
19;307;472;240;232
19;220;441;224;217
19;133;421;199;222
19;46;372;182;190
19;1526;377;191;186
19;1439;373;205;168
19;1352;355;167;188
19;1265;351;177;174
19;1178;347;153;194
19;1091;358;187;171
19;1004;362;184;178
19;917;383;188;195
19;830;382;185;197
19;743;471;230;241
19;656;483;229;254
19;569;514;247;267
19;482;482;229;253
19;395;462;234;228
19;308;432;221;211
19;221;416;194;222
19;134;367;178;189
19;47;381;186;195
19;1527;378;213;165
19;1440;357;172;185
19;1353;358;182;176
19;1266;353;155;198
19;1179;357;186;171
19;1092;354;178;176
19;1005;379;190;189
19;918;386;190;196
19;831;466;228;238
19;744;479;227;252
19;657;512;244;268
19;570;472;223;249
19;483;456;229;227
19;396;425;217;208
19;309;410;192;218
19;222;363;176;187
19;135;377;185;192
19;48;348;189;159
19;1528;372;188;184
19;1441;358;182;176
19;1354;355;156;199
19;1267;352;184;168
19;1180;351;175;176
19;1093;373;186;187
19;1006;380;185;195
19;919;461;223;238
19;832;477;224;253
19;745;507;244;263
19;658;466;219;247
19;571;449;222;227
19;484;418;208;210
19;397;403;190;213
19;310;354;169;185
19;223;373;185;188
19;136;337;181;156
19;49;348;158;190
19;1529;357;183;174
19;1442;350;160;190
19;1355;352;182;170
19;1268;343;171;172
19;1181;369;185;184
19;1094;370;178;192
19;1007;451;219;232
19;920;464;212;252
19;833;498;238;260
19;746;458;213;245
19;659;449;221;228
19;572;411;202;209
19;485;390;183;207
19;398;350;168;182
19;311;363;179;184
19;224;329;174;155
19;137;337;154;183
19;50;349;150;199
19;1530;361;171;190
19;1443;354;186;168
19;1356;336;169;167
19;1269;366;183;183
19;1182;371;179;192
19;1095;450;218;232
19;1008;461;211;250
19;921;481;231;250
19;834;456;213;243
19;747;445;220;225
19;660;409;199;210
19;573;380;178;202
19;486;346;166;180
19;399;354;173;181
19;312;323;170;153
19;225;337;153;184
19;138;344;145;199
19;51;338;172;166
19;1531;357;190;167
19;1444;329;166;163
19;1357;367;182;185
19;1270;367;180;187
19;1183;440;211;229
19;1096;453;207;246
19;1009;475;226;249
19;922;435;202;233
19;835;434;213;221
19;748;399;196;203
19;661;373;174;199
19;574;335;160;175
19;487;346;167;179
19;400;317;166;151
19;313;334;153;181
19;226;337;139;198
19;139;331;167;164
19;52;360;176;184
19;1532;330;170;160
19;1445;369;187;182
19;1358;368;180;188
19;1271;432;203;229
19;1184;445;203;242
19;1097;471;221;250
19;1010;419;191;228
19;923;432;213;219
19;836;398;197;201
19;749;367;170;197
19;662;331;157;174
19;575;341;167;174
19;488;311;165;146
19;401;329;151;178
19;314;325;135;190
19;227;322;161;161
19;140;354;171;183
19;53;304;147;157
19;1533;376;194;182
19;1446;372;183;189
19;1359;431;202;229
19;1272;440;199;241
19;1185;463;213;250
19;1098;415;191;224
19;1011;428;207;221
19;924;388;190;198
19;837;364;168;196
19;750;327;155;172
19;663;333;160;173
19;576;305;160;145
19;489;321;148;173
19;402;318;133;185
19;315;317;157;160
19;228;353;169;184
19;141;294;141;153
19;54;279;126;153
19;1534;370;182;188
19;1447;425;201;224
19;1360;444;200;244
19;1273;455;211;244
19;1186;408;187;221
19;1099;419;204;215
19;1012;379;183;196
19;925;350;159;191
19;838;324;153;171
19;751;328;155;173
19;664;294;153;141
19;577;317;144;173
19;490;306;125;181
19;403;313;156;157
19;316;351;171;180
19;229;291;139;152
19;142;272;123;149
19;55;305;139;166
19;1535;430;210;220
19;1448;432;196;236
19;1361;450;206;244
19;1274;403;188;215
19;1187;420;205;215
19;1100;377;183;194
19;1013;342;155;187
19;926;314;150;164
19;839;329;156;173
19;752;290;151;139
19;665;311;143;168
19;578;300;122;178
19;491;308;153;155
19;404;345;168;177
19;317;283;132;151
19;230;268;118;150
19;143;294;134;160
19;56;329;155;174
19;1536;433;197;236
19;1449;447;208;239
19;1362;401;188;213
19;1275;410;198;212
19;1188;368;176;192
19;1101;339;153;186
19;1014;305;144;161
19;927;311;154;157
19;840;286;149;137
19;753;307;137;170
19;666;291;114;177
19;579;299;145;154
19;492;341;166;175
19;405;280;128;152
19;318;268;116;152
19;231;287;127;160
19;144;317;150;167
19;57;256;119;137
19;1537;447;211;236
19;1450;397;185;212
19;1363;402;190;212
19;1276;367;172;195
19;1189;339;153;186
19;1102;304;145;159
19;1015;306;153;153
19;928;277;140;137
19;841;301;134;167
19;754;280;109;171
19;667;290;141;149
19;580;337;165;172
19;493;270;122;148
19;406;263;112;151
19;319;280;127;153
19;232;312;149;163
19;145;253;119;134
19;58;347;142;205
19;1538;405;194;211
19;1451;402;189;213
19;1364;362;167;195
19;1277;339;154;185
19;1190;306;146;160
19;1103;304;152;152
19;1016;269;136;133
19;929;303;134;169
19;842;280;108;172
19;755;290;140;150
19;668;327;160;167
19;581;271;123;148
19;494;257;108;149
19;407;275;124;151
19;320;308;148;160
19;233;248;115;133
19;146;331;133;198
19;59;380;157;223
19;1539;406;194;212
19;1452;353;161;192
19;1365;334;152;182
19;1278;301;142;159
19;1191;301;146;155
19;1104;266;134;132
19;1017;298;129;169
19;930;281;107;174
19;843;283;135;148
19;756;328;160;168
19;669;264;119;145
19;582;254;105;149
19;495;270;118;152
19;408;307;149;158
19;321;246;115;131
19;234;330;132;198
19;147;372;151;221
19;60;330;162;168
19;1540;349;158;191
19;1453;327;145;182
19;1366;297;140;157
19;1279;294;141;153
19;1192;260;127;133
19;1105;286;122;164
19;1018;274;103;171
19;931;285;138;147
19;844;325;156;169
19;757;266;118;148
19;670;247;100;147
19;583;260;111;149
19;496;301;145;156
19;409;242;110;132
19;322;325;126;199
19;235;361;146;215
19;148;326;160;166
19;61;332;164;168
19;1541;323;146;177
19;1454;289;135;154
19;1367;287;136;151
19;1280;260;127;133
19;1193;284;120;164
19;1106;274;104;170
19;1019;276;130;146
19;932;314;150;164
19;845;260;115;145
19;758;241;96;145
19;671;254;108;146
19;584;291;136;155
19;497;230;100;130
19;410;324;127;197
19;323;353;142;211
19;236;317;151;166
19;149;320;155;165
19;62;310;141;169
19;1542;286;133;153
19;1455;285;134;151
19;1368;259;126;133
19;1281;288;121;167
19;1194;266;101;165
19;1107;277;132;145
19;1020;310;146;164
19;933;247;105;142
19;846;238;95;143
19;759;243;105;138
19;672;287;135;152
19;585;227;101;126
19;498;313;120;193
19;411;351;141;210
19;324;309;143;166
19;237;317;154;163
19;150;301;140;161
19;63;368;165;203
19;1543;277;128;149
19;1456;257;123;134
19;1369;286;119;167
19;1282;265;102;163
19;1195;276;130;146
19;1108;307;146;161
19;1021;240;99;141
19;934;224;87;137
19;847;235;102;133
19;760;276;130;146
19;673;222;98;124
19;586;311;119;192
19;499;338;134;204
19;412;304;139;165
19;325;313;149;164
19;238;296;137;159
19;151;358;157;201
19;64;317;128;189
19;1544;251;119;132
19;1457;279;114;165
19;1370;260;97;163
19;1283;272;126;146
19;1196;307;145;162
19;1109;235;97;138
19;1022;219;87;132
19;935;241;100;141
19;848;273;127;146
19;761;220;98;122
19;674;303;117;186
19;587;332;133;199
19;500;294;135;159
19;413;306;144;162
19;326;291;137;154
19;239;361;159;202
19;152;313;124;189
19;65;344;155;189
19;1545;276;114;162
19;1458;259;95;164
19;1371;270;123;147
19;1284;303;143;160
19;1197;235;97;138
19;1110;217;84;133
19;1023;239;100;139
19;936;251;116;135
19;849;218;98;120
19;762;297;111;186
19;675;326;129;197
19;588;288;130;158
19;501;288;131;157
19;414;283;131;152
19;327;353;152;201
19;240;309;124;185
19;153;345;152;193
19;66;288;110;178
19;1546;251;93;158
19;1459;264;118;146
19;1372;296;141;155
19;1285;232;93;139
19;1198;213;79;134
19;1111;238;99;139
19;1024;245;112;133
19;937;219;96;123
19;850;289;108;181
19;763;317;121;196
19;676;285;129;156
19;589;278;126;152
19;502;272;124;148
19;415;343;148;195
19;328;302;117;185
19;241;337;146;191
19;154;288;107;181
19;67;293;122;171
19;1547;263;117;146
19;1460;287;133;154
19;1373;228;90;138
19;1286;209;77;132
19;1199;237;101;136
19;1112;236;106;130
19;1025;216;93;123
19;938;291;110;181
19;851;314;120;194
19;764;277;119;158
19;677;266;116;150
19;590;263;117;146
19;503;332;141;191
19;416;295;115;180
19;329;334;141;193
19;242;280;104;176
19;155;285;119;166
19;68;252;88;164
19;1548;282;127;155
19;1461;215;79;136
19;1374;203;72;131
19;1287;234;98;136
19;1200;230;104;126
19;1113;212;90;122
19;1026;283;104;179
19;939;313;117;196
19;852;273;116;157
19;765;262;111;151
19;678;254;111;143
19;591;328;140;188
19;504;289;110;179
19;417;325;135;190
19;330;277;100;177
19;243;278;117;161
19;156;245;80;165
19;69;297;127;170
19;1549;212;76;136
19;1462;203;71;132
19;1375;232;96;136
19;1288;223;103;120
19;1201;204;84;120
19;1114;275;98;177
19;1027;308;113;195
19;940;266;115;151
19;853;254;104;150
19;766;245;107;138
19;679;320;134;186
19;592;277;100;177
19;505;309;124;185
19;418;268;91;177
19;331;272;111;161
19;244;240;77;163
19;157;281;117;164
19;70;252;94;158
19;1550;197;67;130
19;1463;230;93;137
19;1376;216;100;116
19;1289;201;82;119
19;1202;264;93;171
19;1115;303;109;194
19;1028;259;110;149
19;941;259;99;160
19;854;232;98;134
19;767;306;125;181
19;680;264;90;174
19;593;299;120;179
19;506;251;79;172
19;419;261;105;156
19;332;236;75;161
19;245;274;114;160
19;158;246;90;156
19;71;251;103;148
19;1551;221;87;134
19;1464;211;99;112
19;1377;196;80;116
19;1290;258;88;170
19;1203;294;105;189
19;1116;247;104;143
19;1029;253;94;159
19;942;222;88;134
19;855;300;123;177
19;768;260;88;172
19;681;286;113;173
19;594;241;73;168
19;507;251;97;154
19;420;229;71;158
19;333;269;110;159
19;246;240;84;156
19;159;243;99;144
19;72;202;66;136
19;1552;207;93;114
19;1465;191;74;117
19;1378;251;83;168
19;1291;286;100;186
19;1204;237;97;140
19;1117;248;89;159
19;1030;215;83;132
19;943;283;110;173
19;856;252;85;167
19;769;268;101;167
19;682;231;69;162
19;595;240;91;149
19;508;222;66;156
19;421;256;100;156
19;334;238;83;155
19;247;240;95;145
19;160;193;62;131
19;73;196;68;128
19;1553;185;70;115
19;1466;248;81;167
19;1379;275;93;182
19;1292;232;93;139
19;1205;237;83;154
19;1118;210;82;128
19;1031;277;106;171
19;944;235;74;161
19;857;256;95;161
19;770;225;67;158
19;683;232;87;145
19;596;217;65;152
19;509;247;94;153
19;422;226;78;148
19;335;236;94;142
19;248;189;61;128
19;161;187;63;124
19;74;227;85;142
19;1554;243;80;163
19;1467;267;85;182
19;1380;225;89;136
19;1293;231;81;150
19;1206;206;79;127
19;1119;264;99;165
19;1032;225;69;156
19;945;249;88;161
19;858;212;63;149
19;771;220;79;141
19;684;204;59;145
19;597;239;91;148
19;510;211;73;138
19;423;224;88;136
19;336;185;59;126
19;249;175;58;117
19;162;219;81;138
19;75;195;62;133
19;1555;251;79;172
19;1468;209;81;128
19;1381;223;78;145
19;1294;197;77;120
19;1207;249;92;157
19;1120;211;61;150
19;1033;237;81;156
19;946;196;59;137
19;859;209;75;134
19;772;196;58;138
19;685;225;86;139
19;598;206;70;136
19;511;215;83;132
19;424;173;50;123
19;337;170;53;117
19;250;217;79;138
19;163;195;63;132
19;76;157;45;112
19;1556;204;78;126
19;1469;213;73;140
19;1382;186;69;117
19;1295;244;86;158
19;1208;206;58;148
19;1121;229;77;152
19;1034;193;57;136
19;947;187;56;131
19;860;191;57;134
19;773;212;78;134
19;686;196;64;132
19;599;202;74;128
19;512;166;46;120
19;425;162;52;110
19;338;206;72;134
19;251;189;58;131
19;164;147;38;109
19;77;155;43;112
19;1557;200;65;135
19;1470;176;64;112
19;1383;232;81;151
19;1296;200;55;145
19;1209;221;73;148
19;1122;181;53;128
19;1035;177;51;126
19;948;170;49;121
19;861;197;71;126
19;774;190;60;130
19;687;199;73;126
19;600;164;45;119
19;513;153;50;103
19;426;195;67;128
19;339;179;53;126
19;252;142;36;106
19;165;148;39;109
19;78;142;39;103
19;1558;165;57;108
19;1471;216;74;142
19;1384;195;51;144
19;1297;213;70;143
19;1210;178;51;127
19;1123;162;47;115
19;1036;161;43;118
19;949;176;62;114
19;862;179;55;124
19;775;185;66;119
19;688;154;42;112
19;601;144;46;98
19;514;186;61;125
19;427;175;51;124
19;340;133;32;101
19;253;143;35;108
19;166;138;37;101
19;79;113;42;71
19;1559;198;64;134
19;1472;188;46;142
19;1385;202;64;138
19;1298;169;48;121
19;1211;157;44;113
19;1124;151;38;113
19;1037;169;57;112
19;950;155;43;112
19;863;173;63;110
19;776;142;36;106
19;689;134;41;93
19;602;173;56;117
19;515;163;47;116
19;428;119;26;93
19;341;132;31;101
19;254;129;35;94
19;167;109;40;69
19;80;95;35;60
19;1560;173;37;136
19;1473;187;52;135
19;1386;152;43;109
19;1299;151;39;112
19;1212;140;34;106
19;1125;165;55;110
19;1038;147;40;107
19;951;145;51;94
19;864;137;35;102
19;777;125;37;88
19;690;161;49;112
19;603;147;40;107
19;516;113;24;89
19;429;127;29;98
19;342;113;30;83
19;255;107;41;66
19;168;89;32;57
19;81;94;32;62
19;1561;172;43;129
19;1474;143;42;101
19;1387;139;38;101
19;1300;134;34;100
19;1213;153;49;104
19;1126;142;37;105
19;1039;129;44;85
19;952;111;27;84
19;865;120;35;85
19;778;140;46;94
19;691;139;36;103
19;604;101;20;81
19;517;118;28;90
19;430;109;27;82
19;343;93;31;62
19;256;80;24;56
19;169;82;28;54
19;82;66;16;50
19;1562;130;39;91
19;1475;121;30;91
19;1388;119;29;90
19;1301;142;43;99
19;1214;132;34;98
19;1127;108;33;75
19;1040;104;24;80
19;953;103;31;72
19;866;122;41;81
19;779;126;27;99
19;692;92;17;75
19;605;112;26;86
19;518;97;24;73
19;431;83;25;58
19;344;73;23;50
19;257;77;25;52
19;170;62;16;46
19;83;48;13;35
19;1563;117;27;90
19;1476;108;26;82
19;1389;136;41;95
19;1302;116;30;86
19;1215;106;33;73
19;1128;93;21;72
19;1041;97;28;69
19;954;106;34;72
19;867;116;25;91
19;780;84;16;68
19;693;105;23;82
19;606;90;22;68
19;519;77;20;57
19;432;69;20;49
19;345;64;19;45
19;258;59;10;49
19;171;44;12;32
19;84;57;16;41
19;1564;94;22;72
19;1477;125;39;86
19;1390;109;28;81
19;1303;98;32;66
19;1216;88;22;66
19;1129;90;26;64
19;1042;99;30;69
19;955;83;13;70
19;868;76;13;63
19;781;92;20;72
19;694;83;19;64
19;607;71;17;54
19;520;59;17;42
19;433;65;23;42
19;346;49;6;43
19;259;41;11;30
19;172;53;14;39
19;85;47;13;34
19;1565;473;120;353
19;1478;442;108;334
19;1391;419;109;310
19;1304;411;92;319
19;1217;407;98;309
19;1130;365;86;279
19;1043;325;66;259
19;956;308;60;248
19;869;321;67;254
19;782;290;58;232
19;695;289;60;229
19;608;273;56;217
19;521;267;51;216
19;434;282;55;227
19;347;280;55;225
19;260;279;60;219
19;173;279;68;211
19;86;286;70;216
19;1566;23724;11454;12270
19;1479;23770;11312;12458
19;1392;23959;11345;12614
19;1305;24164;11443;12721
19;1218;24234;11454;12780
19;1131;24396;11533;12863
19;1044;24700;11638;13062
19;957;25061;11813;13248
19;870;25802;12153;13649
19;783;26041;12220;13821
19;696;26338;12367;13971
19;609;26654;12523;14131
19;522;26973;12675;14298
19;435;27649;13092;14557
19;348;28015;13286;14729
19;261;28333;13468;14865
19;174;28576;13641;14935
19;87;28976;13898;15078
20;1480;108;53;55
20;1393;107;71;36
20;1306;135;74;61
20;1219;111;65;46
20;1132;133;67;66
20;1045;125;58;67
20;958;132;63;69
20;871;111;57;54
20;784;129;68;61
20;697;157;73;84
20;610;123;68;55
20;523;135;62;73
20;436;153;77;76
20;349;159;92;67
20;262;170;104;66
20;175;173;89;84
20;88;170;87;83
20;1;196;108;88
20;1481;107;69;38
20;1394;129;72;57
20;1307;111;62;49
20;1220;133;65;68
20;1133;127;56;71
20;1046;130;64;66
20;959;112;56;56
20;872;109;54;55
20;785;155;71;84
20;698;120;66;54
20;611;137;63;74
20;524;153;77;76
20;437;158;90;68
20;350;168;105;63
20;263;179;91;88
20;176;168;86;82
20;89;199;110;89
20;2;180;89;91
20;1482;122;66;56
20;1395;106;56;50
20;1308;127;60;67
20;1221;123;54;69
20;1134;125;63;62
20;1047;104;58;46
20;960;108;54;54
20;873;134;64;70
20;786;118;63;55
20;699;136;64;72
20;612;153;76;77
20;525;155;92;63
20;438;164;102;62
20;351;180;91;89
20;264;171;86;85
20;177;199;110;89
20;90;184;92;92
20;3;190;101;89
20;1483;106;56;50
20;1396;126;61;65
20;1309;118;51;67
20;1222;129;63;66
20;1135;104;58;46
20;1048;102;52;50
20;961;135;63;72
20;874;102;49;53
20;787;134;65;69
20;700;154;76;78
20;613;153;91;62
20;526;161;100;61
20;439;177;91;86
20;352;167;83;84
20;265;194;107;87
20;178;179;88;91
20;91;192;102;90
20;4;217;124;93
20;1484;127;62;65
20;1397;118;53;65
20;1310;125;62;63
20;1223;106;58;48
20;1136;100;50;50
20;1049;134;65;69
20;962;99;44;55
20;875;105;47;58
20;788;154;78;76
20;701;148;90;58
20;614;159;100;59
20;527;175;92;83
20;440;166;82;84
20;353;192;105;87
20;266;172;82;90
20;179;194;102;92
20;92;220;125;95
20;5;180;96;84
20;1485;113;49;64
20;1398;124;63;61
20;1311;101;59;42
20;1224;99;50;49
20;1137;132;64;68
20;1050;96;43;53
20;963;96;42;54
20;876;123;62;61
20;789;146;89;57
20;702;157;98;59
20;615;170;90;80
20;528;167;84;83
20;441;190;104;86
20;354;177;84;93
20;267;191;101;90
20;180;219;123;96
20;93;185;99;86
20;6;244;132;112
20;1486;122;63;59
20;1399;97;56;41
20;1312;99;51;48
20;1225;138;67;71
20;1138;95;42;53
20;1051;90;40;50
20;964;122;62;60
20;877;131;79;52
20;790;156;97;59
20;703;169;88;81
20;616;163;83;80
20;529;189;102;87
20;442;174;84;90
20;355;194;102;92
20;268;215;121;94
20;181;185;100;85
20;94;245;132;113
20;7;225;123;102
20;1487;98;56;42
20;1400;100;52;48
20;1313;138;66;72
20;1226;93;41;52
20;1139;93;40;53
20;1052;118;58;60
20;965;132;80;52
20;878;148;94;54
20;791;169;88;81
20;704;165;83;82
20;617;180;98;82
20;530;173;84;89
20;443;195;100;95
20;356;213;121;92
20;269;186;102;84
20;182;243;130;113
20;95;230;124;106
20;8;277;146;131
20;1488;104;53;51
20;1401;136;66;70
20;1314;89;40;49
20;1227;89;37;52
20;1140;119;58;61
20;1053;127;78;49
20;966;147;93;54
20;879;162;82;80
20;792;163;81;82
20;705;185;99;86
20;618;170;82;88
20;531;192;97;95
20;444;213;121;92
20;357;185;101;84
20;270;241;129;112
20;183;229;123;106
20;96;278;149;129
20;9;302;143;159
20;1489;137;66;71
20;1402;90;40;50
20;1315;89;36;53
20;1228;124;61;63
20;1141;126;79;47
20;1054;146;93;53
20;967;164;83;81
20;880;154;80;74
20;793;182;97;85
20;706;176;86;90
20;619;192;98;94
20;532;214;123;91
20;445;184;102;82
20;358;242;129;113
20;271;228;123;105
20;184;274;146;128
20;97;301;142;159
20;10;289;160;129
20;1490;88;40;48
20;1403;91;36;55
20;1316;123;60;63
20;1229;127;80;47
20;1142;146;91;55
20;1055;165;84;81
20;968;155;83;72
20;881;178;90;88
20;794;177;86;91
20;707;194;98;96
20;620;212;122;90
20;533;187;103;84
20;446;240;130;110
20;359;225;121;104
20;272;272;146;126
20;185;300;142;158
20;98;291;162;129
20;11;304;163;141
20;1491;89;34;55
20;1404;120;58;62
20;1317;125;79;46
20;1230;145;91;54
20;1143;161;82;79
20;1056;151;81;70
20;969;174;89;85
20;882;164;84;80
20;795;189;96;93
20;708;213;123;90
20;621;186;102;84
20;534;240;132;108
20;447;227;122;105
20;360;276;149;127
20;273;299;141;158
20;186;287;158;129
20;99;304;162;142
20;12;322;174;148
20;1492;120;58;62
20;1405;120;77;43
20;1318;146;91;55
20;1231;160;81;79
20;1144;151;80;71
20;1057;178;92;86
20;970;161;82;79
20;883;177;91;86
20;796;210;121;89
20;709;186;103;83
20;622;238;131;107
20;535;229;121;108
20;448;276;149;127
20;361;298;140;158
20;274;280;152;128
20;187;297;158;139
20;100;325;174;151
20;13;343;178;165
20;1493;119;77;42
20;1406;147;91;56
20;1319;158;79;79
20;1232;147;79;68
20;1145;178;94;84
20;1058;159;80;79
20;971;176;91;85
20;884;200;110;90
20;797;186;103;83
20;710;234;127;107
20;623;227;119;108
20;536;272;146;126
20;449;292;138;154
20;362;277;151;126
20;275;296;158;138
20;188;326;174;152
20;101;343;179;164
20;14;316;158;158
20;1494;144;91;53
20;1407;154;77;77
20;1320;145;80;65
20;1233;178;95;83
20;1146;155;76;79
20;1059;172;86;86
20;972;198;109;89
20;885;164;86;78
20;798;235;129;106
20;711;224;119;105
20;624;271;145;126
20;537;288;136;152
20;450;275;150;125
20;363;295;156;139
20;276;311;165;146
20;189;333;171;162
20;102;317;157;160
20;15;329;170;159
20;1495;152;75;77
20;1408;146;79;67
20;1321;177;95;82
20;1234;151;75;76
20;1147;170;86;84
20;1060;199;111;88
20;973;165;87;78
20;886;228;123;105
20;799;223;119;104
20;712;266;142;124
20;625;285;135;150
20;538;274;149;125
20;451;287;153;134
20;364;307;163;144
20;277;323;165;158
20;190;309;150;159
20;103;330;168;162
20;16;354;185;169
20;1496;143;78;65
20;1409;178;95;83
20;1322;150;74;76
20;1235;168;88;80
20;1148;197;110;87
20;1061;162;87;75
20;974;226;121;105
20;887;207;111;96
20;800;262;141;121
20;713;280;134;146
20;626;272;148;124
20;539;281;151;130
20;452;297;158;139
20;365;317;160;157
20;278;294;144;150
20;191;324;163;161
20;104;356;188;168
20;17;303;157;146
20;1497;177;95;82
20;1410;148;72;76
20;1323;169;87;82
20;1236;199;113;86
20;1149;162;88;74
20;1062;222;117;105
20;975;209;112;97
20;888;266;141;125
20;801;277;132;145
20;714;266;143;123
20;627;276;149;127
20;540;290;154;136
20;453;306;153;153
20;366;292;140;152
20;279;314;160;154
20;192;352;186;166
20;105;301;154;147
20;18;310;147;163
20;1498;145;71;74
20;1411;170;86;84
20;1324;195;110;85
20;1237;163;88;75
20;1150;216;114;102
20;1063;209;111;98
20;976;262;140;122
20;889;273;128;145
20;802;265;144;121
20;715;270;146;124
20;628;286;152;134
20;541;302;152;150
20;454;281;136;145
20;367;307;158;149
20;280;342;178;164
20;193;298;155;143
20;106;307;144;163
20;19;272;149;123
20;1499;168;86;82
20;1412;186;105;81
20;1325;156;83;73
20;1238;212;111;101
20;1151;205;111;94
20;1064;251;136;115
20;977;269;131;138
20;890;233;134;99
20;803;270;146;124
20;716;278;148;130
20;629;296;150;146
20;542;276;134;142
20;455;292;152;140
20;368;330;172;158
20;281;282;147;135
20;194;305;144;161
20;107;269;145;124
20;20;213;130;83
20;1500;180;102;78
20;1413;151;80;71
20;1326;212;116;96
20;1239;203;110;93
20;1152;242;131;111
20;1065;263;123;140
20;978;230;132;98
20;891;229;122;107
20;804;273;146;127
20;717;290;148;142
20;630;269;131;138
20;543;278;146;132
20;456;314;165;149
20;369;274;148;126
20;282;298;141;157
20;195;265;144;121
20;108;216;132;84
20;21;204;133;71
20;1501;148;78;70
20;1414;209;113;96
20;1327;199;109;90
20;1240;240;130;110
20;1153;260;124;136
20;1066;218;132;86
20;979;228;123;105
20;892;228;138;90
20;805;283;144;139
20;718;268;129;139
20;631;263;142;121
20;544;300;157;143
20;457;261;139;122
20;370;282;137;145
20;283;251;137;114
20;196;220;131;89
20;109;202;130;72
20;22;188;118;70
20;1502;200;103;97
20;1415;195;108;87
20;1328;232;123;109
20;1241;256;122;134
20;1154;203;125;78
20;1067;229;123;106
20;980;219;133;86
20;893;231;126;105
20;806;254;123;131
20;719;258;140;118
20;632;289;153;136
20;545;251;133;118
20;458;266;130;136
20;371;245;135;110
20;284;214;129;85
20;197;204;130;74
20;110;192;118;74
20;23;199;123;76
20;1503;183;107;76
20;1416;224;119;105
20;1329;249;119;130
20;1242;204;131;73
20;1155;221;121;100
20;1068;200;125;75
20;981;224;123;101
20;894;217;110;107
20;807;246;133;113
20;720;279;148;131
20;633;248;128;120
20;546;254;124;130
20;459;234;131;103
20;372;196;124;72
20;285;193;126;67
20;198;202;123;79
20;111;199;122;77
20;24;198;99;99
20;1504;218;116;102
20;1417;237;112;125
20;1330;189;117;72
20;1243;212;121;91
20;1156;194;120;74
20;1069;209;115;94
20;982;207;108;99
20;895;209;114;95
20;808;268;143;125
20;721;235;121;114
20;634;252;122;130
20;547;219;123;96
20;460;180;118;62
20;373;188;121;67
20;286;191;120;71
20;199;198;121;77
20;112;195;94;101
20;25;214;109;105
20;1505;216;107;109
20;1418;185;117;68
20;1331;204;121;83
20;1244;189;119;70
20;1157;190;103;87
20;1070;200;107;93
20;983;190;107;83
20;896;203;114;89
20;809;227;118;109
20;722;241;117;124
20;635;206;119;87
20;548;162;111;51
20;461;175;110;65
20;374;176;115;61
20;287;189;112;77
20;200;189;93;96
20;113;215;108;107
20;26;218;115;103
20;1506;170;109;61
20;1419;192;119;73
20;1332;180;116;64
20;1245;183;98;85
20;1158;191;98;93
20;1071;171;100;71
20;984;190;108;82
20;897;165;88;77
20;810;233;116;117
20;723;190;108;82
20;636;157;109;48
20;549;162;102;60
20;462;173;117;56
20;375;188;111;77
20;288;182;85;97
20;201;217;107;110
20;114;216;114;102
20;27;218;123;95
20;1507;186;116;70
20;1420;160;110;50
20;1333;168;94;74
20;1246;171;90;81
20;1159;165;97;68
20;1072;179;106;73
20;985;162;94;68
20;898;153;76;77
20;811;179;100;79
20;724;147;104;43
20;637;153;95;58
20;550;159;106;53
20;463;181;106;75
20;376;181;88;93
20;289;205;100;105
20;202;216;114;102
20;115;220;125;95
20;28;259;138;121
20;1508;150;106;44
20;1421;154;92;62
20;1334;156;80;76
20;1247;156;96;60
20;1160;163;100;63
20;1073;145;84;61
20;986;144;73;71
20;899;167;94;73
20;812;137;98;39
20;725;150;92;58
20;638;150;102;48
20;551;162;98;64
20;464;164;75;89
20;377;191;90;101
20;290;204;110;94
20;203;221;127;94
20;116;248;131;117
20;29;273;146;127
20;1509;136;85;51
20;1422;139;73;66
20;1335;136;88;48
20;1248;147;88;59
20;1161;132;81;51
20;1074;126;65;61
20;987;154;89;65
20;900;162;96;66
20;813;142;85;57
20;726;141;97;44
20;639;151;91;60
20;552;159;73;86
20;465;186;89;97
20;378;192;103;89
20;291;218;127;91
20;204;244;131;113
20;117;267;139;128
20;30;275;163;112
20;1510;127;71;56
20;1423;116;74;42
20;1336;135;86;49
20;1249;132;80;52
20;1162;118;64;54
20;1075;138;82;56
20;988;147;84;63
20;901;162;91;71
20;814;131;93;38
20;727;150;94;56
20;640;151;68;83
20;553;181;85;96
20;466;180;97;83
20;379;208;117;91
20;292;237;132;105
20;205;270;140;130
20;118;267;157;110
20;31;250;116;134
20;1511;95;64;31
20;1424;129;82;47
20;1337;119;71;48
20;1250;112;60;52
20;1163;127;76;51
20;1076;131;80;51
20;989;155;88;67
20;902;161;84;77
20;815;140;86;54
20;728;146;64;82
20;641;177;83;94
20;554;178;97;81
20;467;203;114;89
20;380;228;125;103
20;293;249;124;125
20;206;269;160;109
20;119;248;116;132
20;32;256;136;120
20;1512;118;74;44
20;1425;101;60;41
20;1338;103;56;47
20;1251;123;74;49
20;1164;129;76;53
20;1077;151;81;70
20;990;155;83;72
20;903;176;102;74
20;816;140;59;81
20;729;169;78;91
20;642;175;98;77
20;555;203;114;89
20;468;217;118;99
20;381;241;123;118
20;294;264;158;106
20;207;242;113;129
20;120;259;138;121
20;33;292;153;139
20;1513;89;55;34
20;1426;99;54;45
20;1339;114;70;44
20;1252;134;80;54
20;1165;148;79;69
20;1078;146;79;67
20;991;172;99;73
20;904;178;82;96
20;817;164;73;91
20;730;169;94;75
20;643;195;112;83
20;556;213;116;97
20;469;233;118;115
20;382;259;158;101
20;295;233;108;125
20;208;259;137;122
20;121;290;152;138
20;34;266;141;125
20;1514;91;51;40
20;1427;104;67;37
20;1340;132;82;50
20;1253;148;82;66
20;1166;137;74;63
20;1079;160;90;70
20;992;172;76;96
20;905;193;88;105
20;818;166;93;73
20;731;183;103;80
20;644;206;108;98
20;557;229;116;113
20;470;250;150;100
20;383;231;107;124
20;296;255;136;119
20;209;293;154;139
20;122;265;141;124
20;35;291;157;134
20;1515;101;66;35
20;1428;121;77;44
20;1341;146;81;65
20;1254;127;67;60
20;1167;151;85;66
20;1080;168;77;91
20;993;191;88;103
20;906;199;103;96
20;819;173;94;79
20;732;196;106;90
20;645;220;114;106
20;558;248;148;100
20;471;228;108;120
20;384;245;129;116
20;297;283;149;134
20;210;262;140;122
20;123;289;157;132
20;36;298;175;123
20;1516;108;69;39
20;1429;139;74;65
20;1342;124;67;57
20;1255;148;82;66
20;1168;167;75;92
20;1081;188;84;104
20;994;194;101;93
20;907;190;107;83
20;820;191;102;89
20;733;213;110;103
20;646;239;145;94
20;559;225;108;117
20;472;237;127;110
20;385;277;146;131
20;298;253;134;119
20;211;285;157;128
20;124;303;178;125
20;37;272;143;129
20;1517;134;71;63
20;1430;124;69;55
20;1343;146;79;67
20;1256;171;78;93
20;1169;189;85;104
20;1082;188;99;89
20;995;187;105;82
20;908;230;110;120
20;821;210;107;103
20;734;236;140;96
20;647;228;109;119
20;560;229;122;107
20;473;268;139;129
20;386;246;132;114
20;299;280;150;130
20;212;292;174;118
20;125;271;141;130
20;38;359;196;163
20;1518;110;60;50
20;1431;145;80;65
20;1344;166;74;92
20;1257;187;86;101
20;1170;185;99;86
20;1083;192;110;82
20;996;229;108;121
20;909;249;132;117
20;822;229;134;95
20;735;225;108;117
20;648;227;122;105
20;561;263;133;130
20;474;244;130;114
20;387;277;149;128
20;300;284;169;115
20;213;275;144;131
20;126;356;196;160
20;39;316;159;157
20;1519;143;80;63
20;1432;163;75;88
20;1345;182;79;103
20;1258;184;99;85
20;1171;184;107;77
20;1084;225;109;116
20;997;252;132;120
20;910;248;136;112
20;823;222;106;116
20;736;230;122;108
20;649;258;130;128
20;562;243;130;113
20;475;268;141;127
20;388;276;165;111
20;301;266;136;130
20;214;357;198;159
20;127;308;154;154
20;40;338;176;162
20;1520;159;73;86
20;1433;179;78;101
20;1346;178;95;83
20;1259;188;113;75
20;1172;220;103;117
20;1085;249;130;119
20;998;245;133;112
20;911;239;111;128
20;824;226;119;107
20;737;256;128;128
20;650;239;127;112
20;563;263;138;125
20;476;272;162;110
20;389;255;131;124
20;302;340;189;151
20;215;299;150;149
20;128;342;178;164
20;41;341;171;170
20;1521;172;75;97
20;1434;177;94;83
20;1347;179;105;74
20;1260;218;102;116
20;1173;243;127;116
20;1086;237;128;109
20;999;240;111;129
20;912;228;116;112
20;825;251;124;127
20;738;237;126;111
20;651;254;132;122
20;564;268;159;109
20;477;248;126;122
20;390;325;180;145
20;303;290;143;147
20;216;338;175;163
20;129;336;169;167
20;42;327;165;162
20;1522;181;96;85
20;1435;175;104;71
20;1348;217;101;116
20;1261;242;127;115
20;1174;236;128;108
20;1087;238;111;127
20;1000;226;115;111
20;913;266;134;132
20;826;239;125;114
20;739;248;130;118
20;652;267;159;108
20;565;242;124;118
20;478;319;177;142
20;391;284;141;143
20;304;328;167;161
20;217;332;167;165
20;130;331;170;161
20;43;301;152;149
20;1523;178;105;73
20;1436;212;97;115
20;1349;239;125;114
20;1262;235;127;108
20;1175;235;109;126
20;1088;220;110;110
20;1001;264;134;130
20;914;257;134;123
20;827;245;127;118
20;740;260;153;107
20;653;243;126;117
20;566;311;171;140
20;479;280;140;140
20;392;322;169;153
20;305;321;160;161
20;218;328;167;161
20;131;306;158;148
20;44;298;165;133
20;1524;209;95;114
20;1437;237;125;112
20;1350;237;131;106
20;1263;227;105;122
20;1176;217;106;111
20;1089;265;133;132
20;1002;255;132;123
20;915;252;133;119
20;828;252;144;108
20;741;241;124;117
20;654;303;167;136
20;567;273;134;139
20;480;318;166;152
20;393;324;161;163
20;306;312;156;156
20;219;302;156;146
20;132;302;170;132
20;45;303;152;151
20;1525;230;121;109
20;1438;237;129;108
20;1351;220;102;118
20;1264;214;103;111
20;1177;267;135;132
20;1090;262;137;125
20;1003;250;131;119
20;916;269;149;120
20;829;237;122;115
20;742;297;161;136
20;655;271;132;139
20;568;307;157;150
20;481;318;156;162
20;394;306;148;158
20;307;296;153;143
20;220;301;168;133
20;133;305;153;152
20;46;271;141;130
20;1526;237;128;109
20;1439;221;104;117
20;1352;211;101;110
20;1265;266;134;132
20;1178;264;138;126
20;1091;245;124;121
20;1004;263;146;117
20;917;261;141;120
20;830;288;157;131
20;743;268;131;137
20;656;302;154;148
20;569;316;154;162
20;482;306;147;159
20;395;294;154;140
20;308;294;165;129
20;221;296;147;149
20;134;268;140;128
20;47;284;133;151
20;1527;221;102;119
20;1440;208;100;108
20;1353;262;132;130
20;1266;258;134;124
20;1179;239;119;120
20;1092;260;142;118
20;1005;256;140;116
20;918;321;178;143
20;831;267;127;140
20;744;297;152;145
20;657;312;149;163
20;570;298;140;158
20;483;292;150;142
20;396;288;160;128
20;309;288;143;145
20;222;261;133;128
20;135;282;133;149
20;48;264;138;126
20;1528;206;97;109
20;1441;258;128;130
20;1354;260;134;126
20;1267;238;117;121
20;1180;263;144;119
20;1093;257;142;115
20;1006;320;175;145
20;919;277;140;137
20;832;297;152;145
20;745;309;148;161
20;658;290;134;156
20;571;284;144;140
20;484;281;154;127
20;397;282;139;143
20;310;251;126;125
20;223;282;131;151
20;136;259;133;126
20;49;295;147;148
20;1529;259;130;129
20;1442;254;130;124
20;1355;237;115;122
20;1268;257;140;117
20;1181;253;138;115
20;1094;317;172;145
20;1007;272;136;136
20;920;302;155;147
20;833;304;143;161
20;746;288;133;155
20;659;278;143;135
20;572;278;153;125
20;485;272;132;140
20;398;240;123;117
20;311;269;126;143
20;224;255;129;126
20;137;291;145;146
20;50;270;136;134
20;1530;251;129;122
20;1443;234;114;120
20;1356;256;140;116
20;1269;251;136;115
20;1182;315;172;143
20;1095;270;133;137
20;1008;299;153;146
20;921;301;139;162
20;834;281;128;153
20;747;275;142;133
20;660;266;143;123
20;573;264;125;139
20;486;231;113;118
20;399;269;127;142
20;312;246;127;119
20;225;289;143;146
20;138;271;137;134
20;51;300;170;130
20;1531;227;111;116
20;1444;253;136;117
20;1357;241;130;111
20;1270;317;173;144
20;1183;268;132;136
20;1096;298;154;144
20;1009;305;142;163
20;922;285;139;146
20;835;265;135;130
20;748;265;141;124
20;661;262;123;139
20;574;224;107;117
20;487;271;131;140
20;400;247;124;123
20;313;281;137;144
20;226;265;132;133
20;139;297;169;128
20;52;296;146;150
20;1532;247;134;113
20;1445;238;128;110
20;1358;313;170;143
20;1271;269;132;137
20;1184;301;156;145
20;1097;301;139;162
20;1010;284;138;146
20;923;252;125;127
20;836;257;137;120
20;749;256;118;138
20;662;224;108;116
20;575;265;126;139
20;488;236;120;116
20;401;266;131;135
20;314;248;118;130
20;227;293;169;124
20;140;302;149;153
20;53;271;128;143
20;1533;232;123;109
20;1446;313;168;145
20;1359;264;131;133
20;1272;304;156;148
20;1185;295;136;159
20;1098;287;140;147
20;1011;238;116;122
20;924;265;132;133
20;837;252;115;137
20;750;219;103;116
20;663;260;124;136
20;576;234;118;116
20;489;264;128;136
20;402;244;117;127
20;315;291;166;125
20;228;295;144;151
20;141;275;130;145
20;54;259;133;126
20;1534;311;166;145
20;1447;262;130;132
20;1360;301;154;147
20;1273;291;131;160
20;1186;287;142;145
20;1099;235;116;119
20;1012;260;130;130
20;925;253;119;134
20;838;215;100;115
20;751;259;122;137
20;664;227;111;116
20;577;262;129;133
20;490;240;114;126
20;403;281;161;120
20;316;285;139;146
20;229;267;124;143
20;142;256;131;125
20;55;212;109;103
20;1535;260;128;132
20;1448;299;152;147
20;1361;284;129;155
20;1274;287;142;145
20;1187;233;113;120
20;1100;258;129;129
20;1013;245;112;133
20;926;230;118;112
20;839;257;120;137
20;752;229;113;116
20;665;254;123;131
20;578;233;110;123
20;491;279;156;123
20;404;280;135;145
20;317;251;112;139
20;230;251;128;123
20;143;210;109;101
20;56;274;127;147
20;1536;294;147;147
20;1449;287;128;159
20;1362;280;137;143
20;1275;235;113;122
20;1188;251;124;127
20;1101;246;113;133
20;1014;227;118;109
20;927;255;119;136
20;840;228;112;116
20;753;250;120;130
20;666;228;104;124
20;579;273;151;122
20;492;279;134;145
20;405;242;106;136
20;318;247;123;124
20;231;207;106;101
20;144;267;123;144
20;57;255;129;126
20;1537;281;124;157
20;1450;277;135;142
20;1363;228;106;122
20;1276;256;127;129
20;1189;245;113;132
20;1102;228;120;108
20;1015;252;120;132
20;928;216;106;110
20;841;250;117;133
20;754;230;104;126
20;667;266;144;122
20;580;275;129;146
20;493;242;105;137
20;406;241;120;121
20;319;199;101;98
20;232;265;122;143
20;145;256;129;127
20;58;288;117;171
20;1538;272;133;139
20;1451;224;103;121
20;1364;252;124;128
20;1277;241;112;129
20;1190;221;114;107
20;1103;251;119;132
20;1016;208;101;107
20;929;258;123;135
20;842;227;100;127
20;755;267;144;123
20;668;272;125;147
20;581;243;103;140
20;494;240;119;121
20;407;196;98;98
20;320;261;120;141
20;233;248;123;125
20;146;283;114;169
20;59;327;158;169
20;1539;222;103;119
20;1452;247;120;127
20;1365;236;108;128
20;1278;220;112;108
20;1191;248;115;133
20;1104;203;98;105
20;1017;247;116;131
20;930;237;109;128
20;843;259;138;121
20;756;265;120;145
20;669;234;99;135
20;582;233;113;120
20;495;190;94;96
20;408;252;114;138
20;321;236;113;123
20;234;283;110;173
20;147;322;156;166
20;60;303;131;172
20;1540;247;118;129
20;1453;236;108;128
20;1366;215;110;105
20;1279;246;113;133
20;1192;191;91;100
20;1105;246;116;130
20;1018;235;107;128
20;931;258;128;130
20;844;254;115;139
20;757;229;96;133
20;670;225;110;115
20;583;182;88;94
20;496;245;108;137
20;409;240;111;129
20;322;274;106;168
20;235;319;152;167
20;148;301;130;171
20;61;339;158;181
20;1541;229;102;127
20;1454;216;110;106
20;1367;242;110;132
20;1280;188;88;100
20;1193;235;112;123
20;1106;235;106;129
20;1019;249;120;129
20;932;256;118;138
20;845;224;92;132
20;758;215;101;114
20;671;182;88;94
20;584;239;103;136
20;497;233;105;128
20;410;268;103;165
20;323;308;148;160
20;236;297;129;168
20;149;336;155;181
20;62;302;133;169
20;1542;212;106;106
20;1455;239;107;132
20;1368;186;84;102
20;1281;232;109;123
20;1194;231;101;130
20;1107;242;114;128
20;1020;251;112;139
20;933;226;96;130
20;846;213;102;111
20;759;179;89;90
20;672;232;97;135
20;585;222;96;126
20;498;261;99;162
20;411;303;144;159
20;324;276;116;160
20;237;329;150;179
20;150;300;133;167
20;63;339;163;176
20;1543;234;103;131
20;1456;183;83;100
20;1369;226;104;122
20;1282;224;95;129
20;1195;242;112;130
20;1108;246;112;134
20;1021;221;92;129
20;934;217;102;115
20;847;176;84;92
20;760;228;95;133
20;673;223;93;130
20;586;249;89;160
20;499;298;137;161
20;412;271;113;158
20;325;321;142;179
20;238;294;126;168
20;151;345;164;181
20;64;338;147;191
20;1544;177;79;98
20;1457;224;104;120
20;1370;220;92;128
20;1283;238;107;131
20;1196;239;109;130
20;1109;219;89;130
20;1022;211;98;113
20;935;174;82;92
20;848;224;93;131
20;761;215;91;124
20;674;252;92;160
20;587;292;133;159
20;500;267;111;156
20;413;315;136;179
20;326;284;120;164
20;239;341;162;179
20;152;341;148;193
20;65;332;143;189
20;1545;219;102;117
20;1458;219;91;128
20;1371;230;100;130
20;1284;233;104;129
20;1197;217;88;129
20;1110;208;98;110
20;1023;169;78;91
20;936;223;97;126
20;849;203;82;121
20;762;252;92;160
20;675;285;128;157
20;588;260;107;153
20;501;308;133;175
20;414;280;114;166
20;327;338;163;175
20;240;332;143;189
20;153;328;140;188
20;66;315;131;184
20;1546;215;87;128
20;1459;225;96;129
20;1372;230;102;128
20;1285;214;86;128
20;1198;205;97;108
20;1111;162;70;92
20;1024;215;88;127
20;937;215;91;124
20;850;248;90;158
20;763;272;120;152
20;676;251;103;148
20;589;299;125;174
20;502;266;105;161
20;415;326;153;173
20;328;326;141;185
20;241;325;138;187
20;154;314;131;183
20;67;334;127;207
20;1547;224;96;128
20;1460;225;98;127
20;1373;208;82;126
20;1286;199;91;108
20;1199;159;68;91
20;1112;208;82;126
20;1025;215;92;123
20;938;244;93;151
20;851;270;116;154
20;764;245;96;149
20;677;291;122;169
20;590;257;97;160
20;503;314;142;172
20;416;319;135;184
20;329;310;128;182
20;242;308;126;182
20;155;325;124;201
20;68;338;127;211
20;1548;216;92;124
20;1461;205;79;126
20;1374;193;89;104
20;1287;154;66;88
20;1200;206;81;125
20;1113;214;92;122
20;1026;242;92;150
20;939;258;113;145
20;852;237;89;148
20;765;285;118;167
20;678;258;99;159
20;591;304;135;169
20;504;301;125;176
20;417;296;121;175
20;330;297;119;178
20;243;318;118;200
20;156;332;122;210
20;69;358;112;246
20;1549;196;71;125
20;1462;185;84;101
20;1375;148;60;88
20;1288;198;74;124
20;1201;205;85;120
20;1114;239;90;149
20;1027;252;106;146
20;940;230;82;148
20;853;281;114;167
20;766;249;94;155
20;679;287;122;165
20;592;293;121;172
20;505;289;113;176
20;418;295;115;180
20;331;313;115;198
20;244;323;116;207
20;157;347;107;240
20;70;303;120;183
20;1550;179;81;98
20;1463;143;56;87
20;1376;191;69;122
20;1289;199;80;119
20;1202;230;82;148
20;1115;242;102;140
20;1028;224;77;147
20;941;268;111;157
20;854;242;89;153
20;767;278;117;161
20;680;282;114;168
20;593;278;103;175
20;506;284;108;176
20;419;308;112;196
20;332;308;109;199
20;245;344;102;242
20;158;297;115;182
20;71;329;123;206
20;1551;134;50;84
20;1464;186;70;116
20;1377;192;76;116
20;1290;228;80;148
20;1203;235;97;138
20;1116;214;74;140
20;1029;261;107;154
20;942;234;87;147
20;855;266;110;156
20;768;272;105;167
20;681;268;97;171
20;594;272;99;173
20;507;300;109;191
20;420;296;100;196
20;333;340;96;244
20;246;285;109;176
20;159;322;117;205
20;72;291;95;196
20;1552;180;66;114
20;1465;186;74;112
20;1378;221;74;147
20;1291;224;91;133
20;1204;207;71;136
20;1117;249;101;148
20;1030;226;81;145
20;943;246;104;142
20;856;257;98;159
20;769;264;96;168
20;682;257;89;168
20;595;291;105;186
20;508;284;94;190
20;421;330;90;240
20;334;266;98;168
20;247;314;111;203
20;160;280;87;193
20;73;293;94;199
20;1553;176;68;108
20;1466;216;71;145
20;1379;214;85;129
20;1292;205;70;135
20;1205;244;97;147
20;1118;219;79;140
20;1031;241;100;141
20;944;227;85;142
20;857;253;91;162
20;770;245;80;165
20;683;283;100;183
20;596;276;86;190
20;509;320;89;231
20;422;258;91;167
20;335;305;106;199
20;248;273;81;192
20;161;290;92;198
20;74;279;87;192
20;1554;205;66;139
20;1467;208;80;128
20;1380;193;63;130
20;1293;240;95;145
20;1206;207;74;133
20;1119;231;95;136
20;1032;212;78;134
20;945;235;82;153
20;858;237;77;160
20;771;272;95;177
20;684;262;79;183
20;597;306;86;220
20;510;249;87;162
20;423;296;100;196
20;336;268;79;189
20;249;278;83;195
20;162;274;85;189
20;75;253;74;179
20;1555;200;77;123
20;1468;190;62;128
20;1381;233;89;144
20;1294;201;69;132
20;1207;218;87;131
20;1120;206;74;132
20;1033;224;77;147
20;946;227;76;151
20;859;266;89;177
20;772;248;77;171
20;685;297;80;217
20;598;245;85;160
20;511;288;95;193
20;424;256;70;186
20;337;264;76;188
20;250;260;79;181
20;163;249;73;176
20;76;279;82;197
20;1556;188;61;127
20;1469;223;83;140
20;1382;190;62;128
20;1295;202;80;122
20;1208;194;65;129
20;1121;213;71;142
20;1034;221;74;147
20;947;234;75;159
20;860;241;72;169
20;773;283;73;210
20;686;238;81;157
20;599;269;89;180
20;512;239;65;174
20;425;248;71;177
20;338;253;79;174
20;251;229;62;167
20;164;265;77;188
20;77;248;61;187
20;1557;210;74;136
20;1470;182;59;123
20;1383;198;78;120
20;1296;183;61;122
20;1209;202;63;139
20;1122;213;68;145
20;1035;222;67;155
20;948;229;72;157
20;861;274;68;206
20;774;221;75;146
20;687;251;79;172
20;600;225;59;166
20;513;238;66;172
20;426;246;73;173
20;339;214;60;154
20;252;261;75;186
20;165;237;54;183
20;78;219;70;149
20;1558;174;54;120
20;1471;190;74;116
20;1384;179;58;121
20;1297;186;55;131
20;1210;204;66;138
20;1123;213;59;154
20;1036;215;68;147
20;949;238;56;182
20;862;210;68;142
20;775;229;69;160
20;688;216;54;162
20;601;222;59;163
20;514;232;64;168
20;427;201;57;144
20;340;242;59;183
20;253;230;56;174
20;166;209;63;146
20;79;209;63;146
20;1559;171;63;108
20;1472;172;56;116
20;1385;172;48;124
20;1298;192;60;132
20;1211;199;54;145
20;1124;203;61;142
20;1037;227;51;176
20;950;194;64;130
20;863;211;61;150
20;776;200;49;151
20;689;213;56;157
20;602;218;60;158
20;515;192;54;138
20;428;220;50;170
20;341;203;41;162
20;254;188;56;132
20;167;197;57;140
20;80;174;43;131
20;1560;161;52;109
20;1473;162;45;117
20;1386;180;58;122
20;1299;188;49;139
20;1212;190;54;136
20;1125;218;46;172
20;1038;177;54;123
20;951;175;48;127
20;864;181;41;140
20;777;202;52;150
20;690;205;53;152
20;603;180;50;130
20;516;210;47;163
20;429;196;37;159
20;342;177;52;125
20;255;185;52;133
20;168;164;42;122
20;81;141;53;88
20;1561;152;42;110
20;1474;171;55;116
20;1387;171;43;128
20;1300;170;47;123
20;1213;208;44;164
20;1126;171;50;121
20;1039;161;42;119
20;952;166;36;130
20;865;197;49;148
20;778;192;50;142
20;691;166;46;120
20;604;202;43;159
20;517;177;34;143
20;430;161;49;112
20;343;168;47;121
20;256;146;37;109
20;169;136;52;84
20;82;86;28;58
20;1562;163;51;112
20;1475;157;40;117
20;1388;156;43;113
20;1301;196;44;152
20;1214;152;43;109
20;1127;145;37;108
20;1040;154;34;120
20;953;162;38;124
20;866;181;44;137
20;779;151;41;110
20;692;184;39;145
20;605;157;29;128
20;518;147;46;101
20;431;154;42;112
20;344;132;33;99
20;257;120;43;77
20;170;77;25;52
20;83;62;15;47
20;1563;140;36;104
20;1476;145;38;107
20;1389;184;41;143
20;1302;136;35;101
20;1215;138;35;103
20;1128;144;32;112
20;1041;140;30;110
20;954;151;36;115
20;867;133;37;96
20;780;168;32;136
20;693;137;25;112
20;606;127;39;88
20;519;130;33;97
20;432;125;36;89
20;345;105;37;68
20;258;67;20;47
20;171;54;9;45
20;84;61;17;44
20;1564;131;35;96
20;1477;167;40;127
20;1390;123;27;96
20;1303;124;28;96
20;1216;126;27;99
20;1129;126;26;100
20;1042;137;31;106
20;955;120;30;90
20;868;153;31;122
20;781;117;16;101
20;694;120;37;83
20;607;112;26;86
20;520;102;23;79
20;433;101;36;65
20;346;57;17;40
20;259;51;7;44
20;172;61;16;45
20;85;48;11;37
20;1565;592;129;463
20;1478;565;118;447
20;1391;567;122;445
20;1304;570;122;448
20;1217;565;115;450
20;1130;548;120;428
20;1043;528;120;408
20;956;518;113;405
20;869;424;110;314
20;782;394;115;279
20;695;358;97;261
20;608;374;98;276
20;521;332;81;251
20;434;314;75;239
20;347;352;95;257
20;260;405;108;297
20;173;437;116;321
20;86;474;130;344
20;1566;15366;7269;8097
20;1479;15892;7505;8387
20;1392;16325;7666;8659
20;1305;16806;7890;8916
20;1218;17141;8011;9130
20;1131;17568;8219;9349
20;1044;18030;8414;9616
20;957;18468;8614;9854
20;870;18961;8821;10140
20;783;19415;9076;10339
20;696;19838;9290;10548
20;609;20368;9528;10840
20;522;20893;9813;11080
20;435;21463;10119;11344
20;348;21944;10351;11593
20;261;22653;10701;11952
20;174;22952;10868;12084
20;87;23033;10907;12126
21;1480;396;196;200
21;1393;443;223;220
21;1306;470;242;228
21;1219;451;230;221
21;1132;445;240;205
21;1045;474;259;215
21;958;467;248;219
21;871;445;237;208
21;784;472;237;235
21;697;526;263;263
21;610;488;237;251
21;523;464;233;231
21;436;518;276;242
21;349;505;260;245
21;262;509;266;243
21;175;491;247;244
21;88;582;298;284
21;1;598;323;275
21;1481;458;233;225
21;1394;471;240;231
21;1307;438;224;214
21;1220;437;235;202
21;1133;470;258;212
21;1046;448;241;207
21;959;441;238;203
21;872;489;239;250
21;785;519;263;256
21;698;487;239;248
21;611;455;226;229
21;524;514;270;244
21;437;498;259;239
21;350;508;262;246
21;263;499;247;252
21;176;582;300;282
21;89;602;325;277
21;2;630;307;323
21;1482;473;236;237
21;1395;437;224;213
21;1308;423;228;195
21;1221;455;251;204
21;1134;428;228;200
21;1047;427;227;200
21;960;470;227;243
21;873;522;258;264
21;786;485;235;250
21;699;456;225;231
21;612;513;271;242
21;525;487;248;239
21;438;504;258;246
21;351;500;249;251
21;264;583;299;284
21;177;598;324;274
21;90;629;309;320
21;3;622;310;312
21;1483;437;220;217
21;1396;412;222;190
21;1309;438;242;196
21;1222;423;228;195
21;1135;415;225;190
21;1048;448;218;230
21;961;499;246;253
21;874;459;225;234
21;787;459;227;232
21;700;509;269;240
21;613;483;249;234
21;526;490;255;235
21;439;495;247;248
21;352;574;293;281
21;265;602;323;279
21;178;630;304;326
21;91;621;309;312
21;4;697;348;349
21;1484;414;223;191
21;1397;440;243;197
21;1310;409;223;186
21;1223;405;222;183
21;1136;445;221;224
21;1049;490;240;250
21;962;445;217;228
21;875;462;224;238
21;788;500;263;237
21;701;479;247;232
21;614;494;252;242
21;527;487;241;246
21;440;563;291;272
21;353;596;322;274
21;266;640;312;328
21;179;614;307;307
21;92;695;345;350
21;5;685;363;322
21;1485;439;240;199
21;1398;413;224;189
21;1311;401;218;183
21;1224;435;212;223
21;1137;489;234;255
21;1050;429;206;223
21;963;448;217;231
21;876;481;250;231
21;789;473;244;229
21;702;494;255;239
21;615;485;243;242
21;528;556;284;272
21;441;587;315;272
21;354;632;307;325
21;267;615;307;308
21;180;690;343;347
21;93;683;363;320
21;6;611;330;281
21;1486;426;222;204
21;1399;400;219;181
21;1312;431;211;220
21;1225;478;228;250
21;1138;419;197;222
21;1051;442;214;228
21;964;470;245;225
21;877;464;246;218
21;790;486;250;236
21;703;489;246;243
21;616;550;281;269
21;529;577;313;264
21;442;619;301;318
21;355;600;304;296
21;268;693;343;350
21;181;685;365;320
21;94;604;324;280
21;7;626;297;329
21;1487;408;222;186
21;1400;434;211;223
21;1313;458;215;243
21;1226;416;192;224
21;1139;430;208;222
21;1052;471;248;223
21;965;454;243;211
21;878;509;253;256
21;791;485;242;243
21;704;548;278;270
21;617;573;309;264
21;530;617;305;312
21;443;593;295;298
21;356;690;342;348
21;269;677;362;315
21;182;606;327;279
21;95;630;301;329
21;8;804;385;419
21;1488;437;216;221
21;1401;451;210;241
21;1314;411;191;220
21;1227;425;202;223
21;1140;468;246;222
21;1053;454;245;209
21;966;495;246;249
21;879;480;246;234
21;792;545;277;268
21;705;570;302;268
21;618;607;301;306
21;531;584;290;294
21;444;685;338;347
21;357;679;363;316
21;270;604;325;279
21;183;627;300;327
21;96;796;382;414
21;9;876;461;415
21;1489;444;204;240
21;1402;413;192;221
21;1315;424;202;222
21;1228;467;244;223
21;1141;442;238;204
21;1054;494;245;249
21;967;478;245;233
21;880;549;287;262
21;793;566;299;267
21;706;602;293;309
21;619;584;291;293
21;532;677;331;346
21;445;670;363;307
21;358;606;324;282
21;271;628;300;328
21;184;792;383;409
21;97;867;455;412
21;10;864;464;400
21;1490;409;193;216
21;1403;421;206;215
21;1316;466;241;225
21;1229;432;234;198
21;1142;485;244;241
21;1055;475;241;234
21;968;543;285;258
21;881;571;311;260
21;794;596;286;310
21;707;593;296;297
21;620;683;335;348
21;533;663;355;308
21;446;594;321;273
21;359;629;300;329
21;272;782;376;406
21;185;862;455;407
21;98;867;466;401
21;11;804;414;390
21;1491;416;207;209
21;1404;465;242;223
21;1317;427;228;199
21;1230;475;239;236
21;1143;470;238;232
21;1056;537;284;253
21;969;565;308;257
21;882;601;295;306
21;795;578;286;292
21;708;678;334;344
21;621;658;354;304
21;534;588;316;272
21;447;616;293;323
21;360;781;373;408
21;273;864;458;406
21;186;867;469;398
21;99;809;418;391
21;12;720;364;356
21;1492;459;238;221
21;1405;424;222;202
21;1318;463;229;234
21;1231;467;237;230
21;1144;531;283;248
21;1057;559;303;256
21;970;591;290;301
21;883;581;283;298
21;796;672;329;343
21;709;662;358;304
21;622;589;318;271
21;535;610;285;325
21;448;771;371;400
21;361;862;456;406
21;274;860;463;397
21;187;795;413;382
21;100;719;366;353
21;13;797;420;377
21;1493;423;222;201
21;1406;458;229;229
21;1319;469;237;232
21;1232;526;278;248
21;1145;557;303;254
21;1058;579;286;293
21;971;573;280;293
21;884;670;343;327
21;797;654;352;302
21;710;588;319;269
21;623;604;285;319
21;536;762;364;398
21;449;837;440;397
21;362;859;461;398
21;275;788;413;375
21;188;719;365;354
21;101;791;417;374
21;14;919;482;437
21;1494;464;233;231
21;1407;466;236;230
21;1320;512;275;237
21;1233;551;299;252
21;1146;572;284;288
21;1059;562;275;287
21;972;666;343;323
21;885;682;359;323
21;798;589;319;270
21;711;598;280;318
21;624;757;364;393
21;537;826;437;389
21;450;845;453;392
21;363;783;409;374
21;276;715;366;349
21;189;776;409;367
21;102;919;479;440
21;15;981;498;483
21;1495;466;230;236
21;1408;505;273;232
21;1321;547;297;250
21;1234;564;282;282
21;1147;560;274;286
21;1060;663;341;322
21;973;676;356;320
21;886;604;322;282
21;799;594;274;320
21;712;752;365;387
21;625;807;430;377
21;538;831;445;386
21;451;764;399;365
21;364;703;365;338
21;277;766;406;360
21;190;903;471;432
21;103;969;489;480
21;16;882;421;461
21;1496;502;271;231
21;1409;550;297;253
21;1322;552;276;276
21;1235;550;268;282
21;1148;653;336;317
21;1061;670;354;316
21;974;603;323;280
21;887;602;294;308
21;800;745;359;386
21;713;802;428;374
21;626;823;442;381
21;539;749;389;360
21;452;683;354;329
21;365;748;395;353
21;278;888;462;426
21;191;951;481;470
21;104;874;420;454
21;17;816;425;391
21;1497;540;293;247
21;1410;546;271;275
21;1323;546;266;280
21;1236;644;330;314
21;1149;666;355;311
21;1062;596;318;278
21;975;594;292;302
21;888;739;351;388
21;801;803;429;374
21;714;815;436;379
21;627;741;390;351
21;540;670;349;321
21;453;731;381;350
21;366;879;460;419
21;279;932;471;461
21;192;854;411;443
21;105;803;417;386
21;18;799;415;384
21;1498;534;263;271
21;1411;532;260;272
21;1324;633;323;310
21;1237;656;346;310
21;1150;593;312;281
21;1063;594;296;298
21;976;722;341;381
21;889;766;406;360
21;802;799;427;372
21;715;733;384;349
21;628;655;339;316
21;541;714;378;336
21;454;848;445;403
21;367;907;455;452
21;280;843;406;437
21;193;786;407;379
21;106;782;408;374
21;19;722;366;356
21;1499;506;252;254
21;1412;614;318;296
21;1325;634;340;294
21;1238;567;302;265
21;1151;581;290;291
21;1064;701;334;367
21;977;716;380;336
21;890;680;379;301
21;803;720;377;343
21;716;652;337;315
21;629;702;367;335
21;542;823;428;395
21;455;859;430;429
21;368;828;401;427
21;281;772;404;368
21;194;776;404;372
21;107;708;361;347
21;20;628;335;293
21;1500;574;298;276
21;1413;621;335;286
21;1326;556;296;260
21;1239;552;279;273
21;1152;671;318;353
21;1065;688;361;327
21;978;651;357;294
21;891;631;338;293
21;804;637;326;311
21;717;695;362;333
21;630;805;418;387
21;543;833;412;421
21;456;779;371;408
21;369;759;398;361
21;282;769;402;367
21;195;690;346;344
21;108;622;332;290
21;21;697;386;311
21;1501;596;321;275
21;1414;545;291;254
21;1327;540;274;266
21;1240;656;307;349
21;1153;681;356;325
21;1066;638;356;282
21;979;603;321;282
21;892;563;282;281
21;805;667;345;322
21;718;785;408;377
21;631;812;402;410
21;544;754;356;398
21;457;725;380;345
21;370;755;397;358
21;283;682;342;340
21;196;614;330;284
21;109;683;378;305
21;22;691;375;316
21;1502;527;281;246
21;1415;528;265;263
21;1328;642;300;342
21;1241;662;344;318
21;1154;635;354;281
21;1067;585;319;266
21;980;530;268;262
21;893;568;289;279
21;806;751;388;363
21;719;798;395;403
21;632;727;344;383
21;545;693;361;332
21;458;727;386;341
21;371;670;336;334
21;284;619;330;289
21;197;683;377;306
21;110;680;366;314
21;23;712;357;355
21;1503;505;254;251
21;1416;629;295;334
21;1329;645;338;307
21;1242;618;354;264
21;1155;564;305;259
21;1068;515;273;242
21;981;552;284;268
21;894;617;323;294
21;807;771;379;392
21;720;718;340;378
21;633;681;354;327
21;546;704;370;334
21;459;641;318;323
21;372;608;326;282
21;285;685;373;312
21;198;687;365;322
21;111;687;350;337
21;24;740;399;341
21;1504;599;280;319
21;1417;640;340;300
21;1330;594;332;262
21;1243;554;301;253
21;1156;494;262;232
21;1069;537;274;263
21;982;579;302;277
21;895;619;323;296
21;808;688;325;363
21;721;683;358;325
21;634;695;366;329
21;547;628;310;318
21;460;597;322;275
21;373;672;373;299
21;286;686;369;317
21;199;691;348;343
21;112;732;391;341
21;25;688;341;347
21;1505;593;317;276
21;1418;552;316;236
21;1331;525;285;240
21;1244;490;263;227
21;1157;521;266;255
21;1070;556;293;263
21;983;581;306;275
21;896;594;281;313
21;809;655;338;317
21;722;681;358;323
21;635;614;309;305
21;548;580;317;263
21;461;643;369;274
21;374;686;374;312
21;287;690;349;341
21;200;738;403;335
21;113;674;333;341
21;26;733;387;346
21;1506;524;295;229
21;1419;501;275;226
21;1332;468;248;220
21;1245;492;256;236
21;1158;538;284;254
21;1071;558;292;266
21;984;557;264;293
21;897;559;287;272
21;810;644;336;308
21;723;606;303;303
21;636;568;310;258
21;549;626;356;270
21;462;677;366;311
21;375;683;346;337
21;288;739;398;341
21;201;673;335;338
21;114;725;382;343
21;27;759;389;370
21;1507;493;267;226
21;1420;442;239;203
21;1333;466;243;223
21;1246;511;261;250
21;1159;547;274;273
21;1072;525;257;268
21;985;520;266;254
21;898;539;276;263
21;811;580;289;291
21;724;564;305;259
21;637;625;361;264
21;550;666;357;309
21;463;666;336;330
21;376;737;388;349
21;289;673;336;337
21;202;716;376;340
21;115;744;382;362
21;28;775;422;353
21;1508;428;236;192
21;1421;447;240;207
21;1334;475;248;227
21;1247;532;263;269
21;1160;516;259;257
21;1073;507;257;250
21;986;508;266;242
21;899;542;265;277
21;812;551;294;257
21;725;622;361;261
21;638;663;358;305
21;551;654;324;330
21;464;718;380;338
21;377;670;330;340
21;290;721;382;339
21;203;733;372;361
21;116;760;411;349
21;29;816;436;380
21;1509;429;239;190
21;1422;445;225;220
21;1335;515;256;259
21;1248;506;252;254
21;1161;490;252;238
21;1074;498;264;234
21;987;521;254;267
21;900;520;270;250
21;813;606;351;255
21;726;659;351;308
21;639;651;323;328
21;552;713;377;336
21;465;636;310;326
21;378;716;380;336
21;291;744;380;364
21;204;739;397;342
21;117;804;430;374
21;30;795;393;402
21;1510;432;222;210
21;1423;506;256;250
21;1336;485;237;248
21;1249;479;254;225
21;1162;470;245;225
21;1075;494;242;252
21;988;489;252;237
21;901;539;306;233
21;814;639;343;296
21;727;646;322;324
21;640;705;375;330
21;553;631;303;328
21;466;695;373;322
21;379;744;380;364
21;292;723;394;329
21;205;787;417;370
21;118;785;386;399
21;31;839;431;408
21;1511;499;254;245
21;1424;483;239;244
21;1337;469;255;214
21;1250;453;244;209
21;1163;490;245;245
21;1076;499;261;238
21;989;506;284;222
21;902;561;302;259
21;815;635;312;323
21;728;696;368;328
21;641;619;297;322
21;554;692;373;319
21;467;732;372;360
21;380;707;388;319
21;293;780;414;366
21;206;782;383;399
21;119;824;422;402
21;32;772;368;404
21;1512;472;241;231
21;1425;448;245;203
21;1338;434;232;202
21;1251;474;236;238
21;1164;462;239;223
21;1077;495;282;213
21;990;543;290;253
21;903;587;278;309
21;816;687;365;322
21;729;606;288;318
21;642;688;366;322
21;555;709;364;345
21;468;680;376;304
21;381;773;407;366
21;294;771;373;398
21;207;819;419;400
21;120;758;359;399
21;33;759;359;400
21;1513;424;232;192
21;1426;420;222;198
21;1339;450;224;226
21;1252;446;238;208
21;1165;481;276;205
21;1078;533;285;248
21;991;561;270;291
21;904;615;310;305
21;817;601;286;315
21;730;677;359;318
21;643;702;358;344
21;556;675;371;304
21;469;760;399;361
21;382;770;372;398
21;295;815;422;393
21;208;748;352;396
21;121;750;356;394
21;34;781;382;399
21;1514;412;219;193
21;1427;432;223;209
21;1340;432;226;206
21;1253;479;279;200
21;1166;537;288;249
21;1079;557;266;291
21;992;596;296;300
21;905;562;258;304
21;818;673;351;322
21;731;708;359;349
21;644;675;373;302
21;557;730;383;347
21;470;744;352;392
21;383;815;422;393
21;296;741;351;390
21;209;743;352;391
21;122;768;372;396
21;35;814;394;420
21;1515;429;218;211
21;1428;413;219;194
21;1341;463;267;196
21;1254;520;279;241
21;1167;536;253;283
21;1080;590;299;291
21;993;540;248;292
21;906;643;319;324
21;819;697;353;344
21;732;671;369;302
21;645;725;384;341
21;558;719;339;380
21;471;796;413;383
21;384;733;352;381
21;297;742;349;393
21;210;756;362;394
21;123;800;384;416
21;36;772;378;394
21;1516;402;214;188
21;1429;439;249;190
21;1342;512;275;237
21;1255;535;248;287
21;1168;572;289;283
21;1081;532;239;293
21;994;619;304;315
21;907;641;323;318
21;820;654;357;297
21;733;724;383;341
21;646;716;335;381
21;559;775;403;372
21;472;719;346;373
21;385;732;346;386
21;298;749;362;387
21;211;787;373;414
21;124;760;375;385
21;37;833;409;424
21;1517;435;249;186
21;1430;487;258;229
21;1343;519;242;277
21;1256;555;279;276
21;1169;521;230;291
21;1082;596;291;305
21;995;631;312;319
21;908;651;352;299
21;821;706;372;334
21;734;717;335;382
21;647;765;397;368
21;560;703;334;369
21;473;717;340;377
21;386;741;360;381
21;299;773;365;408
21;212;753;372;381
21;125;826;407;419
21;38;818;409;409
21;1518;486;259;227
21;1431;513;237;276
21;1344;545;275;270
21;1257;522;226;296
21;1170;588;288;300
21;1083;617;305;312
21;996;637;343;294
21;909;699;350;349
21;822;704;328;376
21;735;757;394;363
21;648;692;326;366
21;561;715;338;377
21;474;727;352;375
21;387;768;358;410
21;300;732;361;371
21;213;808;399;409
21;126;808;404;404
21;39;836;416;420
21;1519;498;231;267
21;1432;528;266;262
21;1345;521;227;294
21;1258;585;285;300
21;1171;615;304;311
21;1084;623;337;286
21;997;692;349;343
21;910;709;345;364
21;823;744;385;359
21;736;686;320;366
21;649;710;336;374
21;562;708;337;371
21;475;745;341;404
21;388;738;366;372
21;301;797;397;400
21;214;801;399;402
21;127;823;407;416
21;40;890;421;469
21;1520;523;262;261
21;1433;511;216;295
21;1346;575;281;294
21;1259;614;300;314
21;1172;611;327;284
21;1085;685;343;342
21;998;702;344;358
21;911;744;391;353
21;824;677;316;361
21;737;703;330;373
21;650;697;337;360
21;563;737;339;398
21;476;730;360;370
21;389;780;391;389
21;302;790;391;399
21;215;816;402;414
21;128;876;411;465
21;41;814;397;417
21;1521;504;215;289
21;1434;559;268;291
21;1347;603;294;309
21;1260;600;322;278
21;1173;674;334;340
21;1086;690;340;350
21;999;726;381;345
21;912;660;305;355
21;825;691;325;366
21;738;692;336;356
21;651;722;325;397
21;564;722;355;367
21;477;756;379;377
21;390;779;381;398
21;303;802;397;405
21;216;873;407;466
21;129;808;395;413
21;42;819;371;448
21;1522;544;265;279
21;1435;581;289;292
21;1348;602;319;283
21;1261;665;329;336
21;1174;672;328;344
21;1087;714;375;339
21;1000;653;303;350
21;913;678;320;358
21;826;673;322;351
21;739;717;326;391
21;652;699;337;362
21;565;739;369;370
21;478;758;369;389
21;391;792;391;401
21;304;874;404;470
21;217;795;389;406
21;130;819;371;448
21;43;714;337;377
21;1523;575;290;285
21;1436;581;309;272
21;1349;657;322;335
21;1262;657;320;337
21;1175;710;372;338
21;1088;640;295;345
21;1001;668;316;352
21;914;648;307;341
21;827;702;315;387
21;740;684;325;359
21;653;731;365;366
21;566;736;353;383
21;479;771;383;388
21;392;871;403;468
21;305;797;391;406
21;218;808;365;443
21;131;704;335;369
21;44;777;376;401
21;1524;573;304;269
21;1437;644;316;328
21;1350;637;310;327
21;1263;703;369;334
21;1176;636;293;343
21;1089;658;307;351
21;1002;628;295;333
21;915;668;305;363
21;828;671;318;353
21;741;727;364;363
21;654;728;349;379
21;567;747;372;375
21;480;857;395;462
21;393;795;393;402
21;306;790;355;435
21;219;698;333;365
21;132;768;372;396
21;45;692;320;372
21;1525;644;319;325
21;1438;630;309;321
21;1351;696;363;333
21;1264;633;295;338
21;1177;646;304;342
21;1090;629;302;327
21;1003;645;295;350
21;916;665;325;340
21;829;713;353;360
21;742;719;349;370
21;655;726;362;364
21;568;835;386;449
21;481;784;384;400
21;394;773;342;431
21;307;687;332;355
21;220;751;358;393
21;133;670;310;360
21;46;728;342;386
21;1526;621;303;318
21;1439;698;366;332
21;1352;618;285;333
21;1265;635;302;333
21;1178;623;298;325
21;1091;645;297;348
21;1004;655;319;336
21;917;694;343;351
21;830;702;339;363
21;743;718;354;364
21;656;819;379;440
21;569;767;369;398
21;482;764;339;425
21;395;673;324;349
21;308;738;352;386
21;221;660;305;355
21;134;720;337;383
21;47;684;299;385
21;1527;695;366;329
21;1440;620;291;329
21;1353;633;305;328
21;1266;614;291;323
21;1179;638;291;347
21;1092;651;313;338
21;1005;673;330;343
21;918;653;309;344
21;831;706;343;363
21;744;814;376;438
21;657;756;361;395
21;570;747;332;415
21;483;668;318;350
21;396;734;346;388
21;309;653;302;351
21;222;706;324;382
21;135;680;300;380
21;48;656;310;346
21;1528;617;290;327
21;1441;633;303;330
21;1354;603;285;318
21;1267;632;290;342
21;1180;657;315;342
21;1093;659;324;335
21;1006;638;303;335
21;919;693;331;362
21;832;795;360;435
21;745;748;353;395
21;658;727;321;406
21;571;667;319;348
21;484;722;337;385
21;397;638;292;346
21;310;702;323;379
21;223;680;305;375
21;136;646;307;339
21;49;718;345;373
21;1529;618;294;324
21;1442;596;278;318
21;1355;623;283;340
21;1268;656;318;338
21;1181;646;316;330
21;1094;628;296;332
21;1007;684;328;356
21;920;754;352;402
21;833;733;341;392
21;746;717;317;400
21;659;660;314;346
21;572;707;327;380
21;485;622;287;335
21;398;692;315;377
21;311;669;296;373
21;224;641;304;337
21;137;699;335;364
21;50;726;323;403
21;1530;583;274;309
21;1443;625;280;345
21;1356;644;309;335
21;1269;639;316;323
21;1182;635;300;335
21;1095;671;323;348
21;1008;740;344;396
21;921;743;352;391
21;834;701;305;396
21;747;655;309;346
21;660;704;325;379
21;573;610;278;332
21;486;684;311;373
21;399;662;293;369
21;312;630;298;332
21;225;682;324;358
21;138;715;314;401
21;51;652;291;361
21;1531;612;272;340
21;1444;632;298;334
21;1357;636;310;326
21;1270;632;300;332
21;1183;660;310;350
21;1096;721;333;388
21;1009;733;346;387
21;922;727;324;403
21;835;641;299;342
21;748;686;311;375
21;661;596;269;327
21;574;673;304;369
21;487;653;289;364
21;400;616;288;328
21;313;682;323;359
21;226;699;305;394
21;139;650;291;359
21;52;690;305;385
21;1532;624;293;331
21;1445;620;301;319
21;1358;630;301;329
21;1271;649;303;346
21;1184;714;326;388
21;1097;724;338;386
21;1010;725;326;399
21;923;642;294;348
21;836;667;301;366
21;749;594;267;327
21;662;663;300;363
21;575;656;289;367
21;488;604;279;325
21;401;677;320;357
21;314;686;296;390
21;227;643;282;361
21;140;677;297;380
21;53;626;280;346
21;1533;616;296;320
21;1446;623;296;327
21;1359;637;288;349
21;1272;697;320;377
21;1185;720;332;388
21;1098;717;323;394
21;1011;641;292;349
21;924;687;326;361
21;837;590;263;327
21;750;655;295;360
21;663;640;280;360
21;576;590;266;324
21;489;655;310;345
21;402;682;292;390
21;315;631;273;358
21;228;674;293;381
21;141;624;279;345
21;54;589;266;323
21;1534;622;296;326
21;1447;631;285;346
21;1360;695;314;381
21;1273;709;324;385
21;1186;705;314;391
21;1099;632;285;347
21;1012;667;316;351
21;925;617;277;340
21;838;637;281;356
21;751;622;270;352
21;664;578;257;321
21;577;645;299;346
21;490;675;285;390
21;403;619;265;354
21;316;666;293;373
21;229;620;277;343
21;142;580;264;316
21;55;561;248;313
21;1535;623;280;343
21;1448;683;308;375
21;1361;697;315;382
21;1274;693;313;380
21;1187;634;290;344
21;1100;656;309;347
21;1013;610;275;335
21;926;610;269;341
21;839;616;268;348
21;752;572;245;327
21;665;633;291;342
21;578;659;275;384
21;491;612;266;346
21;404;662;291;371
21;317;604;271;333
21;230;568;254;314
21;143;540;238;302
21;56;548;253;295
21;1536;671;308;363
21;1449;688;309;379
21;1362;686;309;377
21;1275;632;287;345
21;1188;635;292;343
21;1101;602;270;332
21;1014;602;266;336
21;927;610;255;355
21;840;557;237;320
21;753;616;285;331
21;666;637;264;373
21;579;599;255;344
21;492;660;290;370
21;405;597;263;334
21;318;565;252;313
21;231;535;238;297
21;144;538;247;291
21;57;494;229;265
21;1537;687;309;378
21;1450;682;308;374
21;1363;626;287;339
21;1276;620;281;339
21;1189;581;256;325
21;1102;591;260;331
21;1015;605;251;354
21;928;561;243;318
21;841;601;276;325
21;754;628;261;367
21;667;590;246;344
21;580;653;289;364
21;493;584;252;332
21;406;553;245;308
21;319;529;233;296
21;232;530;239;291
21;145;486;223;263
21;58;545;247;298
21;1538;686;318;368
21;1451;616;282;334
21;1364;620;278;342
21;1277;576;252;324
21;1190;578;252;326
21;1103;600;247;353
21;1016;557;239;318
21;929;587;260;327
21;842;612;249;363
21;755;580;237;343
21;668;641;282;359
21;581;561;238;323
21;494;544;236;308
21;407;519;225;294
21;320;524;235;289
21;233;480;215;265
21;146;541;241;300
21;59;607;251;356
21;1539;603;272;331
21;1452;613;271;342
21;1365;564;239;325
21;1278;570;247;323
21;1191;591;239;352
21;1104;551;236;315
21;1017;577;254;323
21;930;627;261;366
21;843;570;233;337
21;756;632;278;354
21;669;552;227;325
21;582;534;230;304
21;495;509;217;292
21;408;524;234;290
21;321;466;205;261
21;234;531;233;298
21;147;587;241;346
21;60;615;264;351
21;1540;609;266;343
21;1453;558;239;319
21;1366;558;241;317
21;1279;582;232;350
21;1192;536;227;309
21;1105;565;247;318
21;1018;615;250;365
21;931;577;247;330
21;844;623;267;356
21;757;545;220;325
21;670;525;224;301
21;583;495;208;287
21;496;513;229;284
21;409;465;202;263
21;322;519;228;291
21;235;582;233;349
21;148;602;256;346
21;61;531;226;305
21;1541;547;230;317
21;1454;550;235;315
21;1367;579;224;355
21;1280;524;219;305
21;1193;552;241;311
21;1106;606;243;363
21;1019;565;236;329
21;932;625;268;357
21;845;538;216;322
21;758;517;215;302
21;671;487;208;279
21;584;503;224;279
21;497;452;195;257
21;410;502;217;285
21;323;575;230;345
21;236;589;247;342
21;149;525;222;303
21;62;514;219;295
21;1542;551;233;318
21;1455;571;216;355
21;1368;513;213;300
21;1281;548;238;310
21;1194;599;236;363
21;1107;562;237;325
21;1020;616;263;353
21;933;546;226;320
21;846;504;201;303
21;759;487;208;279
21;672;491;216;275
21;585;442;187;255
21;498;488;212;276
21;411;569;224;345
21;324;582;237;345
21;237;520;221;299
21;150;513;217;296
21;63;517;232;285
21;1543;565;213;352
21;1456;504;205;299
21;1369;541;236;305
21;1282;586;229;357
21;1195;551;228;323
21;1108;603;254;349
21;1021;541;224;317
21;934;491;195;296
21;847;474;199;275
21;760;479;211;268
21;673;427;178;249
21;586;471;200;271
21;499;548;212;336
21;412;575;230;345
21;325;514;215;299
21;238;504;209;295
21;151;507;219;288
21;64;448;171;277
21;1544;495;201;294
21;1457;525;223;302
21;1370;565;215;350
21;1283;544;223;321
21;1196;597;249;348
21;1109;529;216;313
21;1022;482;193;289
21;935;447;182;265
21;848;463;202;261
21;761;415;172;243
21;674;459;190;269
21;587;531;201;330
21;500;548;216;332
21;413;517;213;304
21;326;490;199;291
21;239;501;213;288
21;152;445;169;276
21;65;503;198;305
21;1545;520;217;303
21;1458;552;211;341
21;1371;536;219;317
21;1284;581;240;341
21;1197;517;210;307
21;1110;469;186;283
21;1023;435;174;261
21;936;481;208;273
21;849;403;164;239
21;762;450;185;265
21;675;519;193;326
21;588;532;201;331
21;501;503;206;297
21;414;480;190;290
21;327;489;202;287
21;240;436;163;273
21;153;498;195;303
21;66;486;201;285
21;1546;545;205;340
21;1459;525;210;315
21;1372;564;230;334
21;1285;503;205;298
21;1198;454;177;277
21;1111;422;166;256
21;1024;470;201;269
21;937;410;168;242
21;850;438;178;260
21;763;501;185;316
21;676;514;187;327
21;589;490;203;287
21;502;469;186;283
21;415;478;195;283
21;328;433;159;274
21;241;488;187;301
21;154;479;202;277
21;67;414;159;255
21;1547;521;204;317
21;1460;550;223;327
21;1373;499;201;298
21;1286;453;177;276
21;1199;415;163;252
21;1112;455;192;263
21;1025;404;164;240
21;938;446;186;260
21;851;488;178;310
21;764;504;182;322
21;677;465;187;278
21;590;448;173;275
21;503;469;191;278
21;416;429;155;274
21;329;476;181;295
21;242;481;203;278
21;155;417;162;255
21;68;427;160;267
21;1548;547;223;324
21;1461;484;191;293
21;1374;446;170;276
21;1287;411;161;250
21;1200;447;186;261
21;1113;392;158;234
21;1026;431;178;253
21;939;455;163;292
21;852;476;167;309
21;765;447;173;274
21;678;427;163;264
21;591;457;183;274
21;504;422;146;276
21;417;468;180;288
21;330;480;197;283
21;243;406;155;251
21;156;422;159;263
21;69;404;147;257
21;1549;472;185;287
21;1462;433;163;270
21;1375;400;152;248
21;1288;436;180;256
21;1201;379;149;230
21;1114;422;170;252
21;1027;436;153;283
21;940;486;179;307
21;853;430;160;270
21;766;415;156;259
21;679;441;173;268
21;592;410;138;272
21;505;460;174;286
21;418;467;189;278
21;331;396;150;246
21;244;404;151;253
21;157;398;141;257
21;70;381;125;256
21;1550;423;157;266
21;1463;389;143;246
21;1376;425;173;252
21;1289;372;142;230
21;1202;409;165;244
21;1115;420;143;277
21;1028;473;168;305
21;941;451;175;276
21;854;405;147;258
21;767;434;168;266
21;680;401;129;272
21;593;443;167;276
21;506;447;176;271
21;419;380;139;241
21;332;395;145;250
21;245;385;135;250
21;158;368;118;250
21;71;405;139;266
21;1551;379;135;244
21;1464;411;170;241
21;1377;360;136;224
21;1290;397;155;242
21;1203;411;136;275
21;1116;459;160;299
21;1029;436;168;268
21;942;416;151;265
21;855;422;159;263
21;768;397;124;273
21;681;426;156;270
21;594;424;163;261
21;507;362;127;235
21;420;393;143;250
21;333;368;127;241
21;246;356;112;244
21;159;400;136;264
21;72;362;133;229
21;1552;403;166;237
21;1465;356;136;220
21;1378;388;149;239
21;1291;400;132;268
21;1204;444;152;292
21;1117;419;155;264
21;1030;400;145;255
21;943;408;147;261
21;856;387;120;267
21;769;405;147;258
21;682;413;158;255
21;595;347;116;231
21;508;385;132;253
21;421;350;114;236
21;334;345;107;238
21;247;388;128;260
21;160;357;132;225
21;73;343;129;214
21;1553;341;125;216
21;1466;367;133;234
21;1379;383;121;262
21;1292;422;143;279
21;1205;406;148;258
21;1118;382;135;247
21;1031;394;138;256
21;944;385;124;261
21;857;394;141;253
21;770;396;147;249
21;683;340;111;229
21;596;369;122;247
21;509;341;107;234
21;422;332;99;233
21;335;373;118;255
21;248;346;123;223
21;161;342;130;212
21;74;326;118;208
21;1554;357;129;228
21;1467;372;113;259
21;1380;411;135;276
21;1293;391;139;252
21;1206;366;125;241
21;1119;376;126;250
21;1032;366;113;253
21;945;382;137;245
21;858;377;135;242
21;771;322;103;219
21;684;349;111;238
21;597;332;100;232
21;510;317;90;227
21;423;357;109;248
21;336;324;114;210
21;249;327;123;204
21;162;306;116;190
21;75;267;65;202
21;1555;365;108;257
21;1468;395;129;266
21;1381;376;128;248
21;1294;347;119;228
21;1207;362;117;245
21;1120;355;108;247
21;1033;368;129;239
21;946;360;127;233
21;859;301;87;214
21;772;337;107;230
21;685;311;94;217
21;598;310;87;223
21;511;338;98;240
21;424;322;111;211
21;337;313;117;196
21;250;299;112;187
21;163;256;65;191
21;76;246;70;176
21;1556;388;126;262
21;1469;361;121;240
21;1382;329;111;218
21;1295;349;112;237
21;1208;337;98;239
21;1121;360;122;238
21;1034;341;115;226
21;947;292;85;207
21;860;319;95;224
21;773;299;88;211
21;686;292;76;216
21;599;324;92;232
21;512;314;107;207
21;425;295;108;187
21;338;283;104;179
21;251;254;62;192
21;164;241;69;172
21;77;268;76;192
21;1557;350;115;235
21;1470;319;106;213
21;1383;340;107;233
21;1296;325;94;231
21;1209;347;119;228
21;1122;324;104;220
21;1035;280;78;202
21;948;304;92;212
21;861;289;83;206
21;774;265;65;200
21;687;310;85;225
21;600;301;97;204
21;513;281;102;179
21;426;274;95;179
21;339;237;53;184
21;252;227;60;167
21;165;257;70;187
21;78;206;52;154
21;1558;302;93;209
21;1471;320;96;224
21;1384;310;85;225
21;1297;329;105;224
21;1210;305;98;207
21;1123;264;74;190
21;1036;288;83;205
21;949;266;80;186
21;862;257;57;200
21;775;289;77;212
21;688;274;89;185
21;601;266;97;169
21;514;254;85;169
21;427;232;50;182
21;340;215;55;160
21;253;247;64;183
21;166;194;45;149
21;79;200;54;146
21;1559;308;89;219
21;1472;300;78;222
21;1385;305;95;210
21;1298;287;91;196
21;1211;252;68;184
21;1124;268;76;192
21;1037;249;76;173
21;950;247;60;187
21;863;267;73;194
21;776;263;87;176
21;689;259;84;175
21;602;231;76;155
21;515;225;45;180
21;428;196;50;146
21;341;236;61;175
21;254;186;44;142
21;167;189;50;139
21;80;190;53;137
21;1560;285;74;211
21;1473;286;85;201
21;1386;272;84;188
21;1299;241;69;172
21;1212;257;69;188
21;1125;235;68;167
21;1038;235;53;182
21;951;251;71;180
21;864;250;80;170
21;777;244;80;164
21;690;220;73;147
21;603;214;39;175
21;516;187;45;142
21;429;218;55;163
21;342;169;41;128
21;255;167;40;127
21;168;183;51;132
21;81;152;37;115
21;1561;266;80;186
21;1474;255;78;177
21;1387;224;63;161
21;1300;241;62;179
21;1213;224;64;160
21;1126;222;50;172
21;1039;244;66;178
21;952;231;68;163
21;865;227;76;151
21;778;205;65;140
21;691;199;35;164
21;604;177;40;137
21;517;205;51;154
21;430;155;35;120
21;343;156;34;122
21;256;167;49;118
21;169;144;33;111
21;82;117;28;89
21;1562;235;70;165
21;1475;203;58;145
21;1388;217;55;162
21;1301;210;57;153
21;1214;205;45;160
21;1127;229;54;175
21;1040;215;58;157
21;953;215;66;149
21;866;191;60;131
21;779;189;34;155
21;692;156;32;124
21;605;187;49;138
21;518;143;32;111
21;431;148;33;115
21;344;146;41;105
21;257;134;30;104
21;170;104;24;80
21;83;77;25;52
21;1563;186;52;134
21;1476;206;51;155
21;1389;188;47;141
21;1302;184;37;147
21;1215;205;44;161
21;1128;198;51;147
21;1041;199;59;140
21;954;163;54;109
21;867;172;28;144
21;780;141;29;112
21;693;170;43;127
21;606;130;31;99
21;519;133;28;105
21;432;129;33;96
21;345;120;25;95
21;258;93;19;74
21;171;71;22;49
21;84;75;9;66
21;1564;187;44;143
21;1477;166;42;124
21;1390;170;32;138
21;1303;187;40;147
21;1216;178;48;130
21;1129;177;49;128
21;1042;147;50;97
21;955;164;27;137
21;868;128;24;104
21;781;148;38;110
21;694;122;27;95
21;607;113;23;90
21;520;115;30;85
21;433;102;22;80
21;346;83;16;67
21;259;68;21;47
21;172;69;9;60
21;85;81;20;61
21;1565;856;175;681
21;1478;823;161;662
21;1391;807;170;637
21;1304;754;169;585
21;1217;701;156;545
21;1130;646;136;510
21;1043;622;113;509
21;956;571;112;459
21;869;528;115;413
21;782;487;106;381
21;695;466;112;354
21;608;461;110;351
21;521;438;106;332
21;434;401;99;302
21;347;417;99;318
21;260;437;98;339
21;173;453;119;334
21;86;462;135;327
21;1566;42052;19482;22570
21;1479;42561;19696;22865
21;1392;43196;19977;23219
21;1305;43875;20356;23519
21;1218;44470;20608;23862
21;1131;45079;20924;24155
21;1044;45713;21177;24536
21;957;46653;21632;25021
21;870;48036;22254;25782
21;783;48792;22752;26040
21;696;49051;22901;26150
21;609;49589;23172;26417
21;522;50373;23646;26727
21;435;51218;24084;27134
21;348;51510;24235;27275
21;261;51734;24316;27418
21;174;52031;24518;27513
21;87;52258;24615;27643
22;1480;170;78;92
22;1393;203;110;93
22;1306;195;93;102
22;1219;201;107;94
22;1132;235;129;106
22;1045;219;112;107
22;958;232;123;109
22;871;172;90;82
22;784;241;127;114
22;697;251;127;124
22;610;236;114;122
22;523;231;129;102
22;436;254;129;125
22;349;305;148;157
22;262;310;151;159
22;175;316;168;148
22;88;288;157;131
22;1;341;173;168
22;1481;199;106;93
22;1394;190;91;99
22;1307;195;104;91
22;1220;226;123;103
22;1133;209;107;102
22;1046;229;122;107
22;959;175;93;82
22;872;209;113;96
22;785;244;124;120
22;698;227;107;120
22;611;233;129;104
22;524;252;128;124
22;437;297;142;155
22;350;302;146;156
22;263;309;166;143
22;176;285;153;132
22;89;342;173;169
22;2;363;186;177
22;1482;178;83;95
22;1395;185;99;86
22;1308;227;123;104
22;1221;199;102;97
22;1134;215;116;99
22;1047;165;89;76
22;960;198;105;93
22;873;227;117;110
22;786;223;103;120
22;699;230;127;103
22;612;248;126;122
22;525;285;136;149
22;438;288;133;155
22;351;308;166;142
22;264;283;153;130
22;177;336;169;167
22;90;359;183;176
22;3;362;187;175
22;1483;179;95;84
22;1396;209;109;100
22;1309;197;104;93
22;1222;220;120;100
22;1135;155;80;75
22;1048;195;100;95
22;961;217;114;103
22;874;187;89;98
22;787;217;119;98
22;700;245;126;119
22;613;287;138;149
22;526;280;130;150
22;439;305;164;141
22;352;281;153;128
22;265;334;169;165
22;178;356;183;173
22;91;357;182;175
22;4;384;177;207
22;1484;206;109;97
22;1397;199;105;94
22;1310;213;113;100
22;1223;152;80;72
22;1136;197;102;95
22;1049;202;110;92
22;962;183;87;96
22;875;212;112;100
22;788;240;124;116
22;701;285;138;147
22;614;277;127;150
22;527;299;162;137
22;440;275;149;126
22;353;333;169;164
22;266;351;180;171
22;179;356;182;174
22;92;384;176;208
22;5;362;200;162
22;1485;194;102;92
22;1398;205;111;94
22;1311;148;78;70
22;1224;196;102;94
22;1137;196;110;86
22;1050;172;80;92
22;963;208;108;100
22;876;213;110;103
22;789;282;137;145
22;702;271;125;146
22;615;299;163;136
22;528;273;150;123
22;441;328;166;162
22;354;347;178;169
22;267;353;180;173
22;180;383;175;208
22;93;358;198;160
22;6;379;179;200
22;1486;203;109;94
22;1399;146;77;69
22;1312;183;98;85
22;1225;195;108;87
22;1138;172;79;93
22;1051;204;105;99
22;964;205;107;98
22;877;284;138;146
22;790;260;121;139
22;703;293;162;131
22;616;269;148;121
22;529;322;163;159
22;442;341;175;166
22;355;352;179;173
22;268;379;173;206
22;181;356;197;159
22;94;379;181;198
22;7;450;215;235
22;1487;146;76;70
22;1400;178;97;81
22;1313;197;109;88
22;1226;173;80;93
22;1139;202;103;99
22;1052;195;102;93
22;965;276;136;140
22;878;261;128;133
22;791;292;161;131
22;704;273;150;123
22;617;319;161;158
22;530;333;170;163
22;443;347;176;171
22;356;377;174;203
22;269;355;196;159
22;182;374;180;194
22;95;446;216;230
22;8;514;271;243
22;1488;179;98;81
22;1401;195;109;86
22;1314;164;77;87
22;1227;203;101;102
22;1140;193;100;93
22;1053;272;137;135
22;966;258;126;132
22;879;278;154;124
22;792;263;144;119
22;705;319;161;158
22;618;327;167;160
22;531;345;174;171
22;444;373;171;202
22;357;353;195;158
22;270;376;180;196
22;183;447;216;231
22;96;508;266;242
22;9;558;274;284
22;1489;189;107;82
22;1402;164;78;86
22;1315;197;98;99
22;1228;193;102;91
22;1141;268;134;134
22;1054;256;125;131
22;967;274;151;123
22;880;277;145;132
22;793;316;159;157
22;706;326;167;159
22;619;344;175;169
22;532;371;169;202
22;445;349;191;158
22;358;374;180;194
22;271;447;216;231
22;184;505;266;239
22;97;552;270;282
22;10;543;276;267
22;1490;157;75;82
22;1403;192;96;96
22;1316;194;101;93
22;1229;263;133;130
22;1142;253;122;131
22;1055;267;150;117
22;968;276;145;131
22;881;294;150;144
22;794;322;166;156
22;707;336;170;166
22;620;370;171;199
22;533;349;191;158
22;446;372;180;192
22;359;442;214;228
22;272;505;267;238
22;185;549;269;280
22;98;543;275;268
22;11;542;270;272
22;1491;191;95;96
22;1404;189;98;91
22;1317;259;126;133
22;1230;247;120;127
22;1143;263;147;116
22;1056;267;142;125
22;969;292;149;143
22;882;320;161;159
22;795;334;170;164
22;708;369;173;196
22;621;345;189;156
22;534;368;180;188
22;447;437;210;227
22;360;504;267;237
22;273;542;267;275
22;186;537;273;264
22;99;540;270;270
22;12;552;273;279
22;1492;185;93;92
22;1405;255;126;129
22;1318;246;120;126
22;1231;260;147;113
22;1144;258;135;123
22;1057;290;149;141
22;970;315;161;154
22;883;336;177;159
22;796;368;172;196
22;709;345;188;157
22;622;366;178;188
22;535;428;206;222
22;448;498;264;234
22;361;537;265;272
22;274;529;268;261
22;187;530;264;266
22;100;544;268;276
22;13;570;299;271
22;1493;251;124;127
22;1406;236;116;120
22;1319;258;144;114
22;1232;261;136;125
22;1145;288;150;138
22;1058;308;161;147
22;971;333;173;160
22;884;355;167;188
22;797;340;186;154
22;710;365;177;188
22;623;426;203;223
22;536;494;259;235
22;449;523;257;266
22;362;528;266;262
22;275;524;262;262
22;188;537;265;272
22;101;567;298;269
22;14;548;262;286
22;1494;231;113;118
22;1407;256;142;114
22;1320;255;132;123
22;1233;284;149;135
22;1146;308;160;148
22;1059;331;171;160
22;972;345;164;181
22;885;346;186;160
22;798;365;180;185
22;711;425;202;223
22;624;495;259;236
22;537;513;250;263
22;450;520;260;260
22;363;517;259;258
22;276;528;262;266
22;189;556;289;267
22;102;539;257;282
22;15;548;289;259
22;1495;245;138;107
22;1408;251;131;120
22;1321;281;148;133
22;1234;299;155;144
22;1147;328;170;158
22;1060;337;161;176
22;973;348;185;163
22;886;373;177;196
22;799;417;198;219
22;712;494;259;235
22;625;508;247;261
22;538;516;259;257
22;451;506;252;254
22;364;523;259;264
22;277;547;283;264
22;190;528;250;278
22;103;538;282;256
22;16;628;307;321
22;1496;246;129;117
22;1409;275;147;128
22;1322;290;149;141
22;1235;328;171;157
22;1148;330;158;172
22;1061;342;184;158
22;974;374;178;196
22;887;417;199;218
22;800;486;254;232
22;713;505;246;259
22;626;510;254;256
22;539;500;251;249
22;452;504;247;257
22;365;542;279;263
22;278;516;247;269
22;191;531;280;251
22;104;616;300;316
22;17;572;289;283
22;1497;272;142;130
22;1410;288;145;143
22;1323;326;171;155
22;1236;325;155;170
22;1149;341;185;156
22;1062;374;179;195
22;975;413;195;218
22;888;482;251;231
22;801;507;243;264
22;714;505;252;253
22;627;495;250;245
22;540;500;247;253
22;453;529;272;257
22;366;501;238;263
22;279;521;276;245
22;192;606;296;310
22;105;565;288;277
22;18;547;263;284
22;1498;287;142;145
22;1411;323;171;152
22;1324;315;148;167
22;1237;338;184;154
22;1150;366;174;192
22;1063;411;196;215
22;976;476;247;229
22;889;506;254;252
22;802;496;249;247
22;715;491;250;241
22;628;491;243;248
22;541;520;267;253
22;454;483;227;256
22;367;503;265;238
22;280;589;288;301
22;193;554;282;272
22;106;544;262;282
22;19;454;222;232
22;1499;299;158;141
22;1412;304;145;159
22;1325;328;180;148
22;1238;348;168;180
22;1151;397;189;208
22;1064;457;240;217
22;977;480;246;234
22;890;412;214;198
22;803;480;247;233
22;716;486;239;247
22;629;510;262;248
22;542;465;218;247
22;455;472;244;228
22;368;569;281;288
22;281;535;275;260
22;194;539;256;283
22;107;446;215;231
22;20;314;176;138
22;1500;273;136;137
22;1413;325;178;147
22;1326;331;161;170
22;1239;384;187;197
22;1152;437;232;205
22;1065;467;238;229
22;978;390;203;187
22;891;401;210;191
22;804;470;230;240
22;717;494;254;240
22;630;455;213;242
22;543;458;239;219
22;456;536;265;271
22;369;526;267;259
22;282;528;255;273
22;195;441;214;227
22;108;316;177;139
22;21;304;174;130
22;1501;296;167;129
22;1414;309;149;160
22;1327;368;175;193
22;1240;412;220;192
22;1153;447;225;222
22;1066;374;199;175
22;979;383;196;187
22;892;349;182;167
22;805;477;247;230
22;718;441;207;234
22;631;446;233;213
22;544;521;255;266
22;457;489;245;244
22;370;501;243;258
22;283;433;212;221
22;196;314;174;140
22;109;300;171;129
22;22;334;186;148
22;1502;279;135;144
22;1415;343;169;174
22;1328;384;207;177
22;1241;418;209;209
22;1154;355;190;165
22;1067;362;190;172
22;980;318;171;147
22;893;348;196;152
22;806;421;200;221
22;719;437;231;206
22;632;502;243;259
22;545;465;235;230
22;458;470;230;240
22;371;405;204;201
22;284;307;170;137
22;197;299;167;132
22;110;333;183;150
22;23;359;188;171
22;1503;314;155;159
22;1416;359;191;168
22;1329;401;206;195
22;1242;332;180;152
22;1155;332;178;154
22;1068;294;166;128
22;981;317;184;133
22;894;301;151;150
22;807;414;219;195
22;720;485;239;246
22;633;451;231;220
22;546;449;223;226
22;459;379;187;192
22;372;297;164;133
22;285;293;164;129
22;198;331;181;150
22;111;351;187;164
22;24;366;179;187
22;1504;322;175;147
22;1417;373;198;175
22;1330;309;163;146
22;1243;317;175;142
22;1156;274;159;115
22;1069;287;171;116
22;982;269;137;132
22;895;278;162;116
22;808;454;225;229
22;721;433;220;213
22;634;432;218;214
22;547;354;175;179
22;460;273;153;120
22;373;282;161;121
22;286;316;175;141
22;199;351;187;164
22;112;359;173;186
22;25;363;186;177
22;1505;335;177;158
22;1418;278;146;132
22;1331;288;158;130
22;1244;257;153;104
22;1157;269;165;104
22;1070;251;136;115
22;983;244;143;101
22;896;309;160;149
22;809;409;210;199
22;722;418;215;203
22;635;341;168;173
22;548;253;146;107
22;461;247;141;106
22;374;299;163;136
22;287;328;174;154
22;200;351;170;181
22;113;360;184;176
22;26;376;202;174
22;1506;241;137;104
22;1419;255;148;107
22;1332;232;136;96
22;1245;254;164;90
22;1158;233;132;101
22;1071;205;129;76
22;984;264;143;121
22;897;269;143;126
22;810;390;199;191
22;723;329;164;165
22;636;238;138;100
22;549;237;134;103
22;462;283;154;129
22;375;315;167;148
22;288;330;157;173
22;201;347;176;171
22;114;373;201;172
22;27;394;216;178
22;1507;229;136;93
22;1420;219;132;87
22;1333;228;152;76
22;1246;205;122;83
22;1159;197;119;78
22;1072;228;126;102
22;985;229;116;113
22;898;246;123;123
22;811;307;154;153
22;724;231;131;100
22;637;227;130;97
22;550;267;148;119
22;463;294;156;138
22;376;320;149;171
22;289;346;177;169
22;202;364;196;168
22;115;381;210;171
22;28;399;202;197
22;1508;179;109;70
22;1421;197;137;60
22;1334;167;100;67
22;1247;193;118;75
22;1160;196;108;88
22;1073;213;108;105
22;986;212;103;109
22;899;238;111;127
22;812;214;123;91
22;725;212;124;88
22;638;259;144;115
22;551;285;153;132
22;464;310;141;169
22;377;329;168;161
22;290;363;198;165
22;203;382;209;173
22;116;401;203;198
22;29;404;198;206
22;1509;169;119;50
22;1422;154;95;59
22;1335;176;112;64
22;1248;181;105;76
22;1161;187;99;88
22;1074;184;91;93
22;987;215;92;123
22;900;218;118;100
22;813;191;114;77
22;726;240;133;107
22;639;276;149;127
22;552;298;134;164
22;465;317;159;158
22;378;350;190;160
22;291;368;201;167
22;204;387;195;192
22;117;397;195;202
22;30;445;192;253
22;1510;136;85;51
22;1423;146;97;49
22;1336;172;99;73
22;1249;176;97;79
22;1162;176;90;86
22;1075;198;83;115
22;988;195;100;95
22;901;219;129;90
22;814;230;125;105
22;727;262;140;122
22;640;286;131;155
22;553;307;156;151
22;466;333;179;154
22;379;354;189;165
22;292;377;191;186
22;205;394;193;201
22;118;438;190;248
22;31;445;229;216
22;1511;124;88;36
22;1424;155;85;70
22;1337;150;87;63
22;1250;166;84;82
22;1163;184;76;108
22;1076;184;94;90
22;989;208;124;84
22;902;246;130;116
22;815;242;127;115
22;728;271;122;149
22;641;302;149;153
22;554;327;175;152
22;467;357;191;166
22;380;359;181;178
22;293;386;190;196
22;206;429;185;244
22;119;435;222;213
22;32;392;213;179
22;1512;138;68;70
22;1425;136;80;56
22;1338;160;81;79
22;1251;177;71;106
22;1164;173;85;88
22;1077;207;121;86
22;990;235;125;110
22;903;256;132;124
22;816;264;120;144
22;729;300;147;153
22;642;324;176;148
22;555;349;181;168
22;468;339;170;169
22;381;377;182;195
22;294;421;180;241
22;207;429;218;211
22;120;385;206;179
22;33;457;236;221
22;1513;123;75;48
22;1426;138;71;67
22;1339;169;71;98
22;1252;171;83;88
22;1165;203;117;86
22;1078;228;120;108
22;991;247;128;119
22;904;280;124;156
22;817;290;145;145
22;730;315;172;143
22;643;343;179;164
22;556;328;164;164
22;469;363;174;189
22;382;408;173;235
22;295;418;214;204
22;208;377;201;176
22;121;450;231;219
22;34;479;246;233
22;1514;131;67;64
22;1427;156;64;92
22;1340;157;75;82
22;1253;196;112;84
22;1166;220;117;103
22;1079;229;114;115
22;992;278;124;154
22;905;294;145;149
22;818;314;169;145
22;731;331;173;158
22;644;322;159;163
22;557;350;165;185
22;470;392;163;229
22;383;407;210;197
22;296;369;195;174
22;209;446;228;218
22;122;464;234;230
22;35;457;236;221
22;1515;143;59;84
22;1428;146;72;74
22;1341;185;106;79
22;1254;217;118;99
22;1167;219;109;110
22;1080;274;120;154
22;993;288;141;147
22;906;314;158;156
22;819;315;165;150
22;732;325;160;165
22;645;343;162;181
22;558;387;161;226
22;471;395;203;192
22;384;362;188;174
22;297;440;222;218
22;210;461;232;229
22;123;453;234;219
22;36;452;216;236
22;1516;133;61;72
22;1429;174;99;75
22;1342;202;110;92
22;1255;204;99;105
22;1168;273;123;150
22;1081;280;140;140
22;994;298;149;149
22;907;315;159;156
22;820;318;155;163
22;733;339;160;179
22;646;382;159;223
22;559;390;200;190
22;472;355;181;174
22;385;436;222;214
22;298;458;232;226
22;211;450;232;218
22;124;446;213;233
22;37;467;216;251
22;1517;169;99;70
22;1430;199;112;87
22;1343;200;94;106
22;1256;266;116;150
22;1169;278;140;138
22;1082;290;147;143
22;995;305;151;154
22;908;329;156;173
22;821;328;154;174
22;734;373;155;218
22;647;382;194;188
22;560;348;177;171
22;473;428;219;209
22;386;446;224;222
22;299;441;225;216
22;212;445;212;233
22;125;460;213;247
22;38;471;236;235
22;1518;191;107;84
22;1431;192;94;98
22;1344;262;115;147
22;1257;282;142;140
22;1170;289;146;143
22;1083;297;148;149
22;996;322;152;170
22;909;359;169;190
22;822;366;149;217
22;735;372;186;186
22;648;343;173;170
22;561;424;217;207
22;474;431;211;220
22;387;439;226;213
22;300;431;207;224
22;213;454;210;244
22;126;465;233;232
22;39;490;257;233
22;1519;190;92;98
22;1432;259;115;144
22;1345;276;141;135
22;1258;282;143;139
22;1171;296;145;151
22;1084;319;153;166
22;997;355;166;189
22;910;386;158;228
22;823;374;188;186
22;736;336;167;169
22;649;418;214;204
22;562;422;208;214
22;475;426;217;209
22;388;429;204;225
22;301;446;208;238
22;214;459;228;231
22;127;482;252;230
22;40;473;241;232
22;1520;255;111;144
22;1433;263;129;134
22;1346;276;140;136
22;1259;297;148;149
22;1172;312;150;162
22;1085;344;156;188
22;998;380;159;221
22;911;396;194;202
22;824;329;161;168
22;737;411;214;197
22;650;416;205;211
22;563;419;215;204
22;476;418;201;217
22;389;441;204;237
22;302;452;225;227
22;215;476;249;227
22;128;464;236;228
22;41;511;250;261
22;1521;256;126;130
22;1434;269;135;134
22;1347;294;145;149
22;1260;310;151;159
22;1173;335;149;186
22;1086;380;161;219
22;999;393;194;199
22;912;338;168;170
22;825;405;208;197
22;738;413;202;211
22;651;415;212;203
22;564;411;196;215
22;477;432;197;235
22;390;442;217;225
22;303;466;243;223
22;216;451;227;224
22;129;509;251;258
22;42;484;244;240
22;1522;256;128;128
22;1435;293;144;149
22;1348;312;152;160
22;1261;341;155;186
22;1174;377;158;219
22;1087;391;191;200
22;1000;335;165;170
22;913;432;223;209
22;826;408;200;208
22;739;408;209;199
22;652;400;189;211
22;565;426;194;232
22;478;434;208;226
22;391;461;241;220
22;304;450;225;225
22;217;496;242;254
22;130;479;244;235
22;43;471;261;210
22;1523;283;139;144
22;1436;306;152;154
22;1349;334;152;182
22;1262;374;156;218
22;1175;383;182;201
22;1088;336;168;168
22;1001;427;219;208
22;914;418;211;207
22;827;403;207;196
22;740;392;184;208
22;653;414;187;227
22;566;425;205;220
22;479;454;236;218
22;392;446;223;223
22;305;493;244;249
22;218;474;240;234
22;131;468;260;208
22;44;402;195;207
22;1524;301;149;152
22;1437;328;149;179
22;1350;366;150;216
22;1263;377;178;199
22;1176;329;164;165
22;1089;419;216;203
22;1002;417;209;208
22;915;416;217;199
22;828;388;180;208
22;741;415;186;229
22;654;420;200;220
22;567;442;227;215
22;480;436;215;221
22;393;485;243;242
22;306;465;233;232
22;219;467;259;208
22;132;403;197;206
22;45;419;223;196
22;1525;315;141;174
22;1438;367;154;213
22;1351;376;179;197
22;1264;324;160;164
22;1177;414;213;201
22;1090;409;205;204
22;1003;407;212;195
22;916;413;191;222
22;829;402;180;222
22;742;418;201;217
22;655;432;222;210
22;568;427;208;219
22;481;486;244;242
22;394;459;228;231
22;307;463;256;207
22;220;395;193;202
22;133;406;213;193
22;46;389;181;208
22;1526;358;149;209
22;1439;367;176;191
22;1352;323;160;163
22;1265;407;209;198
22;1178;403;199;204
22;1091;398;208;190
22;1004;409;190;219
22;917;417;190;227
22;830;406;194;212
22;743;427;220;207
22;656;424;206;218
22;569;476;238;238
22;482;447;223;224
22;395;462;256;206
22;308;395;193;202
22;221;401;212;189
22;134;383;179;204
22;47;381;188;193
22;1527;363;171;192
22;1440;317;153;164
22;1353;395;202;193
22;1266;400;198;202
22;1179;397;205;192
22;1092;407;187;220
22;1005;412;187;225
22;918;418;200;218
22;831;420;214;206
22;744;417;200;217
22;657;471;235;236
22;570;438;217;221
22;483;453;247;206
22;396;384;187;197
22;309;393;205;188
22;222;379;177;202
22;135;381;190;191
22;48;372;192;180
22;1528;310;151;159
22;1441;390;201;189
22;1354;388;195;193
22;1267;392;203;189
22;1180;406;188;218
22;1093;404;181;223
22;1006;411;193;218
22;919;433;221;212
22;832;403;193;210
22;745;466;231;235
22;658;439;218;221
22;571;450;246;204
22;484;380;186;194
22;397;388;202;186
22;310;372;173;199
22;223;380;190;190
22;136;362;185;177
22;49;366;171;195
22;1529;382;200;182
22;1442;378;186;192
22;1355;393;204;189
22;1268;401;183;218
22;1181;410;185;225
22;1094;404;191;213
22;1007;426;219;207
22;920;401;185;216
22;833;459;225;234
22;746;435;217;218
22;659;444;239;205
22;572;374;184;190
22;485;380;197;183
22;398;367;169;198
22;311;376;186;190
22;224;360;183;177
22;137;358;168;190
22;50;374;196;178
22;1530;367;181;186
22;1443;384;196;188
22;1356;394;181;213
22;1269;409;186;223
22;1182;401;191;210
22;1095;420;217;203
22;1008;397;185;212
22;921;458;224;234
22;834;431;213;218
22;747;439;238;201
22;660;366;180;186
22;573;372;191;181
22;486;359;166;193
22;399;369;184;185
22;312;355;181;174
22;225;357;168;189
22;138;367;193;174
22;51;384;168;216
22;1531;383;197;186
22;1444;392;179;213
22;1357;403;185;218
22;1270;395;189;206
22;1183;412;211;201
22;1096;388;176;212
22;1009;453;219;234
22;922;431;212;219
22;835;428;230;198
22;748;359;175;184
22;661;363;185;178
22;574;353;163;190
22;487;363;182;181
22;400;349;175;174
22;313;353;166;187
22;226;362;191;171
22;139;377;166;211
22;52;332;181;151
22;1532;385;175;210
22;1445;399;184;215
22;1358;389;185;204
22;1271;405;206;199
22;1184;376;168;208
22;1097;444;209;235
22;1010;424;208;216
22;923;415;227;188
22;836;354;169;185
22;749;354;180;174
22;662;353;162;191
22;575;357;177;180
22;488;337;167;170
22;401;344;161;183
22;314;355;186;169
22;227;377;166;211
22;140;327;176;151
22;53;309;145;164
22;1533;393;181;212
22;1446;388;183;205
22;1359;402;203;199
22;1272;373;168;205
22;1185;441;208;233
22;1098;420;205;215
22;1011;407;224;183
22;924;353;171;182
22;837;349;178;171
22;750;352;160;192
22;663;350;171;179
22;576;329;161;168
22;489;337;155;182
22;402;346;180;166
22;315;372;162;210
22;228;327;176;151
22;141;311;147;164
22;54;333;148;185
22;1534;381;181;200
22;1447;393;197;196
22;1360;363;162;201
22;1273;439;208;231
22;1186;410;199;211
22;1099;404;222;182
22;1012;343;167;176
22;925;356;184;172
22;838;345;155;190
22;751;348;171;177
22;664;319;154;165
22;577;332;152;180
22;490;335;173;162
22;403;368;161;207
22;316;327;175;152
22;229;304;145;159
22;142;327;145;182
22;55;328;136;192
22;1535;387;195;192
22;1448;360;158;202
22;1361;440;209;231
22;1274;397;191;206
22;1187;400;218;182
22;1100;340;168;172
22;1013;352;183;169
22;926;348;154;194
22;839;342;167;175
22;752;315;151;164
22;665;324;147;177
22;578;333;173;160
22;491;359;157;202
22;404;319;168;151
22;317;300;143;157
22;230;322;143;179
22;143;321;133;188
22;56;329;148;181
22;1536;359;160;199
22;1449;428;199;229
22;1362;391;185;206
22;1275;391;213;178
22;1188;336;166;170
22;1101;341;179;162
22;1014;338;148;190
22;927;330;152;178
22;840;307;144;163
22;753;317;142;175
22;666;322;165;157
22;579;358;157;201
22;492;314;162;152
22;405;297;140;157
22;318;316;141;175
22;231;319;131;188
22;144;321;144;177
22;57;320;157;163
22;1537;425;197;228
22;1450;380;179;201
22;1363;387;211;176
22;1276;329;161;168
22;1189;331;170;161
22;1102;330;145;185
22;1015;325;147;178
22;928;316;154;162
22;841;308;136;172
22;754;316;160;156
22;667;351;153;198
22;580;303;155;148
22;493;293;137;156
22;406;310;137;173
22;319;311;125;186
22;232;315;139;176
22;145;314;157;157
22;58;379;166;213
22;1538;372;176;196
22;1451;383;208;175
22;1364;324;156;168
22;1277;324;164;160
22;1190;326;141;185
22;1103;317;139;178
22;1016;311;152;159
22;929;321;137;184
22;842;306;153;153
22;755;346;151;195
22;668;292;144;148
22;581;285;134;151
22;494;306;136;170
22;407;310;124;186
22;320;312;138;174
22;233;305;150;155
22;146;368;160;208
22;59;386;176;210
22;1539;378;202;176
22;1452;315;151;164
22;1365;326;166;160
22;1278;320;137;183
22;1191;309;134;175
22;1104;309;152;157
22;1017;316;133;183
22;930;314;155;159
22;843;343;150;193
22;756;280;137;143
22;669;278;130;148
22;582;297;129;168
22;495;304;122;182
22;408;308;135;173
22;321;298;144;154
22;234;361;156;205
22;147;375;171;204
22;60;430;184;246
22;1540;304;145;159
22;1453;322;162;160
22;1366;313;133;180
22;1279;306;132;174
22;1192;305;150;155
22;1105;313;130;183
22;1018;307;150;157
22;931;348;153;195
22;844;275;134;141
22;757;273;126;147
22;670;291;125;166
22;583;300;118;182
22;496;300;130;170
22;409;291;139;152
22;322;347;150;197
22;235;368;164;204
22;148;427;181;246
22;61;318;139;179
22;1541;316;157;159
22;1454;305;128;177
22;1367;300;129;171
22;1280;304;148;156
22;1193;308;125;183
22;1106;300;146;154
22;1019;343;150;193
22;932;284;142;142
22;845;264;119;145
22;758;279;117;162
22;671;294;113;181
22;584;292;125;167
22;497;281;131;150
22;410;333;142;191
22;323;352;155;197
22;236;421;175;246
22;149;317;137;180
22;62;348;155;193
22;1542;301;126;175
22;1455;298;127;171
22;1368;298;143;155
22;1281;304;122;182
22;1194;299;147;152
22;1107;338;147;191
22;1020;281;139;142
22;933;268;118;150
22;846;271;111;160
22;759;287;111;176
22;672;286;119;167
22;585;275;129;146
22;498;329;137;192
22;411;343;149;194
22;324;413;170;243
22;237;315;138;177
22;150;343;154;189
22;63;326;139;187
22;1543;296;125;171
22;1456;295;139;156
22;1369;299;119;180
22;1282;294;143;151
22;1195;334;144;190
22;1108;273;134;139
22;1021;258;111;147
22;934;277;112;165
22;847;281;106;175
22;760;276;109;167
22;673;266;124;142
22;586;322;134;188
22;499;334;143;191
22;412;407;165;242
22;325;310;135;175
22;238;336;150;186
22;151;321;133;188
22;64;319;132;187
22;1544;289;134;155
22;1457;295;116;179
22;1370;285;140;145
22;1283;327;141;186
22;1196;266;128;138
22;1109;255;107;148
22;1022;276;110;166
22;935;273;104;169
22;848;270;106;164
22;761;260;118;142
22;674;310;125;185
22;587;323;137;186
22;500;391;155;236
22;413;298;127;171
22;326;325;142;183
22;239;316;132;184
22;152;313;129;184
22;65;378;147;231
22;1545;291;113;178
22;1458;276;137;139
22;1371;322;140;182
22;1284;263;127;136
22;1197;245;101;144
22;1110;273;106;167
22;1023;270;101;169
22;936;273;108;165
22;849;249;113;136
22;762;305;122;183
22;675;320;136;184
22;588;377;145;232
22;501;290;121;169
22;414;318;139;179
22;327;315;131;184
22;240;308;123;185
22;153;374;145;229
22;66;363;145;218
22;1546;272;133;139
22;1459;319;136;183
22;1372;261;125;136
22;1285;239;98;141
22;1198;266;102;164
22;1111;261;96;165
22;1024;270;105;165
22;937;245;105;140
22;850;302;122;180
22;763;314;132;182
22;676;367;138;229
22;589;282;115;167
22;502;305;128;177
22;415;308;127;181
22;328;303;123;180
22;241;374;145;229
22;154;353;140;213
22;67;317;113;204
22;1547;313;130;183
22;1460;258;123;135
22;1373;232;96;136
22;1286;257;93;164
22;1199;251;91;160
22;1112;264;101;163
22;1025;240;102;138
22;938;313;122;191
22;851;302;124;178
22;764;361;136;225
22;677;272;108;164
22;590;295;125;170
22;503;298;121;177
22;416;295;120;175
22;329;368;139;229
22;242;342;137;205
22;155;311;112;199
22;68;313;113;200
22;1548;248;116;132
22;1461;229;93;136
22;1374;253;89;164
22;1287;246;89;157
22;1200;258;98;160
22;1113;233;97;136
22;1026;301;116;185
22;939;304;123;181
22;852;352;133;219
22;765;265;103;162
22;678;283;120;163
22;591;284;113;171
22;504;287;118;169
22;417;360;135;225
22;330;335;132;203
22;243;307;105;202
22;156;308;109;199
22;69;303;115;188
22;1549;222;88;134
22;1462;242;80;162
22;1375;237;84;153
22;1288;249;92;157
22;1201;227;95;132
22;1114;295;111;184
22;1027;297;120;177
22;940;347;126;221
22;853;262;102;160
22;766;278;117;161
22;679;273;108;165
22;592;274;111;163
22;505;351;129;222
22;418;327;127;200
22;331;303;103;200
22;244;302;104;198
22;157;297;113;184
22;70;280;106;174
22;1550;234;76;158
22;1463;230;79;151
22;1376;243;87;156
22;1289;224;94;130
22;1202;285;107;178
22;1115;282;108;174
22;1028;332;115;217
22;941;260;102;158
22;854;272;112;160
22;767;262;106;156
22;680;264;105;159
22;593;339;122;217
22;506;309;115;194
22;419;293;96;197
22;332;295;98;197
22;245;281;103;178
22;158;278;107;171
22;71;304;109;195
22;1551;221;74;147
22;1464;243;86;157
22;1377;217;90;127
22;1290;278;101;177
22;1203;268;101;167
22;1116;323;110;213
22;1029;251;96;155
22;942;264;101;163
22;855;257;104;153
22;768;256;98;158
22;681;330;117;213
22;594;299;109;190
22;507;281;92;189
22;420;288;93;195
22;333;274;97;177
22;246;273;107;166
22;159;295;103;192
22;72;249;105;144
22;1552;237;81;156
22;1465;209;85;124
22;1378;267;95;172
22;1291;255;91;164
22;1204;315;105;210
22;1117;244;91;153
22;1030;250;98;152
22;943;258;103;155
22;856;245;88;157
22;769;326;114;212
22;682;286;105;181
22;595;269;85;184
22;508;278;86;192
22;421;265;96;169
22;334;266;101;165
22;247;285;99;186
22;160;243;99;144
22;73;276;99;177
22;1553;201;79;122
22;1466;258;92;166
22;1379;231;78;153
22;1292;307;102;205
22;1205;231;83;148
22;1118;237;94;143
22;1031;249;97;152
22;944;240;82;158
22;857;317;110;207
22;770;271;98;173
22;683;252;80;172
22;596;266;80;186
22;509;255;90;165
22;422;261;98;163
22;335;280;96;184
22;248;236;96;140
22;161;272;96;176
22;74;256;90;166
22;1554;250;90;160
22;1467;220;71;149
22;1380;293;93;200
22;1293;223;77;146
22;1206;232;90;142
22;1119;241;90;151
22;1032;232;76;156
22;945;290;99;191
22;858;262;95;167
22;771;244;77;167
22;684;250;72;178
22;597;242;86;156
22;510;248;90;158
22;423;267;90;177
22;336;231;94;137
22;249;254;86;168
22;162;252;89;163
22;75;228;66;162
22;1555;208;65;143
22;1468;282;88;194
22;1381;214;71;143
22;1294;223;88;135
22;1207;227;83;144
22;1120;220;71;149
22;1033;275;89;186
22;946;242;83;159
22;859;229;70;159
22;772;243;68;175
22;685;227;78;149
22;598;234;83;151
22;511;258;88;170
22;424;220;89;131
22;337;246;80;166
22;250;235;85;150
22;163;220;62;158
22;76;214;69;145
22;1556;261;81;180
22;1469;199;65;134
22;1382;211;85;126
22;1295;221;79;142
22;1208;208;64;144
22;1121;266;89;177
22;1034;230;76;154
22;947;217;62;155
22;860;234;66;168
22;773;216;72;144
22;686;224;79;145
22;599;246;84;162
22;512;216;87;129
22;425;239;77;162
22;338;224;81;143
22;251;211;60;151
22;164;205;63;142
22;77;191;54;137
22;1557;189;59;130
22;1470;203;81;122
22;1383;213;73;140
22;1296;197;60;137
22;1209;255;82;173
22;1122;222;72;150
22;1035;206;58;148
22;948;219;65;154
22;861;202;62;140
22;774;206;73;133
22;687;229;73;156
22;600;193;76;117
22;513;226;68;158
22;426;212;73;139
22;339;203;56;147
22;252;188;56;132
22;165;181;48;133
22;78;202;62;140
22;1558;195;78;117
22;1471;201;66;135
22;1384;189;58;131
22;1297;240;76;164
22;1210;199;64;135
22;1123;193;52;141
22;1036;207;59;148
22;949;180;52;128
22;862;192;64;128
22;775;216;66;150
22;688;187;73;114
22;601;209;62;147
22;514;202;69;133
22;427;198;54;144
22;340;178;52;126
22;253;169;45;124
22;166;197;61;136
22;79;171;46;125
22;1559;185;55;130
22;1472;177;52;125
22;1385;229;71;158
22;1298;190;61;129
22;1211;187;51;136
22;1124;191;53;138
22;1037;167;45;122
22;950;183;57;126
22;863;199;59;140
22;776;174;64;110
22;689;191;53;138
22;602;187;64;123
22;515;189;52;137
22;428;165;48;117
22;341;159;39;120
22;254;187;55;132
22;167;168;47;121
22;80;155;49;106
22;1560;163;45;118
22;1473;216;65;151
22;1386;177;56;121
22;1299;174;44;130
22;1212;177;51;126
22;1125;155;42;113
22;1038;166;52;114
22;951;186;53;133
22;864;159;54;105
22;777;175;48;127
22;690;168;58;110
22;603;175;49;126
22;516;153;46;107
22;429;154;35;119
22;342;175;49;126
22;255;156;41;115
22;168;142;44;98
22;81;139;31;108
22;1561;199;58;141
22;1474;170;50;120
22;1387;163;41;122
22;1300;161;43;118
22;1213;145;40;105
22;1126;158;48;110
22;1039;171;47;124
22;952;147;47;100
22;865;164;41;123
22;778;156;53;103
22;691;169;44;125
22;604;141;41;100
22;517;140;31;109
22;430;169;49;120
22;343;151;37;114
22;256;135;40;95
22;169;129;26;103
22;82;97;26;71
22;1562;157;45;112
22;1475;144;36;108
22;1388;152;40;112
22;1301;135;36;99
22;1214;149;45;104
22;1127;160;45;115
22;1040;136;46;90
22;953;143;30;113
22;866;144;48;96
22;779;151;39;112
22;692;129;38;91
22;605;132;26;106
22;518;153;44;109
22;431;137;33;104
22;344;131;38;93
22;257;117;22;95
22;170;89;23;66
22;83;74;14;60
22;1563;132;29;103
22;1476;139;35;104
22;1389;122;32;90
22;1302;136;43;93
22;1215;144;39;105
22;1128;124;39;85
22;1041;129;25;104
22;954;134;43;91
22;867;133;35;98
22;780;121;34;87
22;693;119;23;96
22;606;128;34;94
22;519;123;32;91
22;432;120;34;86
22;345;106;17;89
22;258;78;18;60
22;171;70;13;57
22;84;80;15;65
22;1564;130;32;98
22;1477;111;27;84
22;1390;115;36;79
22;1303;129;32;97
22;1216;110;32;78
22;1129;112;19;93
22;1042;124;36;88
22;955;114;31;83
22;868;106;29;77
22;781;105;19;86
22;694;109;27;82
22;607;105;26;79
22;520;107;31;76
22;433;94;14;80
22;346;72;16;56
22;259;63;11;52
22;172;71;14;57
22;85;70;22;48
22;1565;538;127;411
22;1478;552;133;419
22;1391;550;125;425
22;1304;519;114;405
22;1217;495;104;391
22;1130;488;109;379
22;1043;483;101;382
22;956;473;100;373
22;869;467;96;371
22;782;452;102;350
22;695;427;90;337
22;608;424;82;342
22;521;397;67;330
22;434;380;77;303
22;347;394;83;311
22;260;390;81;309
22;173;395;82;313
22;86;412;82;330
22;1566;21583;10070;11513
22;1479;22449;10500;11949
22;1392;23147;10816;12331
22;1305;23807;11131;12676
22;1218;24306;11326;12980
22;1131;24890;11592;13298
22;1044;25584;11874;13710
22;957;26322;12241;14081
22;870;27427;12762;14665
22;783;28085;13097;14988
22;696;28543;13302;15241
22;609;29083;13568;15515
22;522;29746;13860;15886
22;435;30536;14317;16219
22;348;31012;14564;16448
22;261;31367;14736;16631
22;174;31656;14874;16782
22;87;31940;14990;16950
23;1480;242;130;112
23;1393;266;150;116
23;1306;270;137;133
23;1219;266;155;111
23;1132;246;138;108
23;1045;281;130;151
23;958;249;152;97
23;871;224;117;107
23;784;276;137;139
23;697;306;149;157
23;610;289;150;139
23;523;292;143;149
23;436;300;163;137
23;349;306;161;145
23;262;338;169;169
23;175;308;174;134
23;88;335;176;159
23;1;352;178;174
23;1481;265;146;119
23;1394;263;133;130
23;1307;260;151;109
23;1220;244;138;106
23;1133;269;128;141
23;1046;244;150;94
23;959;223;119;104
23;872;268;131;137
23;785;294;144;150
23;698;288;152;136
23;611;284;138;146
23;524;294;160;134
23;437;299;156;143
23;350;335;167;168
23;263;312;179;133
23;176;329;172;157
23;89;350;179;171
23;2;420;234;186
23;1482;254;130;124
23;1395;258;147;111
23;1308;241;137;104
23;1221;264;123;141
23;1134;237;146;91
23;1047;220;119;101
23;960;275;134;141
23;873;253;131;122
23;786;281;146;135
23;699;277;134;143
23;612;291;154;137
23;525;294;152;142
23;438;330;166;164
23;351;309;178;131
23;264;331;173;158
23;177;343;174;169
23;90;412;227;185
23;3;412;229;183
23;1483;258;147;111
23;1396;237;135;102
23;1309;262;121;141
23;1222;232;142;90
23;1135;222;116;106
23;1048;272;131;141
23;961;255;130;125
23;874;275;143;132
23;787;273;131;142
23;700;289;157;132
23;613;286;151;135
23;526;326;163;163
23;439;299;171;128
23;352;324;170;154
23;265;345;176;169
23;178;408;225;183
23;91;410;225;185
23;4;414;216;198
23;1484;231;133;98
23;1397;255;114;141
23;1310;225;137;88
23;1223;223;115;108
23;1136;268;131;137
23;1049;251;131;120
23;962;273;144;129
23;875;257;128;129
23;788;281;153;128
23;701;282;145;137
23;614;322;160;162
23;527;292;167;125
23;440;318;168;150
23;353;341;174;167
23;266;406;225;181
23;179;407;225;182
23;92;410;212;198
23;5;436;210;226
23;1485;253;116;137
23;1398;222;135;87
23;1311;218;110;108
23;1224;263;126;137
23;1137;249;133;116
23;1050;275;143;132
23;963;253;126;127
23;876;250;138;112
23;789;279;142;137
23;702;319;159;160
23;615;286;162;124
23;528;317;164;153
23;441;338;171;167
23;354;401;224;177
23;267;408;227;181
23;180;409;211;198
23;93;429;203;226
23;6;462;234;228
23;1486;218;134;84
23;1399;216;110;106
23;1312;256;124;132
23;1225;244;130;114
23;1138;272;139;133
23;1051;253;126;127
23;964;239;133;106
23;877;273;141;132
23;790;317;158;159
23;703;285;161;124
23;616;311;160;151
23;529;333;169;164
23;442;396;223;173
23;355;403;224;179
23;268;409;211;198
23;181;425;201;224
23;94;457;231;226
23;7;509;262;247
23;1487;212;103;109
23;1400;255;124;131
23;1313;233;127;106
23;1226;268;139;129
23;1139;252;125;127
23;1052;243;138;105
23;965;269;140;129
23;878;306;156;150
23;791;277;159;118
23;704;302;157;145
23;617;332;166;166
23;530;390;218;172
23;443;396;220;176
23;356;403;206;197
23;269;421;198;223
23;182;455;231;224
23;95;507;259;248
23;8;544;286;258
23;1488;253;120;133
23;1401;234;127;107
23;1314;262;134;128
23;1227;248;122;126
23;1140;245;138;107
23;1053;268;139;129
23;966;302;154;148
23;879;269;151;118
23;792;301;158;143
23;705;327;163;164
23;618;386;214;172
23;531;399;222;177
23;444;402;205;197
23;357;417;197;220
23;270;452;228;224
23;183;506;259;247
23;96;538;279;259
23;9;635;330;305
23;1489;233;129;104
23;1402;261;134;127
23;1315;248;124;124
23;1228;245;138;107
23;1141;270;142;128
23;1054;307;155;152
23;967;270;152;118
23;880;300;163;137
23;793;325;163;162
23;706;382;213;169
23;619;392;221;171
23;532;399;204;195
23;445;412;195;217
23;358;447;227;220
23;271;505;257;248
23;184;534;275;259
23;97;628;324;304
23;10;595;293;302
23;1490;260;129;131
23;1403;251;125;126
23;1316;242;136;106
23;1229;272;143;129
23;1142;300;151;149
23;1055;270;153;117
23;968;301;164;137
23;881;319;160;159
23;794;380;211;169
23;707;391;220;171
23;620;396;199;197
23;533;415;194;221
23;446;440;223;217
23;359;505;257;248
23;272;536;277;259
23;185;623;323;300
23;98;594;291;303
23;11;605;305;300
23;1491;247;125;122
23;1404;237;131;106
23;1317;266;137;129
23;1230;297;151;146
23;1143;268;152;116
23;1056;299;163;136
23;969;319;160;159
23;882;381;210;171
23;795;385;215;170
23;708;395;200;195
23;621;414;194;220
23;534;436;222;214
23;447;497;257;240
23;360;530;274;256
23;273;626;327;299
23;186;588;289;299
23;99;593;296;297
23;12;599;321;278
23;1492;231;128;103
23;1405;267;137;130
23;1318;301;152;149
23;1231;270;154;116
23;1144;295;162;133
23;1057;311;154;157
23;970;378;208;170
23;883;360;199;161
23;796;394;201;193
23;709;403;190;213
23;622;429;217;212
23;535;495;253;242
23;448;524;268;256
23;361;619;322;297
23;274;582;285;297
23;187;587;293;294
23;100;597;322;275
23;13;573;268;305
23;1493;267;136;131
23;1406;298;149;149
23;1319;271;154;117
23;1232;296;163;133
23;1145;308;152;156
23;1058;376;208;168
23;971;355;197;158
23;884;376;191;185
23;797;403;189;214
23;710;425;216;209
23;623;493;253;240
23;536;520;268;252
23;449;602;312;290
23;362;574;282;292
23;275;581;293;288
23;188;586;316;270
23;101;566;262;304
23;14;642;340;302
23;1494;291;143;148
23;1407;270;152;118
23;1320;295;165;130
23;1233;306;150;156
23;1146;376;208;168
23;1059;351;194;157
23;972;373;190;183
23;885;396;185;211
23;798;424;216;208
23;711;487;250;237
23;624;514;264;250
23;537;596;309;287
23;450;558;274;284
23;363;575;290;285
23;276;574;309;265
23;189;556;256;300
23;102;638;333;305
23;15;672;352;320
23;1495;269;153;116
23;1408;294;166;128
23;1321;305;152;153
23;1234;379;212;167
23;1147;344;189;155
23;1060;369;188;181
23;973;396;187;209
23;886;423;227;196
23;799;484;248;236
23;712;509;260;249
23;625;586;303;283
23;538;546;269;277
23;451;554;281;273
23;364;571;306;265
23;277;546;254;292
23;190;628;327;301
23;103;663;345;318
23;16;655;345;310
23;1496;288;164;124
23;1409;299;150;149
23;1322;376;211;165
23;1235;345;190;155
23;1148;364;186;178
23;1061;391;186;205
23;974;424;228;196
23;887;472;242;230
23;800;506;259;247
23;713;577;299;278
23;626;544;266;278
23;539;544;275;269
23;452;550;295;255
23;365;539;249;290
23;278;617;324;293
23;191;650;339;311
23;104;642;337;305
23;17;652;355;297
23;1497;299;151;148
23;1410;372;210;162
23;1323;344;191;153
23;1236;362;184;178
23;1149;395;188;207
23;1062;420;229;191
23;975;467;239;228
23;888;494;264;230
23;801;568;295;273
23;714;540;264;276
23;627;542;273;269
23;540;540;287;253
23;453;521;242;279
23;366;606;315;291
23;279;639;334;305
23;192;628;329;299
23;105;641;347;294
23;18;614;314;300
23;1498;365;206;159
23;1411;339;190;149
23;1324;357;182;175
23;1237;395;188;207
23;1150;421;229;192
23;1063;463;235;228
23;976;495;262;233
23;889;539;286;253
23;802;525;260;265
23;715;534;271;263
23;628;529;279;250
23;541;509;238;271
23;454;579;301;278
23;367;619;325;294
23;280;616;322;294
23;193;631;342;289
23;106;602;305;297
23;19;501;255;246
23;1499;319;180;139
23;1412;351;179;172
23;1325;382;182;200
23;1238;409;222;187
23;1151;451;232;219
23;1064;484;256;228
23;977;520;273;247
23;890;443;233;210
23;803;521;265;256
23;716;523;274;249
23;629;500;231;269
23;542;561;291;270
23;455;578;301;277
23;368;587;309;278
23;281;617;336;281
23;194;592;300;292
23;107;489;247;242
23;20;436;242;194
23;1500;333;170;163
23;1413;375;178;197
23;1326;400;214;186
23;1239;439;229;210
23;1152;472;251;221
23;1065;501;265;236
23;978;431;227;204
23;891;401;213;188
23;804;512;270;242
23;717;493;227;266
23;630;547;285;262
23;543;555;291;264
23;456;558;289;269
23;369;591;323;268
23;282;578;297;281
23;195;479;244;235
23;108;425;233;192
23;21;429;229;200
23;1501;350;171;179
23;1414;384;211;173
23;1327;427;225;202
23;1240;467;253;214
23;1153;489;260;229
23;1066;419;220;199
23;979;385;204;181
23;892;393;218;175
23;805;477;222;255
23;718;537;282;255
23;631;529;279;250
23;544;540;275;265
23;457;552;306;246
23;370;560;286;274
23;283;458;236;222
23;196;422;232;190
23;109;426;227;199
23;22;412;202;210
23;1502;366;199;167
23;1415;420;224;196
23;1328;445;245;200
23;1241;478;257;221
23;1154;410;220;190
23;1067;376;202;174
23;980;376;207;169
23;893;355;172;183
23;806;511;267;244
23;719;517;273;244
23;632;520;264;256
23;545;534;299;235
23;458;525;272;253
23;371;448;232;216
23;284;412;227;185
23;197;423;221;202
23;110;402;197;205
23;23;417;221;196
23;1503;392;210;182
23;1416;421;240;181
23;1329;447;237;210
23;1242;389;212;177
23;1155;369;200;169
23;1068;353;194;159
23;981;325;159;166
23;894;387;211;176
23;807;504;267;237
23;720;513;266;247
23;633;509;287;222
23;546;502;261;241
23;459;421;223;198
23;372;391;220;171
23;285;414;219;195
23;198;395;193;202
23;111;410;220;190
23;24;400;212;188
23;1504;392;227;165
23;1417;414;228;186
23;1330;376;203;173
23;1243;351;194;157
23;1156;334;191;143
23;1069;312;158;154
23;982;371;208;163
23;895;366;200;166
23;808;478;251;227
23;721;482;270;212
23;634;475;250;225
23;547;406;216;190
23;460;365;209;156
23;373;399;212;187
23;286;387;188;199
23;199;408;218;190
23;112;401;208;193
23;25;426;234;192
23;1505;382;209;173
23;1418;356;195;161
23;1331;327;184;143
23;1244;313;192;121
23;1157;300;152;148
23;1070;356;197;159
23;983;345;189;156
23;896;383;220;163
23;809;449;254;195
23;722;454;241;213
23;635;375;203;172
23;548;343;198;145
23;461;359;190;169
23;374;365;179;186
23;287;388;210;178
23;200;394;205;189
23;113;419;228;191
23;26;427;209;218
23;1506;318;185;133
23;1419;291;173;118
23;1332;308;180;128
23;1245;286;146;140
23;1158;337;187;150
23;1071;327;181;146
23;984;349;205;144
23;897;313;184;129
23;810;415;225;190
23;723;351;189;162
23;636;315;186;129
23;549;348;186;162
23;462;341;167;174
23;375;383;210;173
23;288;374;196;178
23;201;414;226;188
23;114;413;199;214
23;27;430;201;229
23;1507;269;159;110
23;1420;276;166;110
23;1333;271;138;133
23;1246;316;176;140
23;1159;319;171;148
23;1072;319;186;133
23;985;279;170;109
23;898;293;155;138
23;811;326;177;149
23;724;295;178;117
23;637;332;176;156
23;550;320;158;162
23;463;363;204;159
23;376;362;189;173
23;289;403;215;188
23;202;394;188;206
23;115;422;194;228
23;28;411;204;207
23;1508;251;154;97
23;1421;236;123;113
23;1334;302;174;128
23;1247;298;156;142
23;1160;306;180;126
23;1073;251;151;100
23;986;269;144;125
23;899;266;135;131
23;812;274;168;106
23;725;319;165;154
23;638;302;148;154
23;551;348;194;154
23;464;336;170;166
23;377;385;206;179
23;290;379;185;194
23;203;415;189;226
23;116;397;195;202
23;29;457;231;226
23;1509;203;111;92
23;1422;274;162;112
23;1335;271;144;127
23;1248;290;173;117
23;1161;234;140;94
23;1074;240;130;110
23;987;255;124;131
23;900;263;137;126
23;813;299;155;144
23;726;287;143;144
23;639;332;187;145
23;552;320;165;155
23;465;356;194;162
23;378;354;177;177
23;291;400;177;223
23;204;391;191;200
23;117;437;214;223
23;30;506;267;239
23;1510;259;150;109
23;1423;245;124;121
23;1336;275;171;104
23;1249;220;132;88
23;1162;246;135;111
23;1075;246;122;124
23;988;242;130;112
23;901;291;141;150
23;814;273;135;138
23;727;317;182;135
23;640;306;157;149
23;553;343;187;156
23;466;342;173;169
23;379;382;169;213
23;292;382;188;194
23;205;435;214;221
23;118;490;253;237
23;31;496;249;247
23;1511;224;113;111
23;1424;249;160;89
23;1337;214;130;84
23;1250;233;127;106
23;1163;238;117;121
23;1076;225;119;106
23;989;283;140;143
23;902;267;120;147
23;815;301;171;130
23;728;297;151;146
23;641;336;183;153
23;554;338;171;167
23;467;367;163;204
23;380;369;179;190
23;293;430;216;214
23;206;478;246;232
23;119;481;240;241
23;32;561;290;271
23;1512;224;145;79
23;1425;183;114;69
23;1338;224;122;102
23;1251;225;111;114
23;1164;214;112;102
23;1077;275;138;137
23;990;263;120;143
23;903;307;166;141
23;816;289;147;142
23;729;322;173;149
23;642;321;166;155
23;555;357;160;197
23;468;350;171;179
23;381;412;207;205
23;294;468;240;228
23;207;470;232;238
23;120;553;285;268
23;33;496;252;244
23;1513;171;111;60
23;1426;208;114;94
23;1339;214;104;110
23;1252;214;111;103
23;1165;272;141;131
23;1078;257;114;143
23;991;298;162;136
23;904;284;149;135
23;817;321;177;144
23;730;316;167;149
23;643;346;152;194
23;556;344;167;177
23;469;396;198;198
23;382;450;233;217
23;295;461;232;229
23;208;550;288;262
23;121;494;248;246
23;34;528;256;272
23;1514;191;103;88
23;1427;196;92;104
23;1340;213;109;104
23;1253;266;139;127
23;1166;251;108;143
23;1079;294;163;131
23;992;270;139;131
23;905;336;180;156
23;818;300;156;144
23;731;329;144;185
23;644;335;162;173
23;557;385;191;194
23;470;426;217;209
23;383;451;229;222
23;296;537;284;253
23;209;489;245;244
23;122;520;252;268
23;35;509;253;256
23;1515;186;84;102
23;1428;202;96;106
23;1341;260;133;127
23;1254;251;111;140
23;1167;289;163;126
23;1080;265;138;127
23;993;329;175;154
23;906;322;159;163
23;819;321;138;183
23;732;329;157;172
23;645;377;184;193
23;558;408;209;199
23;471;431;219;212
23;384;531;281;250
23;297;487;244;243
23;210;512;247;265
23;123;499;244;255
23;36;503;262;241
23;1516;193;86;107
23;1429;251;128;123
23;1342;250;108;142
23;1255;285;163;122
23;1168;259;133;126
23;1081;327;177;150
23;994;309;156;153
23;907;345;160;185
23;820;316;151;165
23;733;368;182;186
23;646;393;199;194
23;559;424;213;211
23;472;515;271;244
23;385;470;230;240
23;298;509;245;264
23;211;492;238;254
23;124;497;257;240
23;37;536;258;278
23;1517;242;124;118
23;1430;232;96;136
23;1343;273;157;116
23;1256;259;133;126
23;1169;323;174;149
23;1082;310;155;155
23;995;342;158;184
23;908;332;155;177
23;821;359;177;182
23;734;384;194;190
23;647;414;208;206
23;560;510;266;244
23;473;456;221;235
23;386;502;239;263
23;299;485;234;251
23;212;490;253;237
23;125;525;248;277
23;38;521;283;238
23;1518;225;89;136
23;1431;263;154;109
23;1344;249;128;121
23;1257;309;168;141
23;1170;307;156;151
23;1083;334;154;180
23;996;327;151;176
23;909;382;195;187
23;822;371;183;188
23;735;400;196;204
23;648;499;257;242
23;561;445;213;232
23;474;485;232;253
23;387;472;224;248
23;300;482;249;233
23;213;519;245;274
23;126;508;272;236
23;39;587;303;284
23;1519;250;143;107
23;1432;242;128;114
23;1345;305;167;138
23;1258;308;155;153
23;1171;327;156;171
23;1084;329;151;178
23;997;372;185;187
23;910;422;212;210
23;823;390;192;198
23;736;488;248;240
23;649;438;208;230
23;562;483;231;252
23;475;465;222;243
23;388;477;246;231
23;301;508;240;268
23;214;504;269;235
23;127;577;296;281
23;40;596;299;297
23;1520;239;125;114
23;1433;304;165;139
23;1346;303;153;150
23;1259;325;153;172
23;1172;324;149;175
23;1085;376;188;188
23;998;415;208;207
23;911;402;211;191
23;824;480;244;236
23;737;425;201;224
23;650;471;225;246
23;563;461;221;240
23;476;465;238;227
23;389;496;234;262
23;302;494;262;232
23;215;570;293;277
23;128;586;290;296
23;41;600;290;310
23;1521;298;162;136
23;1434;295;149;146
23;1347;319;150;169
23;1260;320;145;175
23;1173;378;190;188
23;1086;418;206;212
23;999;386;199;187
23;912;495;254;241
23;825;412;196;216
23;738;456;216;240
23;651;440;204;236
23;564;461;234;227
23;477;474;221;253
23;390;483;252;231
23;303;554;286;268
23;216;584;293;291
23;129;586;282;304
23;42;597;316;281
23;1522;292;145;147
23;1435;315;147;168
23;1348;317;144;173
23;1261;376;190;186
23;1174;416;207;209
23;1087;376;196;180
23;1000;492;251;241
23;913;424;200;224
23;826;442;210;232
23;739;432;200;232
23;652;458;234;224
23;565;470;219;251
23;478;471;250;221
23;391;544;279;265
23;304;575;290;285
23;217;588;282;306
23;130;585;307;278
23;43;597;298;299
23;1523;311;147;164
23;1436;314;139;175
23;1349;375;189;186
23;1262;412;209;203
23;1175;373;196;177
23;1088;487;250;237
23;1001;419;197;222
23;914;466;226;240
23;827;428;199;229
23;740;454;233;221
23;653;459;211;248
23;566;459;241;218
23;479;528;270;258
23;392;564;281;283
23;305;576;276;300
23;218;577;303;274
23;131;592;295;297
23;44;506;265;241
23;1524;305;134;171
23;1437;367;189;178
23;1350;411;209;202
23;1263;373;192;181
23;1176;489;250;239
23;1089;420;201;219
23;1002;461;224;237
23;915;432;194;238
23;828;442;228;214
23;741;446;203;243
23;654;452;238;214
23;567;517;262;255
23;480;561;285;276
23;393;572;272;300
23;306;563;293;270
23;219;594;296;298
23;132;497;257;240
23;45;462;229;233
23;1525;371;190;181
23;1438;407;209;198
23;1351;365;189;176
23;1264;487;248;239
23;1177;412;196;216
23;1090;459;224;235
23;1003;422;187;235
23;916;445;227;218
23;829;439;197;242
23;742;449;236;213
23;655;506;253;253
23;568;549;278;271
23;481;557;263;294
23;394;550;282;268
23;307;589;297;292
23;220;491;254;237
23;133;450;223;227
23;46;501;260;241
23;1526;407;206;201
23;1439;360;184;176
23;1352;484;248;236
23;1265;401;187;214
23;1178;454;219;235
23;1091;418;185;233
23;1004;439;226;213
23;917;459;212;247
23;830;437;226;211
23;743;495;245;250
23;656;541;273;268
23;569;549;258;291
23;482;534;271;263
23;395;578;288;290
23;308;483;252;231
23;221;447;222;225
23;134;490;253;237
23;47;457;236;221
23;1527;354;185;169
23;1440;476;242;234
23;1353;397;183;214
23;1266;451;217;234
23;1179;407;181;226
23;1092;434;222;212
23;1005;452;208;244
23;918;440;241;199
23;831;490;241;249
23;744;535;269;266
23;657;541;253;288
23;570;525;266;259
23;483;565;282;283
23;396;476;248;228
23;309;435;217;218
23;222;479;247;232
23;135;457;236;221
23;48;411;194;217
23;1528;469;242;227
23;1441;397;184;213
23;1354;444;212;232
23;1267;412;183;229
23;1180;430;220;210
23;1093;450;207;243
23;1006;438;240;198
23;919;516;256;260
23;832;520;258;262
23;745;525;246;279
23;658;514;258;256
23;571;559;278;281
23;484;466;241;225
23;397;424;209;215
23;310;474;244;230
23;223;452;232;220
23;136;401;188;213
23;49;444;214;230
23;1529;387;182;205
23;1442;433;207;226
23;1355;407;182;225
23;1268;427;221;206
23;1181;447;204;243
23;1094;435;240;195
23;1007;509;252;257
23;920;507;253;254
23;833;513;237;276
23;746;504;253;251
23;659;553;276;277
23;572;459;234;225
23;485;411;201;210
23;398;466;238;228
23;311;447;231;216
23;224;388;182;206
23;137;436;209;227
23;50;470;215;255
23;1530;423;200;223
23;1443;400;177;223
23;1356;416;212;204
23;1269;446;200;246
23;1182;433;238;195
23;1095;508;252;256
23;1008;497;247;250
23;921;508;241;267
23;834;490;244;246
23;747;540;266;274
23;660;448;225;223
23;573;400;195;205
23;486;453;231;222
23;399;443;227;216
23;312;383;178;205
23;225;428;206;222
23;138;462;207;255
23;51;458;213;245
23;1531;400;176;224
23;1444;412;210;202
23;1357;441;194;247
23;1270;433;240;193
23;1183;494;243;251
23;1096;495;247;248
23;1009;503;233;270
23;922;485;238;247
23;835;535;261;274
23;748;440;218;222
23;661;394;190;204
23;574;447;227;220
23;487;432;223;209
23;400;372;171;201
23;313;420;202;218
23;226;453;203;250
23;139;448;207;241
23;52;434;200;234
23;1532;409;208;201
23;1445;427;191;236
23;1358;434;241;193
23;1271;489;242;247
23;1184;492;245;247
23;1097;495;227;268
23;1010;480;232;248
23;923;510;243;267
23;836;432;214;218
23;749;385;188;197
23;662;441;221;220
23;575;422;219;203
23;488;367;165;202
23;401;414;200;214
23;314;446;198;248
23;227;436;200;236
23;140;431;196;235
23;53;397;174;223
23;1533;426;190;236
23;1446;423;233;190
23;1359;485;237;248
23;1272;483;242;241
23;1185;494;227;267
23;1098;473;228;245
23;1011;502;240;262
23;924;421;207;214
23;837;381;185;196
23;750;431;215;216
23;663;414;212;202
23;576;359;157;202
23;489;405;194;211
23;402;433;190;243
23;315;424;194;230
23;228;428;196;232
23;141;391;171;220
23;54;392;192;200
23;1534;417;226;191
23;1447;477;230;247
23;1360;472;233;239
23;1273;490;226;264
23;1186;464;222;242
23;1099;494;232;262
23;1012;416;204;212
23;925;400;198;202
23;838;425;212;213
23;751;406;209;197
23;664;355;156;199
23;577;394;190;204
23;490;420;185;235
23;403;415;188;227
23;316;424;195;229
23;229;389;169;220
23;142;381;187;194
23;55;363;159;204
23;1535;462;220;242
23;1448;461;230;231
23;1361;479;219;260
23;1274;454;214;240
23;1187;486;226;260
23;1100;413;200;213
23;1013;392;194;198
23;926;438;224;214
23;839;396;205;191
23;752;347;153;194
23;665;388;185;203
23;578;410;179;231
23;491;408;184;224
23;404;413;189;224
23;317;381;163;218
23;230;377;182;195
23;143;356;154;202
23;56;397;181;216
23;1536;452;220;232
23;1449;469;211;258
23;1362;443;208;235
23;1275;477;220;257
23;1188;409;198;211
23;1101;384;188;196
23;1014;428;218;210
23;927;394;198;196
23;840;340;148;192
23;753;377;179;198
23;666;412;178;234
23;579;397;178;219
23;492;409;189;220
23;405;376;161;215
23;318;372;181;191
23;231;348;148;200
23;144;381;170;211
23;57;344;162;182
23;1537;459;205;254
23;1450;434;202;232
23;1363;467;216;251
23;1276;404;193;211
23;1189;379;186;193
23;1102;424;217;207
23;1015;386;193;193
23;928;338;152;186
23;841;367;174;193
23;754;400;174;226
23;667;384;169;215
23;580;403;183;220
23;493;372;158;214
23;406;366;176;190
23;319;343;145;198
23;232;379;166;213
23;145;335;159;176
23;58;467;215;252
23;1538;425;197;228
23;1451;459;209;250
23;1364;398;190;208
23;1277;375;183;192
23;1190;418;213;205
23;1103;388;192;196
23;1016;333;148;185
23;929;379;184;195
23;842;396;173;223
23;755;374;165;209
23;668;399;178;221
23;581;362;156;206
23;494;357;170;187
23;407;340;145;195
23;320;375;162;213
23;233;328;153;175
23;146;454;207;247
23;59;463;213;250
23;1539;451;202;249
23;1452;385;181;204
23;1365;373;182;191
23;1278;407;205;202
23;1191;378;184;194
23;1104;327;144;183
23;1017;370;176;194
23;930;412;178;234
23;843;367;159;208
23;756;387;170;217
23;669;355;152;203
23;582;348;163;185
23;495;334;138;196
23;408;370;156;214
23;321;326;152;174
23;234;449;204;245
23;147;455;208;247
23;60;462;185;277
23;1540;383;180;203
23;1453;365;177;188
23;1366;397;198;199
23;1279;368;178;190
23;1192;317;139;178
23;1105;367;174;193
23;1018;406;174;232
23;931;379;165;214
23;844;378;166;212
23;757;343;145;198
23;670;339;158;181
23;583;323;134;189
23;496;360;148;212
23;409;320;148;172
23;322;434;195;239
23;235;444;203;241
23;148;454;179;275
23;61;374;181;193
23;1541;357;172;185
23;1454;388;191;197
23;1367;357;167;190
23;1280;313;136;177
23;1193;361;168;193
23;1106;398;168;230
23;1019;369;159;210
23;932;375;163;212
23;845;335;141;194
23;758;330;157;173
23;671;320;133;187
23;584;349;141;208
23;497;309;142;167
23;410;412;182;230
23;323;433;196;237
23;236;446;174;272
23;149;371;180;191
23;62;405;167;238
23;1542;382;185;197
23;1455;349;162;187
23;1368;309;134;175
23;1281;352;162;190
23;1194;394;165;229
23;1107;358;151;207
23;1020;370;158;212
23;933;330;137;193
23;846;322;153;169
23;759;311;128;183
23;672;343;138;205
23;585;301;139;162
23;498;405;176;229
23;411;425;192;233
23;324;439;172;267
23;237;357;170;187
23;150;399;162;237
23;63;381;159;222
23;1543;344;160;184
23;1456;305;130;175
23;1369;345;158;187
23;1282;388;158;230
23;1195;358;149;209
23;1108;368;156;212
23;1021;319;129;190
23;934;315;142;173
23;847;301;119;182
23;760;329;132;197
23;673;292;135;157
23;586;391;168;223
23;499;416;187;229
23;412;430;166;264
23;325;345;163;182
23;238;395;160;235
23;151;377;153;224
23;64;389;158;231
23;1544;297;126;171
23;1457;336;151;185
23;1370;381;156;225
23;1283;353;145;208
23;1196;361;154;207
23;1109;314;128;186
23;1022;306;135;171
23;935;294;111;183
23;848;320;124;196
23;761;290;133;157
23;674;376;157;219
23;587;398;178;220
23;500;419;161;258
23;413;331;155;176
23;326;387;153;234
23;239;373;151;222
23;152;386;154;232
23;65;415;172;243
23;1545;329;146;183
23;1458;373;152;221
23;1371;344;139;205
23;1284;352;149;203
23;1197;308;125;183
23;1110;298;131;167
23;1023;285;103;182
23;936;305;112;193
23;849;279;126;153
23;762;364;150;214
23;675;385;170;215
23;588;406;154;252
23;501;319;146;173
23;414;376;143;233
23;327;366;147;219
23;240;385;155;230
23;153;407;165;242
23;66;379;162;217
23;1546;365;146;219
23;1459;336;139;197
23;1372;344;144;200
23;1285;298;118;180
23;1198;289;123;166
23;1111;280;98;182
23;1024;297;106;191
23;937;291;126;165
23;850;353;146;207
23;763;373;161;212
23;676;394;147;247
23;589;312;140;172
23;502;368;137;231
23;415;349;138;211
23;328;377;146;231
23;241;403;162;241
23;154;373;157;216
23;67;381;165;216
23;1547;325;132;193
23;1460;330;134;196
23;1373;291;114;177
23;1286;283;118;165
23;1199;278;96;182
23;1112;290;98;192
23;1025;283;120;163
23;938;353;144;209
23;851;364;154;210
23;764;383;141;242
23;677;298;128;170
23;590;356;134;222
23;503;338;135;203
23;416;369;140;229
23;329;382;145;237
23;242;369;153;216
23;155;376;161;215
23;68;406;133;273
23;1548;324;130;194
23;1461;288;112;176
23;1374;269;108;161
23;1287;274;94;180
23;1200;276;91;185
23;1113;277;114;163
23;1026;341;136;205
23;939;370;148;222
23;852;370;134;236
23;765;290;123;167
23;678;342;121;221
23;591;333;134;199
23;504;356;133;223
23;417;373;137;236
23;330;359;145;214
23;243;363;151;212
23;156;399;133;266
23;69;421;166;255
23;1549;286;110;176
23;1462;263;103;160
23;1375;266;92;174
23;1288;268;86;182
23;1201;269;107;162
23;1114;335;132;203
23;1027;359;142;217
23;940;372;129;243
23;853;273;115;158
23;766;333;117;216
23;679;321;122;199
23;592;347;127;220
23;505;356;130;226
23;418;347;136;211
23;331;354;147;207
23;244;384;122;262
23;157;421;162;259
23;70;426;156;270
23;1550;258;98;160
23;1463;259;87;172
23;1376;257;77;180
23;1289;261;102;159
23;1202;326;127;199
23;1115;355;138;217
23;1028;364;124;240
23;941;281;116;165
23;854;322;110;212
23;767;312;117;195
23;680;327;116;211
23;593;339;119;220
23;506;332;127;205
23;419;344;142;202
23;332;367;112;255
23;245;408;155;253
23;158;425;154;271
23;71;422;152;270
23;1551;255;85;170
23;1464;251;73;178
23;1377;253;100;153
23;1290;313;119;194
23;1203;343;130;213
23;1116;355;117;238
23;1029;268;108;160
23;942;316;110;206
23;855;305;111;194
23;768;318;110;208
23;681;329;113;216
23;594;324;126;198
23;507;330;134;196
23;420;351;103;248
23;333;394;146;248
23;246;410;149;261
23;159;414;145;269
23;72;373;122;251
23;1552;248;72;176
23;1465;241;97;144
23;1378;303;113;190
23;1291;331;124;207
23;1204;345;113;232
23;1117;266;109;157
23;1030;313;107;206
23;943;302;112;190
23;856;312;108;204
23;769;318;110;208
23;682;309;115;194
23;595;311;122;189
23;508;335;96;239
23;421;380;141;239
23;334;395;139;256
23;247;408;140;268
23;160;363;118;245
23;73;386;129;257
23;1553;225;85;140
23;1466;296;110;186
23;1379;327;121;206
23;1292;339;110;229
23;1205;258;103;155
23;1118;304;100;204
23;1031;293;108;185
23;944;305;100;205
23;857;306;106;200
23;770;299;109;190
23;683;303;117;186
23;596;326;90;236
23;509;360;129;231
23;422;377;132;245
23;335;399;130;269
23;248;359;119;240
23;161;377;123;254
23;74;384;140;244
23;1554;282;99;183
23;1467;318;115;203
23;1380;328;105;223
23;1293;246;97;149
23;1206;293;96;197
23;1119;282;102;180
23;1032;297;100;197
23;945;293;99;194
23;858;285;103;182
23;771;292;110;182
23;684;316;89;227
23;597;345;123;222
23;510;360;124;236
23;423;382;121;261
23;336;337;106;231
23;249;364;118;246
23;162;371;135;236
23;75;299;86;213
23;1555;301;108;193
23;1468;309;95;214
23;1381;235;91;144
23;1294;282;90;192
23;1207;274;98;176
23;1120;282;92;190
23;1033;280;91;189
23;946;272;98;174
23;859;281;102;179
23;772;300;86;214
23;685;328;113;215
23;598;335;113;222
23;511;369;115;254
23;424;320;97;223
23;337;346;106;240
23;250;354;124;230
23;163;293;84;209
23;76;307;103;204
23;1556;296;86;210
23;1469;222;84;138
23;1382;266;82;184
23;1295;266;91;175
23;1208;272;88;184
23;1121;270;88;182
23;1034;258;92;166
23;947;278;98;180
23;860;282;80;202
23;773;315;108;207
23;686;322;107;215
23;599;341;108;233
23;512;299;94;205
23;425;326;96;230
23;338;341;114;227
23;251;279;80;199
23;164;296;98;198
23;77;266;100;166
23;1557;214;79;135
23;1470;260;77;183
23;1383;247;84;163
23;1296;256;78;178
23;1209;252;78;174
23;1122;244;84;160
23;1035;265;92;173
23;948;274;77;197
23;861;296;100;196
23;774;311;104;207
23;687;326;100;226
23;600;281;88;193
23;513;294;83;211
23;426;319;103;216
23;339;265;71;194
23;252;281;87;194
23;165;250;91;159
23;78;273;89;184
23;1558;244;66;178
23;1471;235;78;157
23;1384;241;70;171
23;1297;233;65;168
23;1210;234;80;154
23;1123;254;83;171
23;1036;253;64;189
23;949;267;88;179
23;862;297;99;198
23;775;316;93;223
23;688;266;81;185
23;601;273;75;198
23;514;295;92;203
23;427;251;67;184
23;340;264;77;187
23;253;237;87;150
23;166;262;84;178
23;79;243;65;178
23;1559;217;72;145
23;1472;225;61;164
23;1385;221;60;161
23;1298;223;75;148
23;1211;247;82;165
23;1124;238;55;183
23;1037;246;76;170
23;950;275;83;192
23;863;291;84;207
23;776;249;74;175
23;689;255;71;184
23;602;277;80;197
23;515;237;61;176
23;428;237;67;170
23;341;214;80;134
23;254;251;78;173
23;167;228;62;166
23;80;188;54;134
23;1560;218;58;160
23;1473;206;55;151
23;1386;209;67;142
23;1299;226;70;156
23;1212;220;50;170
23;1125;227;70;157
23;1038;254;76;178
23;951;264;77;187
23;864;238;70;168
23;777;229;59;170
23;690;260;70;190
23;603;218;54;164
23;516;230;61;169
23;429;202;75;127
23;342;240;76;164
23;255;206;57;149
23;168;171;46;125
23;81;171;51;120
23;1561;195;51;144
23;1474;190;57;133
23;1387;206;60;146
23;1300;201;45;156
23;1213;198;58;140
23;1126;239;69;170
23;1039;237;71;166
23;952;229;66;163
23;865;208;48;160
23;778;238;61;177
23;691;198;51;147
23;604;210;52;158
23;517;187;69;118
23;430;216;66;150
23;343;190;53;137
23;256;161;43;118
23;169;149;39;110
23;82;124;35;89
23;1562;175;53;122
23;1475;190;56;134
23;1388;182;37;145
23;1301;182;52;130
23;1214;215;60;155
23;1127;218;62;156
23;1040;213;57;156
23;953;189;49;140
23;866;224;57;167
23;779;173;44;129
23;692;193;49;144
23;605;164;60;104
23;518;197;59;138
23;431;172;50;122
23;344;149;37;112
23;257;143;37;106
23;170;114;31;83
23;83;92;23;69
23;1563;175;51;124
23;1476;168;32;136
23;1389;168;48;120
23;1302;200;50;150
23;1215;197;51;146
23;1128;199;52;147
23;1041;171;42;129
23;954;201;50;151
23;867;159;39;120
23;780;175;42;133
23;693;149;50;99
23;606;181;53;128
23;519;153;46;107
23;432;141;33;108
23;345;133;32;101
23;258;101;27;74
23;171;80;20;60
23;84;83;31;52
23;1564;159;32;127
23;1477;157;41;116
23;1390;184;47;137
23;1303;171;40;131
23;1216;171;43;128
23;1129;157;36;121
23;1042;180;46;134
23;955;140;30;110
23;868;149;35;114
23;781;128;37;91
23;694;157;45;112
23;607;131;40;91
23;520;116;27;89
23;433;117;23;94
23;346;89;23;66
23;259;73;18;55
23;172;69;27;42
23;85;93;32;61
23;1565;756;160;596
23;1478;762;157;605
23;1391;740;157;583
23;1304;716;157;559
23;1217;684;145;539
23;1130;671;155;516
23;1043;634;149;485
23;956;604;147;457
23;869;549;148;401
23;782;525;144;381
23;695;454;122;332
23;608;418;108;310
23;521;398;108;290
23;434;390;107;283
23;347;428;120;308
23;260;446;133;313
23;173;492;148;344
23;86;516;157;359
23;1566;26043;12250;13793
23;1479;26800;12619;14181
23;1392;27565;12957;14608
23;1305;28162;13242;14920
23;1218;28665;13445;15220
23;1131;29184;13651;15533
23;1044;29657;13887;15770
23;957;30331;14192;16139
23;870;31511;14722;16789
23;783;32291;15096;17195
23;696;32954;15405;17549
23;609;33692;15817;17875
23;522;34429;16182;18247
23;435;35517;16674;18843
23;348;36314;17075;19239
23;261;36852;17329;19523
23;174;37288;17527;19761
23;87;37795;17883;19912
24;1480;260;127;133
24;1393;283;151;132
24;1306;278;133;145
24;1219;284;156;128
24;1132;279;159;120
24;1045;272;135;137
24;958;283;134;149
24;871;288;153;135
24;784;322;167;155
24;697;330;169;161
24;610;324;184;140
24;523;287;158;129
24;436;330;169;161
24;349;295;160;135
24;262;323;151;172
24;175;333;190;143
24;88;342;177;165
24;1;366;192;174
24;1481;277;150;127
24;1394;271;130;141
24;1307;281;156;125
24;1220;275;155;120
24;1133;273;135;138
24;1046;287;136;151
24;959;286;152;134
24;872;300;157;143
24;785;328;169;159
24;698;319;179;140
24;611;282;155;127
24;524;332;170;162
24;437;294;161;133
24;350;324;154;170
24;263;331;190;141
24;176;346;182;164
24;89;363;194;169
24;2;393;179;214
24;1482;265;127;138
24;1395;273;150;123
24;1308;275;155;120
24;1221;276;138;138
24;1134;269;127;142
24;1047;287;150;137
24;960;296;154;142
24;873;285;149;136
24;786;322;180;142
24;699;289;159;130
24;612;330;171;159
24;525;296;161;135
24;438;314;151;163
24;351;333;190;143
24;264;347;180;167
24;177;366;194;172
24;90;398;183;215
24;3;397;190;207
24;1483;264;143;121
24;1396;272;158;114
24;1309;268;133;135
24;1222;261;123;138
24;1135;280;145;135
24;1048;291;151;140
24;961;277;143;134
24;874;304;180;124
24;787;286;158;128
24;700;326;169;157
24;613;289;155;134
24;526;317;152;165
24;439;330;189;141
24;352;345;182;163
24;265;367;196;171
24;178;400;182;218
24;91;402;194;208
24;4;441;226;215
24;1484;271;154;117
24;1397;268;129;139
24;1310;263;127;136
24;1223;278;142;136
24;1136;284;146;138
24;1049;276;140;136
24;962;305;179;126
24;875;257;130;127
24;788;325;166;159
24;701;286;153;133
24;614;316;151;165
24;527;327;189;138
24;440;343;182;161
24;353;363;194;169
24;266;401;185;216
24;179;415;204;211
24;92;444;229;215
24;5;377;202;175
24;1485;264;127;137
24;1398;263;127;136
24;1311;277;141;136
24;1224;282;147;135
24;1137;271;135;136
24;1050;304;177;127
24;963;254;130;124
24;876;320;156;164
24;789;293;161;132
24;702;316;153;163
24;615;329;189;140
24;528;347;186;161
24;441;364;194;170
24;354;396;185;211
24;267;420;208;212
24;180;448;229;219
24;93;381;206;175
24;6;466;228;238
24;1486;262;126;136
24;1399;276;139;137
24;1312;282;148;134
24;1225;264;130;134
24;1138;300;179;121
24;1051;249;127;122
24;964;324;160;164
24;877;271;138;133
24;790;316;154;162
24;703;327;188;139
24;616;349;187;162
24;529;367;195;172
24;442;396;188;208
24;355;416;206;210
24;268;450;231;219
24;181;384;210;174
24;94;464;227;237
24;7;434;221;213
24;1487;273;138;135
24;1400;283;150;133
24;1313;268;133;135
24;1226;289;173;116
24;1139;252;128;124
24;1052;325;162;163
24;965;272;138;134
24;878;280;132;148
24;791;324;186;138
24;704;347;185;162
24;617;365;193;172
24;530;401;191;210
24;443;417;213;204
24;356;447;231;216
24;269;391;213;178
24;182;466;229;237
24;95;434;226;208
24;8;502;247;255
24;1488;282;148;134
24;1401;260;128;132
24;1314;291;174;117
24;1227;252;127;125
24;1140;324;161;163
24;1053;270;135;135
24;966;285;136;149
24;879;288;156;132
24;792;347;185;162
24;705;369;195;174
24;618;406;193;213
24;531;418;215;203
24;444;452;236;216
24;357;391;215;176
24;270;466;229;237
24;183;435;228;207
24;96;500;248;252
24;9;578;288;290
24;1489;256;130;126
24;1402;295;172;123
24;1315;252;129;123
24;1228;319;159;160
24;1141;261;132;129
24;1054;282;132;150
24;967;282;149;133
24;880;311;164;147
24;793;368;193;175
24;706;401;192;209
24;619;419;219;200
24;532;463;243;220
24;445;393;216;177
24;358;466;230;236
24;271;437;229;208
24;184;499;248;251
24;97;575;286;289
24;10;543;251;292
24;1490;293;168;125
24;1403;252;129;123
24;1316;318;158;160
24;1229;261;131;130
24;1142;273;124;149
24;1055;280;147;133
24;968;311;164;147
24;881;361;190;171
24;794;400;193;207
24;707;415;220;195
24;620;456;241;215
24;533;396;218;178
24;446;467;232;235
24;359;439;230;209
24;272;498;250;248
24;185;581;295;286
24;98;545;254;291
24;11;555;284;271
24;1491;255;130;125
24;1404;320;160;160
24;1317;258;136;122
24;1230;273;123;150
24;1143;274;143;131
24;1056;308;162;146
24;969;355;186;169
24;882;381;180;201
24;795;417;219;198
24;708;455;241;214
24;621;400;222;178
24;534;470;234;236
24;447;441;234;207
24;360;496;250;246
24;273;581;296;285
24;186;540;253;287
24;99;553;284;269
24;12;533;271;262
24;1492;319;159;160
24;1405;260;137;123
24;1318;272;123;149
24;1231;271;142;129
24;1144;307;164;143
24;1057;351;184;167
24;970;380;179;201
24;883;400;196;204
24;796;455;243;212
24;709;399;218;181
24;622;473;239;234
24;535;441;234;207
24;448;502;255;247
24;361;581;297;284
24;274;544;257;287
24;187;556;287;269
24;100;527;269;258
24;13;551;300;251
24;1493;255;133;122
24;1406;268;119;149
24;1319;267;141;126
24;1232;305;165;140
24;1145;347;181;166
24;1058;376;178;198
24;971;398;196;202
24;884;441;225;216
24;797;396;216;180
24;710;471;238;233
24;623;444;238;206
24;536;507;259;248
24;449;574;299;275
24;362;539;256;283
24;275;555;292;263
24;188;523;266;257
24;101;544;298;246
24;14;569;273;296
24;1494;268;118;150
24;1407;270;145;125
24;1320;304;164;140
24;1233;340;180;160
24;1146;369;177;192
24;1059;398;198;200
24;972;440;225;215
24;885;369;194;175
24;798;468;237;231
24;711;450;241;209
24;624;506;257;249
24;537;579;302;277
24;450;535;254;281
24;363;553;294;259
24;276;512;264;248
24;189;545;299;246
24;102;567;275;292
24;15;588;294;294
24;1495;263;139;124
24;1408;299;162;137
24;1321;340;178;162
24;1234;360;170;190
24;1147;396;195;201
24;1060;433;219;214
24;973;374;199;175
24;886;440;205;235
24;799;446;239;207
24;712;508;260;248
24;625;576;302;274
24;538;538;260;278
24;451;550;294;256
24;364;507;261;246
24;277;539;298;241
24;190;561;273;288
24;103;582;291;291
24;16;565;325;240
24;1496;301;162;139
24;1409;339;180;159
24;1322;359;169;190
24;1235;395;193;202
24;1148;430;219;211
24;1061;373;197;176
24;974;443;206;237
24;887;399;207;192
24;800;502;258;244
24;713;572;304;268
24;626;535;259;276
24;539;551;298;253
24;452;502;262;240
24;365;535;298;237
24;278;552;269;283
24;191;576;288;288
24;104;564;327;237
24;17;581;305;276
24;1497;340;179;161
24;1410;363;173;190
24;1323;388;188;200
24;1236;429;222;207
24;1149;366;194;172
24;1062;446;207;239
24;975;398;204;194
24;888;478;226;252
24;801;571;302;269
24;714;542;264;278
24;627;550;296;254
24;540;496;262;234
24;453;523;293;230
24;366;549;268;281
24;279;571;287;284
24;192;558;325;233
24;105;577;303;274
24;18;548;270;278
24;1498;346;167;179
24;1411;383;185;198
24;1324;422;220;202
24;1237;366;195;171
24;1150;439;204;235
24;1063;389;198;191
24;976;471;224;247
24;889;565;307;258
24;802;541;263;278
24;715;545;294;251
24;628;496;263;233
24;541;516;289;227
24;454;534;263;271
24;367;560;284;276
24;280;545;321;224
24;193;571;298;273
24;106;544;270;274
24;19;434;234;200
24;1499;373;185;188
24;1412;413;212;201
24;1325;357;189;168
24;1238;429;198;231
24;1151;376;193;183
24;1064;465;226;239
24;977;552;302;250
24;890;542;327;215
24;803;540;294;246
24;716;494;263;231
24;629;511;289;222
24;542;526;260;266
24;455;540;274;266
24;368;535;316;219
24;281;559;293;266
24;194;540;267;273
24;107;425;230;195
24;20;420;271;149
24;1500;407;210;197
24;1413;351;186;165
24;1326;423;197;226
24;1239;373;188;185
24;1152;458;224;234
24;1065;545;302;243
24;978;528;322;206
24;891;589;396;193
24;804;490;260;230
24;717;506;287;219
24;630;516;258;258
24;543;529;269;260
24;456;511;304;207
24;369;547;291;256
24;282;530;264;266
24;195;415;222;193
24;108;407;263;144
24;21;507;317;190
24;1501;340;178;162
24;1414;414;198;216
24;1327;371;187;184
24;1240;450;217;233
24;1153;536;299;237
24;1066;511;315;196
24;979;573;384;189
24;892;584;395;189
24;805;502;286;216
24;718;508;254;254
24;631;531;270;261
24;544;504;303;201
24;457;520;280;240
24;370;519;264;255
24;283;407;218;189
24;196;417;268;149
24;109;499;311;188
24;22;509;340;169
24;1502;398;191;207
24;1415;352;177;175
24;1328;427;208;219
24;1241;523;300;223
24;1154;496;307;189
24;1067;561;378;183
24;980;565;386;179
24;893;563;391;172
24;806;499;248;251
24;719;526;268;258
24;632;495;295;200
24;545;508;276;232
24;458;486;253;233
24;371;406;221;185
24;284;413;267;146
24;197;503;314;189
24;110;504;338;166
24;23;546;350;196
24;1503;340;175;165
24;1416;412;202;210
24;1329;502;287;215
24;1242;488;306;182
24;1155;529;365;164
24;1068;558;382;176
24;981;539;381;158
24;894;603;393;210
24;807;507;256;251
24;720;487;288;199
24;633;507;274;233
24;546;474;245;229
24;459;390;211;179
24;372;414;269;145
24;285;486;305;181
24;198;506;333;173
24;111;545;349;196
24;24;518;331;187
24;1504;393;193;200
24;1417;487;282;205
24;1330;472;300;172
24;1243;525;363;162
24;1156;541;373;168
24;1069;534;377;157
24;982;589;383;206
24;895;549;367;182
24;808;472;278;194
24;721;497;272;225
24;634;474;246;228
24;547;380;209;171
24;460;396;260;136
24;373;465;293;172
24;286;490;328;162
24;199;538;343;195
24;112;505;323;182
24;25;520;327;193
24;1505;453;266;187
24;1418;447;290;157
24;1331;510;353;157
24;1244;528;364;164
24;1157;523;370;153
24;1070;573;375;198
24;983;536;363;173
24;896;494;334;160
24;809;476;254;222
24;722;467;245;222
24;635;369;207;162
24;548;386;253;133
24;461;456;300;156
24;374;486;320;166
24;287;526;337;189
24;200;507;322;185
24;113;527;330;197
24;26;514;316;198
24;1506;422;282;140
24;1419;474;341;133
24;1332;514;353;161
24;1245;514;364;150
24;1158;547;366;181
24;1071;507;352;155
24;984;460;313;147
24;897;483;314;169
24;810;455;242;213
24;723;373;208;165
24;636;371;249;122
24;549;451;299;152
24;462;461;312;149
24;375;509;328;181
24;288;498;315;183
24;201;525;330;195
24;114;508;312;196
24;27;540;296;244
24;1507;445;328;117
24;1420;496;339;157
24;1333;495;362;133
24;1246;525;361;164
24;1159;492;349;143
24;1072;444;311;133
24;985;460;304;156
24;898;443;297;146
24;811;356;202;154
24;724;357;247;110
24;637;430;290;140
24;550;457;309;148
24;463;491;316;175
24;376;475;305;170
24;289;509;327;182
24;202;505;307;198
24;115;537;293;244
24;28;467;266;201
24;1508;475;330;145
24;1421;466;351;115
24;1334;524;365;159
24;1247;490;350;140
24;1160;435;309;126
24;1073;443;289;154
24;986;432;288;144
24;899;380;236;144
24;812;356;246;110
24;725;412;279;133
24;638;436;298;138
24;551;494;315;179
24;464;463;303;160
24;377;507;329;178
24;290;496;301;195
24;203;536;292;244
24;116;464;261;203
24;29;512;286;226
24;1509;451;340;111
24;1422;503;355;148
24;1335;480;341;139
24;1248;423;302;121
24;1161;425;278;147
24;1074;421;283;138
24;987;366;234;132
24;900;396;260;136
24;813;401;270;131
24;726;425;297;128
24;639;492;310;182
24;552;456;302;154
24;465;494;324;170
24;378;490;298;192
24;291;531;292;239
24;204;451;256;195
24;117;503;281;222
24;30;561;309;252
24;1510;486;353;133
24;1423;474;342;132
24;1336;407;292;115
24;1249;423;270;153
24;1162;411;284;127
24;1075;357;230;127
24;988;375;247;128
24;901;385;228;157
24;814;421;295;126
24;727;486;305;181
24;640;444;294;150
24;553;480;319;161
24;466;489;299;190
24;379;525;289;236
24;292;439;248;191
24;205;499;278;221
24;118;556;306;250
24;31;576;321;255
24;1511;471;340;131
24;1424;393;282;111
24;1337;418;263;155
24;1250;399;280;119
24;1163;345;224;121
24;1076;369;246;123
24;989;370;221;149
24;902;403;252;151
24;815;470;297;173
24;728;423;278;145
24;641;472;316;156
24;554;493;299;194
24;467;512;285;227
24;380;422;238;184
24;293;482;263;219
24;206;563;310;253
24;119;565;317;248
24;32;507;282;225
24;1512;388;283;105
24;1425;386;249;137
24;1338;388;273;115
24;1251;334;219;115
24;1164;357;241;116
24;1077;373;227;146
24;990;380;236;144
24;903;432;242;190
24;816;421;279;142
24;729;462;313;149
24;642;494;298;196
24;555;512;288;224
24;468;416;234;182
24;381;470;258;212
24;294;550;299;251
24;207;567;319;248
24;120;503;279;224
24;33;515;265;250
24;1513;370;240;130
24;1426;370;267;103
24;1339;323;211;112
24;1252;360;241;119
24;1165;378;234;144
24;1078;368;233;135
24;991;415;229;186
24;904;402;227;175
24;817;454;311;143
24;730;489;294;195
24;643;501;280;221
24;556;422;243;179
24;469;466;258;208
24;382;541;296;245
24;295;558;315;243
24;208;501;277;224
24;121;514;265;249
24;34;551;300;251
24;1514;366;263;103
24;1427;309;210;99
24;1340;349;231;118
24;1253;372;233;139
24;1166;360;229;131
24;1079;401;226;175
24;992;393;216;177
24;905;432;257;175
24;818;487;291;196
24;731;500;278;222
24;644;419;242;177
24;557;467;256;211
24;470;531;291;240
24;383;544;305;239
24;296;500;277;223
24;209;519;270;249
24;122;544;294;250
24;35;537;273;264
24;1515;305;205;100
24;1428;337;227;110
24;1341;355;221;134
24;1254;361;234;127
24;1167;394;221;173
24;1080;388;215;173
24;993;428;257;171
24;906;460;248;212
24;819;495;279;216
24;732;408;237;171
24;645;461;252;209
24;558;529;289;240
24;471;534;298;236
24;384;498;279;219
24;297;512;263;249
24;210;541;292;249
24;123;530;269;261
24;36;506;281;225
24;1516;332;222;110
24;1429;342;210;132
24;1342;355;228;127
24;1255;399;225;174
24;1168;380;207;173
24;1081;428;255;173
24;994;454;243;211
24;907;460;229;231
24;820;393;226;167
24;733;447;241;206
24;646;511;274;237
24;559;532;296;236
24;472;477;264;213
24;385;507;261;246
24;298;543;299;244
24;211;530;270;260
24;124;501;279;222
24;37;508;275;233
24;1517;338;205;133
24;1430;350;222;128
24;1343;395;224;171
24;1256;369;204;165
24;1169;422;252;170
24;1082;452;239;213
24;995;452;224;228
24;908;405;227;178
24;821;438;233;205
24;734;509;273;236
24;647;527;297;230
24;560;482;271;211
24;473;498;257;241
24;386;549;302;247
24;299;520;266;254
24;212;500;278;222
24;125;505;275;230
24;38;530;297;233
24;1518;344;222;122
24;1431;383;216;167
24;1344;370;205;165
24;1257;414;248;166
24;1170;440;233;207
24;1083;449;223;226
24;996;395;222;173
24;909;465;232;233
24;822;507;274;233
24;735;516;287;229
24;648;474;264;210
24;561;491;250;241
24;474;539;297;242
24;387;519;266;253
24;300;492;273;219
24;213;501;275;226
24;126;523;296;227
24;39;574;317;257
24;1519;380;214;166
24;1432;367;199;168
24;1345;412;253;159
24;1258;434;231;203
24;1171;434;215;219
24;1084;394;219;175
24;997;459;223;236
24;910;499;252;247
24;823;516;288;228
24;736;469;262;207
24;649;484;247;237
24;562;536;296;240
24;475;511;264;247
24;388;490;272;218
24;301;503;280;223
24;214;519;296;223
24;127;568;314;254
24;40;625;337;288
24;1520;366;205;161
24;1433;405;246;159
24;1346;427;226;201
24;1259;424;206;218
24;1172;391;219;172
24;1085;449;218;231
24;998;488;244;244
24;911;512;283;229
24;824;460;254;206
24;737;484;247;237
24;650;526;290;236
24;563;509;265;244
24;476;482;264;218
24;389;504;281;223
24;302;516;295;221
24;215;571;315;256
24;128;614;329;285
24;41;569;308;261
24;1521;393;241;152
24;1434;428;231;197
24;1347;419;203;216
24;1260;385;215;170
24;1173;449;221;228
24;1086;483;243;240
24;999;504;277;227
24;912;484;263;221
24;825;480;247;233
24;738;522;287;235
24;651;508;267;241
24;564;484;269;215
24;477;505;283;222
24;390;510;288;222
24;303;565;314;251
24;216;611;329;282
24;129;563;303;260
24;42;557;283;274
24;1522;421;224;197
24;1435;412;200;212
24;1348;382;213;169
24;1261;448;219;229
24;1174;485;247;238
24;1087;498;276;222
24;1000;475;257;218
24;913;491;259;232
24;826;513;279;234
24;739;506;266;240
24;652;473;261;212
24;565;497;277;220
24;478;504;286;218
24;391;560;314;246
24;304;604;324;280
24;217;558;299;259
24;130;553;283;270
24;43;533;264;269
24;1523;403;195;208
24;1436;376;211;165
24;1349;445;217;228
24;1262;482;244;238
24;1175;498;278;220
24;1088;473;260;213
24;1001;485;256;229
24;914;505;259;246
24;827;500;262;238
24;740;468;255;213
24;653;500;280;220
24;566;496;284;212
24;479;554;312;242
24;392;590;314;276
24;305;556;300;256
24;218;548;278;270
24;131;532;265;267
24;44;511;251;260
24;1524;373;209;164
24;1437;436;209;227
24;1350;471;242;229
24;1263;488;273;215
24;1176;465;254;211
24;1089;487;257;230
24;1002;500;258;242
24;915;502;259;243
24;828;464;251;213
24;741;493;275;218
24;654;499;284;215
24;567;555;313;242
24;480;592;318;274
24;393;555;302;253
24;306;547;277;270
24;219;536;270;266
24;132;508;251;257
24;45;496;262;234
24;1525;432;207;225
24;1438;474;246;228
24;1351;474;263;211
24;1264;457;250;207
24;1177;476;251;225
24;1090;495;255;240
24;1003;491;253;238
24;916;462;250;212
24;829;486;274;212
24;742;497;285;212
24;655;553;311;242
24;568;595;319;276
24;481;559;310;249
24;394;548;279;269
24;307;541;276;265
24;220;511;252;259
24;133;483;256;227
24;46;528;269;259
24;1526;474;245;229
24;1439;474;262;212
24;1352;445;241;204
24;1265;473;251;222
24;1178;487;246;241
24;1091;480;247;233
24;1004;458;246;212
24;917;472;263;209
24;830;491;282;209
24;743;545;307;238
24;656;580;311;269
24;569;559;310;249
24;482;547;278;269
24;395;539;277;262
24;308;510;252;258
24;221;477;250;227
24;134;530;271;259
24;47;469;231;238
24;1527;471;259;212
24;1440;444;241;203
24;1353;474;251;223
24;1266;486;247;239
24;1179;483;249;234
24;1092;448;238;210
24;1005;463;257;206
24;918;495;272;223
24;831;542;306;236
24;744;577;309;268
24;657;561;308;253
24;570;539;272;267
24;483;532;272;260
24;396;509;251;258
24;309;472;246;226
24;222;532;272;260
24;135;465;231;234
24;48;398;190;208
24;1528;443;240;203
24;1441;470;249;221
24;1354;490;249;241
24;1267;480;248;232
24;1180;446;238;208
24;1093;458;253;205
24;1006;488;266;222
24;919;509;279;230
24;832;574;309;265
24;745;549;297;252
24;658;537;269;268
24;571;538;275;263
24;484;509;255;254
24;397;465;242;223
24;310;520;264;256
24;223;462;227;235
24;136;393;190;203
24;49;419;228;191
24;1529;468;252;216
24;1442;479;244;235
24;1355;480;247;233
24;1268;445;235;210
24;1181;458;256;202
24;1094;487;261;226
24;1007;506;276;230
24;920;542;275;267
24;833;547;293;254
24;746;540;269;271
24;659;528;269;259
24;572;504;253;251
24;485;457;239;218
24;398;523;265;258
24;311;462;230;232
24;224;395;192;203
24;137;410;225;185
24;50;446;231;215
24;1530;471;244;227
24;1443;476;242;234
24;1356;440;230;210
24;1269;460;257;203
24;1182;483;261;222
24;1095;496;267;229
24;1008;541;272;269
24;921;489;248;241
24;834;541;269;272
24;747;520;260;260
24;660;504;253;251
24;573;453;235;218
24;486;520;266;254
24;399;464;234;230
24;312;392;193;199
24;225;406;220;186
24;138;442;226;216
24;51;429;203;226
24;1531;473;239;234
24;1444;436;227;209
24;1357;456;252;204
24;1270;484;261;223
24;1183;496;266;230
24;1096;536;268;268
24;1009;484;243;241
24;922;517;260;257
24;835;516;258;258
24;748;504;249;255
24;661;446;229;217
24;574;515;264;251
24;487;461;232;229
24;400;386;190;196
24;313;399;218;181
24;226;441;227;214
24;139;420;199;221
24;52;508;239;269
24;1532;438;229;209
24;1445;444;241;203
24;1358;481;257;224
24;1271;486;260;226
24;1184;529;262;267
24;1097;480;238;242
24;1010;512;255;257
24;923;480;225;255
24;836;505;251;254
24;749;438;224;214
24;662;513;262;251
24;575;465;233;232
24;488;379;185;194
24;401;401;217;184
24;314;434;223;211
24;227;419;198;221
24;140;505;238;267
24;53;453;223;230
24;1533;434;234;200
24;1446;474;253;221
24;1359;485;260;225
24;1272;527;263;264
24;1185;469;232;237
24;1098;510;251;259
24;1011;482;223;259
24;924;471;221;250
24;837;434;218;216
24;750;506;258;248
24;663;467;235;232
24;576;375;180;195
24;489;389;208;181
24;402;429;221;208
24;315;410;191;219
24;228;502;236;266
24;141;452;224;228
24;54;349;158;191
24;1534;472;252;220
24;1447;468;250;218
24;1360;514;255;259
24;1273;469;232;237
24;1186;505;248;257
24;1099;480;224;256
24;1012;472;220;252
24;925;428;215;213
24;838;505;260;245
24;751;459;231;228
24;664;370;175;195
24;577;384;205;179
24;490;425;221;204
24;403;400;185;215
24;316;494;235;259
24;229;449;218;231
24;142;346;156;190
24;55;332;162;170
24;1535;465;246;219
24;1448;509;252;257
24;1361;470;232;238
24;1274;498;244;254
24;1187;466;213;253
24;1100;470;218;252
24;1013;420;213;207
24;926;455;227;228
24;839;450;225;225
24;752;365;169;196
24;665;381;202;179
24;578;413;213;200
24;491;398;185;213
24;404;487;229;258
24;317;441;216;225
24;230;339;152;187
24;143;328;160;168
24;56;440;205;235
24;1536;503;247;256
24;1449;467;227;240
24;1362;491;234;257
24;1275;461;210;251
24;1188;465;212;253
24;1101;410;205;205
24;1014;456;224;232
24;927;406;189;217
24;840;366;170;196
24;753;378;202;176
24;666;406;209;197
24;579;395;185;210
24;492;488;230;258
24;405;442;216;226
24;318;330;145;185
24;231;334;166;168
24;144;432;200;232
24;57;299;147;152
24;1537;462;224;238
24;1450;481;229;252
24;1363;464;211;253
24;1276;457;204;253
24;1189;405;201;204
24;1102;450;215;235
24;1015;400;187;213
24;928;369;173;196
24;841;378;202;176
24;754;401;206;195
24;667;386;178;208
24;580;493;234;259
24;493;435;211;224
24;406;324;143;181
24;319;335;166;169
24;232;429;197;232
24;145;294;148;146
24;58;455;203;252
24;1538;472;223;249
24;1451;458;207;251
24;1364;451;197;254
24;1277;400;198;202
24;1190;443;212;231
24;1103;392;182;210
24;1016;366;171;195
24;929;367;179;188
24;842;395;199;196
24;755;376;169;207
24;668;482;224;258
24;581;431;209;222
24;494;318;137;181
24;407;336;165;171
24;320;429;195;234
24;233;292;147;145
24;146;448;200;248
24;59;473;218;255
24;1539;451;201;250
24;1452;446;191;255
24;1365;395;193;202
24;1278;435;207;228
24;1191;379;174;205
24;1104;358;164;194
24;1017;366;179;187
24;930;383;188;195
24;843;368;161;207
24;756;468;213;255
24;669;427;206;221
24;582;312;132;180
24;495;330;163;167
24;408;431;194;237
24;321;288;143;145
24;234;447;200;247
24;147;463;212;251
24;60;401;196;205
24;1540;439;187;252
24;1453;390;188;202
24;1366;433;206;227
24;1279;371;166;205
24;1192;357;160;197
24;1105;359;173;186
24;1018;382;187;195
24;931;391;180;211
24;844;459;210;249
24;757;419;204;215
24;670;306;128;178
24;583;326;159;167
24;496;425;192;233
24;409;283;142;141
24;322;443;198;245
24;235;461;210;251
24;148;396;193;203
24;61;391;175;216
24;1541;388;188;200
24;1454;423;202;221
24;1367;368;163;205
24;1280;354;157;197
24;1193;358;173;185
24;1106;369;179;190
24;1019;380;171;209
24;932;413;179;234
24;845;410;200;210
24;758;308;127;181
24;671;326;159;167
24;584;419;191;228
24;497;280;140;140
24;410;442;199;243
24;323;458;207;251
24;236;395;195;200
24;149;389;174;215
24;62;407;184;223
24;1542;413;191;222
24;1455;363;162;201
24;1368;352;155;197
24;1281;351;166;185
24;1194;365;178;187
24;1107;372;163;209
24;1020;412;176;236
24;933;383;181;202
24;846;303;124;179
24;759;326;156;170
24;672;413;189;224
24;585;277;140;137
24;498;435;195;240
24;411;442;198;244
24;324;396;196;200
24;237;390;173;217
24;150;411;190;221
24;63;433;190;243
24;1543;350;153;197
24;1456;353;156;197
24;1369;338;158;180
24;1282;360;173;187
24;1195;361;155;206
24;1108;408;173;235
24;1021;370;170;200
24;934;308;131;177
24;847;325;155;170
24;760;408;188;220
24;673;276;139;137
24;586;423;187;236
24;499;431;193;238
24;412;384;185;199
24;325;388;174;214
24;238;415;192;223
24;151;432;188;244
24;64;391;158;233
24;1544;346;150;196
24;1457;329;148;181
24;1370;353;167;186
24;1283;353;147;206
24;1196;404;169;235
24;1109;361;165;196
24;1022;299;123;176
24;935;301;132;169
24;848;390;177;213
24;761;267;132;135
24;674;409;175;234
24;587;422;187;235
24;500;377;184;193
24;413;382;172;210
24;326;414;192;222
24;239;430;191;239
24;152;390;161;229
24;65;407;200;207
24;1545;324;145;179
24;1458;348;162;186
24;1371;345;141;204
24;1284;397;163;234
24;1197;353;159;194
24;1110;293;120;173
24;1023;294;128;166
24;936;358;152;206
24;849;262;128;134
24;762;402;168;234
24;675;408;180;228
24;588;373;180;193
24;501;374;169;205
24;414;405;185;220
24;327;430;192;238
24;240;394;161;233
24;153;404;200;204
24;66;378;160;218
24;1546;336;154;182
24;1459;339;135;204
24;1372;391;157;234
24;1285;344;151;193
24;1198;280;115;165
24;1111;286;125;161
24;1024;347;145;202
24;937;267;124;143
24;850;390;159;231
24;763;394;173;221
24;676;360;168;192
24;589;367;165;202
24;502;396;179;217
24;415;422;191;231
24;328;376;150;226
24;241;395;189;206
24;154;368;156;212
24;67;373;155;218
24;1547;330;130;200
24;1460;382;152;230
24;1373;333;145;188
24;1286;274;114;160
24;1199;286;126;160
24;1112;332;139;193
24;1025;262;121;141
24;938;335;124;211
24;851;384;165;219
24;764;347;158;189
24;677;354;158;196
24;590;385;174;211
24;503;412;183;229
24;416;366;145;221
24;329;396;190;206
24;242;359;149;210
24;155;361;146;215
24;68;403;152;251
24;1548;370;148;222
24;1461;322;139;183
24;1374;268;109;159
24;1287;277;119;158
24;1200;327;136;191
24;1113;252;114;138
24;1026;327;116;211
24;939;340;140;200
24;852;340;156;184
24;765;342;150;192
24;678;380;170;210
24;591;400;174;226
24;504;359;145;214
24;417;384;181;203
24;330;357;147;210
24;243;351;139;212
24;156;399;151;248
24;69;404;149;255
24;1549;310;129;181
24;1462;266;108;158
24;1375;270;115;155
24;1288;315;129;186
24;1201;244;106;138
24;1114;319;112;207
24;1027;333;135;198
24;940;297;126;171
24;853;341;148;193
24;766;362;158;204
24;679;391;170;221
24;592;347;137;210
24;505;370;176;194
24;418;347;142;205
24;331;344;131;213
24;244;387;146;241
24;157;393;144;249
24;70;399;152;247
24;1550;256;101;155
24;1463;263;112;151
24;1376;311;126;185
24;1289;236;100;136
24;1202;304;106;198
24;1115;323;130;193
24;1028;287;118;169
24;941;329;134;195
24;854;352;155;197
24;767;382;165;217
24;680;341;134;207
24;593;360;170;190
24;506;332;132;200
24;419;340;130;210
24;332;383;143;240
24;245;391;144;247
24;158;395;152;243
24;71;381;134;247
24;1551;258;108;150
24;1464;300;118;182
24;1377;228;93;135
24;1290;296;103;193
24;1203;316;124;192
24;1116;278;113;165
24;1029;318;127;191
24;942;320;132;188
24;855;371;160;211
24;768;336;133;203
24;681;354;165;189
24;594;318;124;194
24;507;332;131;201
24;420;369;133;236
24;333;387;142;245
24;246;385;146;239
24;159;384;135;249
24;72;340;111;229
24;1552;288;112;176
24;1465;221;89;132
24;1378;287;97;190
24;1291;311;122;189
24;1204;263;103;160
24;1117;305;122;183
24;1030;309;123;186
24;943;334;133;201
24;856;320;123;197
24;769;345;154;191
24;682;300;114;186
24;595;319;123;196
24;508;356;124;232
24;421;377;138;239
24;334;378;141;237
24;247;371;124;247
24;160;334;106;228
24;73;361;115;246
24;1553;211;83;128
24;1466;275;91;184
24;1379;300;113;187
24;1292;254;98;156
24;1205;298;118;180
24;1118;301;114;187
24;1031;322;125;197
24;944;311;114;197
24;857;323;140;183
24;770;291;109;182
24;683;303;115;188
24;596;352;124;228
24;509;369;133;236
24;422;370;136;234
24;335;353;116;237
24;248;324;102;222
24;161;347;111;236
24;74;370;129;241
24;1554;264;87;177
24;1467;287;107;180
24;1380;246;93;153
24;1293;289;112;177
24;1206;287;108;179
24;1119;305;118;187
24;1032;302;108;194
24;945;294;112;182
24;858;277;100;177
24;771;289;112;177
24;684;335;114;221
24;597;364;129;235
24;510;360;133;227
24;423;340;109;231
24;336;317;95;222
24;249;329;103;226
24;162;366;123;243
24;75;316;97;219
24;1555;275;101;174
24;1468;238;88;150
24;1381;274;105;169
24;1294;277;101;176
24;1207;289;109;180
24;1120;289;99;190
24;1033;284;106;178
24;946;253;83;170
24;859;284;108;176
24;772;328;110;218
24;685;357;127;230
24;598;343;122;221
24;511;326;106;220
24;424;308;92;216
24;337;322;99;223
24;250;357;118;239
24;163;304;92;212
24;76;304;99;205
24;1556;231;85;146
24;1469;261;96;165
24;1382;264;93;171
24;1295;276;104;172
24;1208;278;91;187
24;1121;262;96;166
24;1034;242;75;167
24;947;260;88;172
24;860;317;105;212
24;773;327;116;211
24;686;326;111;215
24;599;313;104;209
24;512;292;81;211
24;425;304;94;210
24;338;337;103;234
24;251;289;83;206
24;164;290;95;195
24;77;265;66;199
24;1557;245;88;157
24;1470;251;88;163
24;1383;257;93;164
24;1296;264;83;181
24;1209;251;90;161
24;1122;238;74;164
24;1035;247;84;163
24;948;283;87;196
24;861;307;105;202
24;774;312;105;207
24;687;290;92;198
24;600;274;75;199
24;513;297;91;206
24;426;322;97;225
24;339;285;83;202
24;252;279;92;187
24;165;254;62;192
24;78;263;84;179
24;1558;237;81;156
24;1471;234;79;155
24;1384;243;72;171
24;1297;235;84;151
24;1210;227;68;159
24;1123;231;76;155
24;1036;273;82;191
24;949;268;73;195
24;862;294;98;196
24;775;278;85;193
24;688;252;68;184
24;601;280;82;198
24;514;298;87;211
24;427;268;77;191
24;340;264;80;184
24;253;242;57;185
24;166;247;74;173
24;79;207;64;143
24;1559;228;74;154
24;1472;229;69;160
24;1385;226;79;147
24;1298;214;64;150
24;1211;215;64;151
24;1124;259;73;186
24;1037;255;70;185
24;950;266;81;185
24;863;252;79;173
24;776;238;65;173
24;689;262;73;189
24;602;270;76;194
24;515;254;72;182
24;428;244;72;172
24;341;220;50;170
24;254;230;64;166
24;167;201;63;138
24;80;224;67;157
24;1560;217;66;151
24;1473;206;68;138
24;1386;204;60;144
24;1299;200;58;142
24;1212;246;66;180
24;1125;246;64;182
24;1038;251;75;176
24;951;226;58;168
24;864;219;57;162
24;777;243;66;177
24;690;251;69;182
24;603;233;62;171
24;516;227;67;160
24;429;205;44;161
24;342;212;57;155
24;255;179;57;122
24;168;210;61;149
24;81;148;39;109
24;1561;198;64;134
24;1474;197;54;143
24;1387;190;53;137
24;1300;230;59;171
24;1213;231;61;170
24;1126;230;66;164
24;1039;211;53;158
24;952;191;43;148
24;865;232;64;168
24;778;236;65;171
24;691;213;58;155
24;604;212;63;149
24;517;186;36;150
24;430;191;50;141
24;343;160;55;105
24;256;194;51;143
24;169;140;39;101
24;82;150;37;113
24;1562;185;48;137
24;1475;177;49;128
24;1388;212;55;157
24;1301;211;54;157
24;1214;209;57;152
24;1127;196;48;148
24;1040;177;36;141
24;953;198;50;148
24;866;222;61;161
24;779;186;50;136
24;692;192;57;135
24;605;172;34;138
24;518;178;47;131
24;431;137;45;92
24;344;188;50;138
24;257;129;35;94
24;170;141;34;107
24;83;84;25;59
24;1563;160;44;116
24;1476;191;49;142
24;1389;194;51;143
24;1302;190;47;143
24;1215;182;44;138
24;1128;159;32;127
24;1041;185;45;140
24;954;208;55;153
24;867;172;45;127
24;780;167;45;122
24;693;152;29;123
24;606;157;39;118
24;519;116;34;82
24;432;171;43;128
24;345;121;31;90
24;258;134;31;103
24;171;77;26;51
24;84;92;32;60
24;1564;173;41;132
24;1477;176;44;132
24;1390;170;44;126
24;1303;159;34;125
24;1216;143;29;114
24;1129;167;41;126
24;1042;184;48;136
24;955;144;30;114
24;868;151;39;112
24;781;138;27;111
24;694;137;32;105
24;607;109;31;78
24;520;159;40;119
24;433;108;26;82
24;346;128;28;100
24;259;69;24;45
24;172;85;31;54
24;85;94;30;64
24;1565;749;153;596
24;1478;734;144;590
24;1391;726;144;582
24;1304;719;144;575
24;1217;733;151;582
24;1130;704;142;562
24;1043;624;120;504
24;956;596;119;477
24;869;500;109;391
24;782;479;118;361
24;695;472;130;342
24;608;485;127;358
24;521;450;125;325
24;434;465;133;332
24;347;441;134;307
24;260;470;143;327
24;173;500;159;341
24;86;518;171;347
24;1566;30257;15477;14780
24;1479;30836;15736;15100
24;1392;31447;16009;15438
24;1305;31915;16245;15670
24;1218;32358;16427;15931
24;1131;32922;16649;16273
24;1044;33389;16880;16509
24;957;33920;17197;16723
24;870;34795;17638;17157
24;783;35174;17815;17359
24;696;35571;18011;17560
24;609;35970;18169;17801
24;522;36217;18219;17998
24;435;36732;18351;18381
24;348;37117;18463;18654
24;261;37394;18563;18831
24;174;37438;18559;18879
24;87;37632;18583;19049
25;1480;128;62;66
25;1393;136;79;57
25;1306;134;66;68
25;1219;122;57;65
25;1132;111;64;47
25;1045;143;79;64
25;958;140;85;55
25;871;116;63;53
25;784;107;60;47
25;697;121;62;59
25;610;121;61;60
25;523;132;64;68
25;436;115;62;53
25;349;135;69;66
25;262;133;70;63
25;175;156;77;79
25;88;142;68;74
25;1;162;87;75
25;1481;134;78;56
25;1394;134;67;67
25;1307;118;57;61
25;1220;115;67;48
25;1133;140;76;64
25;1046;141;85;56
25;959;116;62;54
25;872;95;52;43
25;785;117;59;58
25;698;115;57;58
25;611;128;62;66
25;524;114;61;53
25;437;135;71;64
25;350;131;68;63
25;263;155;76;79
25;176;138;67;71
25;89;160;86;74
25;2;153;74;79
25;1482;132;66;66
25;1395;111;55;56
25;1308;116;68;48
25;1221;139;78;61
25;1134;134;81;53
25;1047;118;67;51
25;960;96;51;45
25;873;135;67;68
25;786;114;59;55
25;699;126;63;63
25;612;110;59;51
25;525;134;69;65
25;438;130;69;61
25;351;156;76;80
25;264;134;66;68
25;177;157;83;74
25;90;150;71;79
25;3;181;103;78
25;1483;113;57;56
25;1396;106;61;45
25;1309;132;74;58
25;1222;139;83;56
25;1135;114;65;49
25;1048;92;46;46
25;961;135;68;67
25;874;114;60;54
25;787;125;63;62
25;700;110;58;52
25;613;141;72;69
25;526;135;73;62
25;439;149;74;75
25;352;131;65;66
25;265;158;84;74
25;178;149;72;77
25;91;181;103;78
25;4;180;87;93
25;1484;107;63;44
25;1397;130;73;57
25;1310;138;84;54
25;1223;112;63;49
25;1136;93;47;46
25;1049;132;63;69
25;962;113;59;54
25;875;129;64;65
25;788;112;62;50
25;701;136;71;65
25;614;140;77;63
25;527;146;72;74
25;440;126;64;62
25;353;152;81;71
25;266;145;71;74
25;179;180;102;78
25;92;176;84;92
25;5;165;83;82
25;1485;131;77;54
25;1398;136;84;52
25;1311;113;66;47
25;1224;94;47;47
25;1137;134;65;69
25;1050;113;62;51
25;963;129;63;66
25;876;128;67;61
25;789;135;71;64
25;702;144;79;65
25;615;143;71;72
25;528;127;64;63
25;441;153;81;72
25;354;143;71;72
25;267;181;103;78
25;180;176;83;93
25;93;163;81;82
25;6;219;114;105
25;1486;135;81;54
25;1399;107;63;44
25;1312;96;49;47
25;1225;132;59;73
25;1138;113;64;49
25;1051;127;63;64
25;964;127;64;63
25;877;142;81;61
25;790;146;79;67
25;703;145;73;72
25;616;127;66;61
25;529;151;79;72
25;442;140;71;69
25;355;180;103;77
25;268;174;81;93
25;181;161;80;81
25;94;216;111;105
25;7;205;113;92
25;1487;102;60;42
25;1400;95;49;46
25;1313;130;58;72
25;1226;110;62;48
25;1139;125;61;64
25;1052;126;63;63
25;965;141;80;61
25;878;142;72;70
25;791;144;71;73
25;704;126;66;60
25;617;152;80;72
25;530;142;72;70
25;443;175;99;76
25;356;175;81;94
25;269;161;80;81
25;182;215;109;106
25;95;207;115;92
25;8;238;131;107
25;1488;95;49;46
25;1401;130;59;71
25;1314;110;62;48
25;1227;127;61;66
25;1140;129;62;67
25;1053;143;83;60
25;966;141;69;72
25;879;144;71;73
25;792;128;67;61
25;705;152;80;72
25;618;143;73;70
25;531;175;98;77
25;444;172;79;93
25;357;160;79;81
25;270;214;109;105
25;183;206;114;92
25;96;234;129;105
25;9;242;122;120
25;1489;130;61;69
25;1402;105;59;46
25;1315;128;62;66
25;1228;126;61;65
25;1141;144;84;60
25;1054;137;66;71
25;967;144;70;74
25;880;127;57;70
25;793;154;81;73
25;706;142;72;70
25;619;175;97;78
25;532;171;80;91
25;445;159;80;79
25;358;208;106;102
25;271;206;114;92
25;184;230;129;101
25;97;239;119;120
25;10;240;123;117
25;1490;104;60;44
25;1403;125;60;65
25;1316;126;61;65
25;1229;143;83;60
25;1142;134;64;70
25;1055;144;70;74
25;968;124;55;69
25;881;157;82;75
25;794;141;71;70
25;707;177;97;80
25;620;166;78;88
25;533;156;77;79
25;446;204;104;100
25;359;205;113;92
25;272;232;130;102
25;185;237;119;118
25;98;237;121;116
25;11;253;131;122
25;1491;118;58;60
25;1404;123;62;61
25;1317;143;84;59
25;1230;136;65;71
25;1143;144;71;73
25;1056;121;52;69
25;969;156;83;73
25;882;161;77;84
25;795;178;99;79
25;708;162;74;88
25;621;159;78;81
25;534;206;106;100
25;447;204;113;91
25;360;227;127;100
25;273;235;118;117
25;186;237;122;115
25;99;251;130;121
25;12;225;116;109
25;1492;124;62;62
25;1405;140;83;57
25;1318;137;67;70
25;1231;144;73;71
25;1144;118;49;69
25;1057;154;85;69
25;970;159;76;83
25;883;174;89;85
25;796;162;75;87
25;709;158;78;80
25;622;207;108;99
25;535;202;112;90
25;448;228;128;100
25;361;236;118;118
25;274;237;121;116
25;187;248;128;120
25;100;220;114;106
25;13;215;105;110
25;1493;134;80;54
25;1406;134;66;68
25;1319;144;73;71
25;1232;117;49;68
25;1145;152;84;68
25;1058;162;75;87
25;971;172;88;84
25;884;175;86;89
25;797;158;78;80
25;710;204;108;96
25;623;203;112;91
25;536;227;126;101
25;449;231;115;116
25;362;234;120;114
25;275;244;127;117
25;188;217;112;105
25;101;209;104;105
25;14;245;119;126
25;1494;130;64;66
25;1407;142;73;69
25;1320;117;49;68
25;1233;154;84;70
25;1146;158;74;84
25;1059;172;88;84
25;972;174;85;89
25;885;170;85;85
25;798;203;108;95
25;711;204;113;91
25;624;230;127;103
25;537;229;114;115
25;450;232;119;113
25;363;240;125;115
25;276;214;112;102
25;189;208;103;105
25;102;241;117;124
25;15;255;116;139
25;1495;141;72;69
25;1408;113;49;64
25;1321;155;84;71
25;1234;156;73;83
25;1147;169;87;82
25;1060;174;85;89
25;973;169;85;84
25;886;204;116;88
25;799;203;112;91
25;712;231;127;104
25;625;224;113;111
25;538;233;121;112
25;451;235;122;113
25;364;210;111;99
25;277;207;102;105
25;190;237;114;123
25;103;252;114;138
25;16;212;112;100
25;1496;113;49;64
25;1409;153;83;70
25;1322;158;73;85
25;1235;167;86;81
25;1148;174;83;91
25;1061;169;85;84
25;974;203;114;89
25;887;190;100;90
25;800;233;127;106
25;713;223;112;111
25;626;235;120;115
25;539;235;123;112
25;452;208;108;100
25;365;202;99;103
25;278;234;113;121
25;191;249;114;135
25;104;209;111;98
25;17;229;128;101
25;1497;153;85;68
25;1410;159;73;86
25;1323;169;87;82
25;1236;173;85;88
25;1149;166;82;84
25;1062;200;114;86
25;975;184;97;87
25;888;232;123;109
25;801;225;114;111
25;714;234;118;116
25;627;233;120;113
25;540;210;110;100
25;453;201;99;102
25;366;229;112;117
25;279;247;112;135
25;192;207;109;98
25;105;224;124;100
25;18;248;130;118
25;1498;158;73;85
25;1411;168;87;81
25;1324;173;85;88
25;1237;164;80;84
25;1150;199;112;87
25;1063;184;95;89
25;976;228;122;106
25;889;211;111;100
25;802;234;119;115
25;715;230;119;111
25;628;205;106;99
25;541;197;97;100
25;454;219;107;112
25;367;237;107;130
25;280;201;107;94
25;193;222;124;98
25;106;242;126;116
25;19;189;100;89
25;1499;157;80;77
25;1412;164;83;81
25;1325;163;80;83
25;1238;195;112;83
25;1151;173;91;82
25;1064;224;118;106
25;977;205;110;95
25;890;206;106;100
25;803;227;118;109
25;716;202;105;97
25;629;191;92;99
25;542;215;105;110
25;455;224;102;122
25;368;198;104;94
25;281;216;120;96
25;194;238;125;113
25;107;180;96;84
25;20;169;91;78
25;1500;164;83;81
25;1413;156;76;80
25;1326;188;110;78
25;1239;177;94;83
25;1152;223;119;104
25;1065;201;110;91
25;978;197;105;92
25;891;181;100;81
25;804;202;107;95
25;717;187;93;94
25;630;207;104;103
25;543;216;98;118
25;456;187;99;88
25;369;213;117;96
25;282;235;123;112
25;195;181;95;86
25;108;167;90;77
25;21;169;92;77
25;1501;150;70;80
25;1414;178;104;74
25;1327;166;89;77
25;1240;216;117;99
25;1153;201;108;93
25;1066;188;102;86
25;979;179;101;78
25;892;164;97;67
25;805;192;93;99
25;718;205;103;102
25;631;211;96;115
25;544;182;95;87
25;457;203;111;92
25;370;234;122;112
25;283;178;93;85
25;196;162;88;74
25;109;165;88;77
25;22;162;98;64
25;1502;164;95;69
25;1415;158;85;73
25;1328;216;118;98
25;1241;198;107;91
25;1154;192;106;86
25;1067;175;100;75
25;980;163;96;67
25;893;155;70;85
25;806;199;101;98
25;719;209;95;114
25;632;175;91;84
25;545;201;109;92
25;458;224;120;104
25;371;176;91;85
25;284;163;87;76
25;197;164;90;74
25;110;161;97;64
25;23;155;85;70
25;1503;139;75;64
25;1416;209;116;93
25;1329;187;101;86
25;1242;190;102;88
25;1155;168;102;66
25;1068;157;92;65
25;981;149;64;85
25;894;150;79;71
25;807;199;94;105
25;720;175;91;84
25;633;195;106;89
25;546;215;115;100
25;459;170;88;82
25;372;160;85;75
25;285;159;88;71
25;198;161;94;67
25;111;153;83;70
25;24;171;98;73
25;1504;198;111;87
25;1417;183;101;82
25;1330;186;100;86
25;1243;161;95;66
25;1156;153;91;62
25;1069;148;67;81
25;982;141;79;62
25;895;137;67;70
25;808;170;88;82
25;721;187;103;84
25;634;208;110;98
25;547;163;86;77
25;460;152;80;72
25;373;157;88;69
25;286;159;89;70
25;199;153;81;72
25;112;165;94;71
25;25;154;74;80
25;1505;161;87;74
25;1418;179;98;81
25;1331;161;97;64
25;1244;145;83;62
25;1157;140;67;73
25;1070;131;68;63
25;983;122;61;61
25;896;135;64;71
25;809;182;98;84
25;722;199;104;95
25;635;155;83;72
25;548;148;78;70
25;461;144;82;62
25;374;160;92;68
25;287;157;81;76
25;200;160;93;67
25;113;151;74;77
25;26;148;81;67
25;1506;159;91;68
25;1419;151;98;53
25;1332;139;77;62
25;1245;136;65;71
25;1158;122;62;60
25;1071;116;58;58
25;984;129;60;69
25;897;147;78;69
25;810;191;101;90
25;723;152;83;69
25;636;143;75;68
25;549;138;80;58
25;462;152;89;63
25;375;147;73;74
25;288;160;93;67
25;201;150;73;77
25;114;145;79;66
25;27;159;80;79
25;1507;134;92;42
25;1420;135;78;57
25;1333;125;56;69
25;1246;116;61;55
25;1159;109;57;52
25;1072;120;54;66
25;985;134;70;64
25;898;160;81;79
25;811;141;77;64
25;724;142;73;69
25;637;135;78;57
25;550;148;85;63
25;463;146;72;74
25;376;155;90;65
25;289;147;72;75
25;202;137;77;60
25;115;158;78;80
25;28;175;101;74
25;1508;126;75;51
25;1421;117;50;67
25;1334;108;61;47
25;1247;111;60;51
25;1160;119;53;66
25;1073;126;68;58
25;986;150;78;72
25;899;125;62;63
25;812;134;68;66
25;725;128;76;52
25;638;146;84;62
25;551;144;69;75
25;464;153;90;63
25;377;137;66;71
25;290;136;75;61
25;203;152;77;75
25;116;171;97;74
25;29;200;114;86
25;1509;103;46;57
25;1422;107;65;42
25;1335;108;59;49
25;1248;119;52;67
25;1161;126;65;61
25;1074;139;75;64
25;987;126;61;65
25;900;135;64;71
25;813;124;73;51
25;726;144;83;61
25;639;139;69;70
25;552;146;87;59
25;465;135;66;69
25;378;128;73;55
25;291;149;77;72
25;204;171;98;73
25;117;196;111;85
25;30;184;86;98
25;1510;91;55;36
25;1423;98;56;42
25;1336;108;45;63
25;1249;119;63;56
25;1162;127;69;58
25;1075;122;58;64
25;988;127;62;65
25;901;129;62;67
25;814;141;83;58
25;727;134;65;69
25;640;146;87;59
25;553;131;66;65
25;466;124;72;52
25;379;144;74;70
25;292;162;90;72
25;205;193;110;83
25;118;181;84;97
25;31;179;89;90
25;1511;98;55;43
25;1424;93;38;55
25;1337;113;62;51
25;1250;129;70;59
25;1163;121;56;65
25;1076;121;60;61
25;989;122;56;66
25;902;118;73;45
25;815;129;63;66
25;728;138;82;56
25;641;127;66;61
25;554;120;68;52
25;467;137;70;67
25;380;157;88;69
25;293;191;107;84
25;206;181;83;98
25;119;176;88;88
25;32;171;79;92
25;1512;89;35;54
25;1425;101;52;49
25;1338;126;67;59
25;1251;116;57;59
25;1164;123;60;63
25;1077;121;55;66
25;990;114;69;45
25;903;138;71;67
25;816;139;82;57
25;729;127;67;60
25;642;115;62;53
25;555;136;71;65
25;468;152;87;65
25;381;186;104;82
25;294;178;82;96
25;207;175;87;88
25;120;167;77;90
25;33;200;99;101
25;1513;104;55;49
25;1426;124;65;59
25;1339;109;54;55
25;1252;119;56;63
25;1165;110;50;60
25;1078;107;65;42
25;991;132;69;63
25;904;125;66;59
25;817;125;65;60
25;730;114;62;52
25;643;130;65;65
25;556;151;86;65
25;469;182;101;81
25;382;175;80;95
25;295;176;85;91
25;208;159;72;87
25;121;199;97;102
25;34;174;88;86
25;1514;117;58;59
25;1427;100;50;50
25;1340;113;52;61
25;1253;107;48;59
25;1166;111;68;43
25;1079;131;67;64
25;992;122;62;60
25;905;122;59;63
25;818;113;61;52
25;731;130;66;64
25;644;153;87;66
25;557;178;101;77
25;470;169;77;92
25;383;169;80;89
25;296;161;72;89
25;209;194;95;99
25;122;171;85;86
25;35;175;88;87
25;1515;93;43;50
25;1428;105;50;55
25;1341;110;49;61
25;1254;109;64;45
25;1167;136;71;65
25;1080;113;57;56
25;993;115;55;60
25;906;126;67;59
25;819;129;63;66
25;732;152;86;66
25;645;178;102;76
25;558;171;78;93
25;471;168;79;89
25;384;162;72;90
25;297;192;94;98
25;210;166;83;83
25;123;173;87;86
25;36;189;97;92
25;1516;101;47;54
25;1429;107;48;59
25;1342;104;63;41
25;1255;135;72;63
25;1168;115;55;60
25;1081;113;54;59
25;994;126;68;58
25;907;134;65;69
25;820;147;84;63
25;733;177;103;74
25;646;172;76;96
25;559;168;79;89
25;472;160;71;89
25;385;190;95;95
25;298;168;85;83
25;211;163;84;79
25;124;185;95;90
25;37;179;94;85
25;1517;100;44;56
25;1430;96;59;37
25;1343;131;72;59
25;1256;110;50;60
25;1169;111;54;57
25;1082;128;71;57
25;995;136;68;68
25;908;157;91;66
25;821;168;96;72
25;734;169;72;97
25;647;170;81;89
25;560;165;72;93
25;473;185;93;92
25;386;167;84;83
25;299;163;81;82
25;212;183;94;89
25;125;178;94;84
25;38;206;115;91
25;1518;91;55;36
25;1431;130;73;57
25;1344;111;49;62
25;1257;109;53;56
25;1170;128;71;57
25;1083;133;67;66
25;996;153;87;66
25;909;184;100;84
25;822;167;70;97
25;735;168;80;88
25;648;165;73;92
25;561;182;92;90
25;474;163;82;81
25;387;159;77;82
25;300;182;92;90
25;213;176;92;84
25;126;201;110;91
25;39;195;92;103
25;1519;131;73;58
25;1432;106;45;61
25;1345;108;49;59
25;1258;124;68;56
25;1171;131;65;66
25;1084;153;87;66
25;997;184;99;85
25;910;188;89;99
25;823;166;79;87
25;736;165;70;95
25;649;185;94;91
25;562;158;80;78
25;475;159;77;82
25;388;181;91;90
25;301;171;88;83
25;214;199;110;89
25;127;190;88;102
25;40;180;92;88
25;1520;99;42;57
25;1433;107;47;60
25;1346;119;64;55
25;1259;128;65;63
25;1172;148;83;65
25;1085;182;97;85
25;998;190;89;101
25;911;178;84;94
25;824;162;68;94
25;737;185;93;92
25;650;158;80;78
25;563;161;81;80
25;476;181;90;91
25;389;172;89;83
25;302;199;112;87
25;215;189;86;103
25;128;179;90;89
25;41;178;93;85
25;1521;103;46;57
25;1434;118;63;55
25;1347;125;64;61
25;1260;148;82;66
25;1173;176;94;82
25;1086;192;90;102
25;999;177;83;94
25;912;165;71;94
25;825;184;92;92
25;738;159;81;78
25;651;161;81;80
25;564;174;86;88
25;477;170;88;82
25;390;192;107;85
25;303;190;87;103
25;216;179;92;87
25;129;177;92;85
25;42;224;122;102
25;1522;121;63;58
25;1435;124;62;62
25;1348;144;82;62
25;1261;174;92;82
25;1174;192;91;101
25;1087;174;81;93
25;1000;161;69;92
25;913;180;89;91
25;826;159;80;79
25;739;162;83;79
25;652;172;84;88
25;565;167;88;79
25;478;191;107;84
25;391;187;87;100
25;304;177;91;86
25;217;175;91;84
25;130;221;120;101
25;43;177;96;81
25;1523;123;59;64
25;1436;144;82;62
25;1349;172;91;81
25;1262;187;90;97
25;1175;173;80;93
25;1088;161;68;93
25;1001;178;90;88
25;914;168;88;80
25;827;160;81;79
25;740;171;81;90
25;653;168;87;81
25;566;187;104;83
25;479;181;85;96
25;392;176;88;88
25;305;175;92;83
25;218;223;123;100
25;131;174;94;80
25;44;174;87;87
25;1524;141;82;59
25;1437;166;86;80
25;1350;185;88;97
25;1263;169;75;94
25;1176;163;69;94
25;1089;173;87;86
25;1002;167;88;79
25;915;174;88;86
25;828;170;81;89
25;741;171;89;82
25;654;186;104;82
25;567;179;83;96
25;480;178;90;88
25;393;174;89;85
25;306;219;120;99
25;219;175;93;82
25;132;171;86;85
25;45;152;81;71
25;1525;164;85;79
25;1438;183;88;95
25;1351;167;73;94
25;1264;163;72;91
25;1177;170;86;84
25;1090;170;89;81
25;1003;170;83;87
25;916;179;91;88
25;829;169;89;80
25;742;183;102;81
25;655;175;82;93
25;568;182;94;88
25;481;174;89;85
25;394;223;122;101
25;307;175;93;82
25;220;168;83;85
25;133;149;79;70
25;46;173;86;87
25;1526;179;87;92
25;1439;161;69;92
25;1352;162;72;90
25;1265;166;84;82
25;1178;172;92;80
25;1091;168;82;86
25;1004;176;91;85
25;917;172;91;81
25;830;177;96;81
25;743;175;83;92
25;656;181;92;89
25;569;172;87;85
25;482;217;117;100
25;395;173;92;81
25;308;166;82;84
25;221;148;77;71
25;134;171;87;84
25;47;157;70;87
25;1527;161;69;92
25;1440;160;72;88
25;1353;164;82;82
25;1266;169;89;80
25;1179;167;81;86
25;1092;175;89;86
25;1005;171;90;81
25;918;189;102;87
25;831;172;82;90
25;744;178;90;88
25;657;172;88;84
25;570;216;117;99
25;483;171;91;80
25;396;168;84;84
25;309;148;79;69
25;222;171;87;84
25;135;156;68;88
25;48;124;68;56
25;1528;160;73;87
25;1441;161;80;81
25;1354;169;89;80
25;1267;166;81;85
25;1180;173;88;85
25;1093;170;89;81
25;1006;184;98;86
25;919;179;84;95
25;832;175;90;85
25;745;175;91;84
25;658;210;112;98
25;571;171;92;79
25;484;163;80;83
25;397;152;81;71
25;310;168;84;84
25;223;155;67;88
25;136;122;66;56
25;49;148;82;66
25;1529;158;78;80
25;1442;171;91;80
25;1355;164;81;83
25;1268;171;86;85
25;1181;172;91;81
25;1094;181;96;85
25;1007;175;83;92
25;920;175;92;83
25;833;174;92;82
25;746;206;112;94
25;659;169;90;79
25;572;164;80;84
25;485;149;80;69
25;398;170;83;87
25;311;153;66;87
25;224;123;68;55
25;137;146;81;65
25;50;120;55;65
25;1530;169;88;81
25;1443;161;78;83
25;1356;169;84;85
25;1269;171;91;80
25;1182;183;94;89
25;1095;179;84;95
25;1008;174;91;83
25;921;177;93;84
25;834;203;110;93
25;747;165;88;77
25;660;163;80;83
25;573;147;78;69
25;486;170;82;88
25;399;152;65;87
25;312;123;68;55
25;225;144;79;65
25;138;115;51;64
25;51;142;79;63
25;1531;162;78;84
25;1444;167;82;85
25;1357;173;91;82
25;1270;182;95;87
25;1183;179;82;97
25;1096;168;87;81
25;1009;175;91;84
25;922;206;110;96
25;835;165;89;76
25;748;160;79;81
25;661;149;78;71
25;574;170;82;88
25;487;149;64;85
25;400;121;66;55
25;313;143;76;67
25;226;112;49;63
25;139;129;76;53
25;52;125;63;62
25;1532;165;82;83
25;1445;169;89;80
25;1358;181;95;86
25;1271;177;81;96
25;1184;165;85;80
25;1097;174;90;84
25;1010;205;107;98
25;923;159;79;80
25;836;156;76;80
25;749;148;77;71
25;662;170;81;89
25;575;147;61;86
25;488;120;66;54
25;401;143;76;67
25;314;112;51;61
25;227;134;74;60
25;140;120;60;60
25;53;105;48;57
25;1533;168;90;78
25;1446;179;94;85
25;1359;177;81;96
25;1272;160;81;79
25;1185;170;87;83
25;1098;200;107;93
25;1011;156;79;77
25;924;153;77;76
25;837;147;75;72
25;750;168;83;85
25;663;145;59;86
25;576;118;66;52
25;489;137;72;65
25;402;112;51;61
25;315;134;75;59
25;228;118;59;59
25;141;98;43;55
25;54;113;53;60
25;1534;174;92;82
25;1447;176;82;94
25;1360;158;80;78
25;1273;168;86;82
25;1186;200;108;92
25;1099;152;77;75
25;1012;155;79;76
25;925;154;82;72
25;838;168;83;85
25;751;146;59;87
25;664;119;67;52
25;577;135;70;65
25;490;110;48;62
25;403;132;73;59
25;316;119;60;59
25;229;99;40;59
25;142;108;49;59
25;55;92;48;44
25;1535;178;83;95
25;1448;150;73;77
25;1361;168;85;83
25;1274;198;106;92
25;1187;151;77;74
25;1100;154;80;74
25;1013;151;82;69
25;926;158;83;75
25;839;144;58;86
25;752;115;65;50
25;665;132;68;64
25;578;109;47;62
25;491;136;76;60
25;404;124;60;64
25;317;99;42;57
25;230;107;47;60
25;143;90;47;43
25;56;126;69;57
25;1536;149;74;75
25;1449;170;86;84
25;1362;194;104;90
25;1275;152;79;73
25;1188;147;76;71
25;1101;147;78;69
25;1014;156;79;77
25;927;135;55;80
25;840;113;65;48
25;753;132;67;65
25;666;110;47;63
25;579;134;72;62
25;492;121;58;63
25;405;98;41;57
25;318;103;45;58
25;231;90;47;43
25;144;124;67;57
25;57;102;49;53
25;1537;164;82;82
25;1450;194;102;92
25;1363;149;76;73
25;1276;146;75;71
25;1189;145;75;70
25;1102;152;76;76
25;1015;133;55;78
25;928;114;60;54
25;841;131;66;65
25;754;106;43;63
25;667;135;74;61
25;580;119;58;61
25;493;100;43;57
25;406;102;45;57
25;319;88;47;41
25;232;125;68;57
25;145;100;48;52
25;58;148;56;92
25;1538;196;103;93
25;1451;146;73;73
25;1364;144;73;71
25;1277;144;72;72
25;1190;145;73;72
25;1103;131;54;77
25;1016;109;57;52
25;929;139;71;68
25;842;103;41;62
25;755;132;71;61
25;668;119;57;62
25;581;97;41;56
25;494;101;45;56
25;407;86;45;41
25;320;119;64;55
25;233;94;43;51
25;146;145;54;91
25;59;131;63;68
25;1539;139;70;69
25;1452;141;69;72
25;1365;136;67;69
25;1278;141;70;71
25;1191;131;54;77
25;1104;111;58;53
25;1017;144;73;71
25;930;113;45;68
25;843;129;69;60
25;756;117;56;61
25;669;93;39;54
25;582;102;45;57
25;495;85;44;41
25;408;116;62;54
25;321;92;42;50
25;234;143;53;90
25;147;128;62;66
25;60;157;61;96
25;1540;140;67;73
25;1453;138;67;71
25;1366;138;69;69
25;1279;124;51;73
25;1192;110;57;53
25;1105;141;71;70
25;1018;111;43;68
25;931;127;67;60
25;844;113;52;61
25;757;90;37;53
25;670;104;45;59
25;583;82;42;40
25;496;114;60;54
25;409;93;44;49
25;322;142;50;92
25;235;127;60;67
25;148;154;60;94
25;61;140;57;83
25;1541;137;66;71
25;1454;141;72;69
25;1367;124;51;73
25;1280;112;56;56
25;1193;140;70;70
25;1106;112;44;68
25;1019;127;67;60
25;932;101;47;54
25;845;84;34;50
25;758;103;44;59
25;671;78;40;38
25;584;112;60;52
25;497;92;43;49
25;410;142;48;94
25;323;121;56;65
25;236;151;59;92
25;149;136;56;80
25;62;149;60;89
25;1542;141;71;70
25;1455;122;50;72
25;1368;108;52;56
25;1281;135;66;69
25;1194;114;44;70
25;1107;126;67;59
25;1020;101;46;55
25;933;84;34;50
25;846;96;40;56
25;759;75;37;38
25;672;110;58;52
25;585;87;40;47
25;498;140;47;93
25;411;118;53;65
25;324;147;57;90
25;237;134;55;79
25;150;147;58;89
25;63;141;59;82
25;1543;123;51;72
25;1456;108;54;54
25;1369;133;66;67
25;1282;107;40;67
25;1195;127;68;59
25;1108;99;45;54
25;1021;82;32;50
25;934;90;38;52
25;847;74;36;38
25;760;110;58;52
25;673;81;37;44
25;586;138;46;92
25;499;118;55;63
25;412;148;59;89
25;325;131;54;77
25;238;150;59;91
25;151;140;57;83
25;64;144;70;74
25;1544;108;54;54
25;1457;132;66;66
25;1370;102;38;64
25;1283;119;60;59
25;1196;98;44;54
25;1109;80;30;50
25;1022;91;39;52
25;935;81;38;43
25;848;106;56;50
25;761;78;34;44
25;674;130;42;88
25;587;113;51;62
25;500;146;57;89
25;413;127;52;75
25;326;142;52;90
25;239;142;59;83
25;152;143;69;74
25;65;148;67;81
25;1545;127;62;65
25;1458;101;39;62
25;1371;115;58;57
25;1284;94;42;52
25;1197;79;31;48
25;1110;92;39;53
25;1023;79;37;42
25;936;96;46;50
25;849;74;31;43
25;762;126;40;86
25;675;105;46;59
25;588;140;54;86
25;501;125;51;74
25;414;139;49;90
25;327;137;54;83
25;240;142;68;74
25;153;145;67;78
25;66;167;56;111
25;1546;95;38;57
25;1459;108;54;54
25;1372;88;37;51
25;1285;75;28;47
25;1198;88;35;53
25;1111;77;34;43
25;1024;94;44;50
25;937;77;29;48
25;850;121;38;83
25;763;105;45;60
25;676;137;53;84
25;589;125;49;76
25;502;137;46;91
25;415;135;52;83
25;328;141;66;75
25;241;151;70;81
25;154;165;55;110
25;67;157;60;97
25;1547;107;53;54
25;1460;89;37;52
25;1373;72;26;46
25;1286;86;34;52
25;1199;78;34;44
25;1112;92;42;50
25;1025;75;27;48
25;938;119;36;83
25;851;99;41;58
25;764;135;50;85
25;677;112;41;71
25;590;133;44;89
25;503;133;51;82
25;416;142;65;77
25;329;145;67;78
25;242;168;55;113
25;155;156;60;96
25;68;192;68;124
25;1548;87;35;52
25;1461;72;26;46
25;1374;80;30;50
25;1287;81;34;47
25;1200;90;42;48
25;1113;72;24;48
25;1026;118;36;82
25;939;100;40;60
25;852;133;49;84
25;765;109;40;69
25;678;129;43;86
25;591;134;50;84
25;504;138;62;76
25;417;140;63;77
25;330;162;50;112
25;243;148;57;91
25;156;188;67;121
25;69;195;71;124
25;1549;70;26;44
25;1462;74;26;48
25;1375;75;32;43
25;1288;87;38;49
25;1201;71;22;49
25;1114;118;36;82
25;1027;91;33;58
25;940;137;50;87
25;853;106;38;68
25;766;122;37;85
25;679;132;48;84
25;592;135;62;73
25;505;138;61;77
25;418;159;47;112
25;331;147;56;91
25;244;182;62;120
25;157;196;71;125
25;70;161;63;98
25;1550;72;26;46
25;1463;72;30;42
25;1376;81;34;47
25;1289;71;22;49
25;1202;114;33;81
25;1115;89;31;58
25;1028;134;50;84
25;941;103;37;66
25;854;119;36;83
25;767;127;45;82
25;680;135;63;72
25;593;130;57;73
25;506;155;44;111
25;419;145;54;91
25;332;177;58;119
25;245;192;69;123
25;158;155;59;96
25;71;169;70;99
25;1551;69;28;41
25;1464;80;34;46
25;1377;70;21;49
25;1290;112;32;80
25;1203;88;30;58
25;1116;129;46;83
25;1029;100;37;63
25;942;108;33;75
25;855;123;43;80
25;768;126;57;69
25;681;126;56;70
25;594;154;43;111
25;507;134;46;88
25;420;163;52;111
25;333;186;66;120
25;246;152;57;95
25;159;163;65;98
25;72;183;72;111
25;1552;76;32;44
25;1465;66;19;47
25;1378;109;31;78
25;1291;87;29;58
25;1204;126;45;81
25;1117;95;32;63
25;1030;105;31;74
25;943;122;43;79
25;856;120;53;67
25;769;121;53;68
25;682;148;40;108
25;595;125;39;86
25;508;156;47;109
25;421;178;60;118
25;334;143;53;90
25;247;157;60;97
25;160;175;67;108
25;73;173;60;113
25;1553;65;19;46
25;1466;109;32;77
25;1379;83;26;57
25;1292;119;42;77
25;1205;90;31;59
25;1118;100;30;70
25;1031;117;41;76
25;944;113;43;70
25;857;117;50;67
25;770;143;38;105
25;683;120;35;85
25;596;148;43;105
25;509;174;58;116
25;422;139;52;87
25;335;146;55;91
25;248;168;65;103
25;161;167;58;109
25;74;138;55;83
25;1554;104;30;74
25;1467;81;25;56
25;1380;112;39;73
25;1293;88;29;59
25;1206;96;27;69
25;1119;104;35;69
25;1032;111;43;68
25;945;103;40;63
25;858;136;34;102
25;771;108;32;76
25;684;140;41;99
25;597;164;50;114
25;510;134;49;85
25;423;142;53;89
25;336;166;61;105
25;249;164;57;107
25;162;134;51;83
25;75;131;41;90
25;1555;78;23;55
25;1468;109;37;72
25;1381;84;26;58
25;1294;90;24;66
25;1207;97;30;67
25;1120;111;42;69
25;1033;92;33;59
25;946;131;30;101
25;859;104;29;75
25;772;136;38;98
25;685;156;47;109
25;598;129;47;82
25;511;138;52;86
25;424;159;56;103
25;337;156;51;105
25;250;126;47;79
25;163;124;38;86
25;76;119;43;76
25;1556;101;35;66
25;1469;79;24;55
25;1382;84;23;61
25;1295;94;28;66
25;1208;102;35;67
25;1121;90;33;57
25;1034;128;29;99
25;947;105;31;74
25;860;131;39;92
25;773;148;41;107
25;686;120;42;78
25;599;131;48;83
25;512;157;54;103
25;425;152;49;103
25;338;121;44;77
25;251;120;38;82
25;164;113;40;73
25;77;103;35;68
25;1557;76;23;53
25;1470;80;20;60
25;1383;88;23;65
25;1296;95;32;63
25;1209;91;33;58
25;1122;128;28;100
25;1035;100;29;71
25;948;122;39;83
25;861;142;38;104
25;774;114;40;74
25;687;123;43;80
25;600;145;47;98
25;513;144;44;100
25;426;115;41;74
25;339;114;35;79
25;252;107;35;72
25;165;95;30;65
25;78;89;27;62
25;1558;72;16;56
25;1471;85;22;63
25;1384;87;27;60
25;1297;82;27;55
25;1210;123;26;97
25;1123;98;30;68
25;1036;112;34;78
25;949;135;34;101
25;862;103;35;68
25;775;117;39;78
25;688;130;40;90
25;601;138;40;98
25;514;107;36;71
25;427;110;34;76
25;340;103;32;71
25;253;88;26;62
25;166;83;25;58
25;79;81;25;56
25;1559;81;19;62
25;1472;83;24;59
25;1385;79;27;52
25;1298;119;25;94
25;1211;94;27;67
25;1124;103;30;73
25;1037;126;32;94
25;950;95;30;65
25;863;110;37;73
25;776;119;35;84
25;689;133;37;96
25;602;97;30;67
25;515;100;31;69
25;428;98;30;68
25;341;84;23;61
25;254;74;21;53
25;167;71;22;49
25;80;65;21;44
25;1560;76;21;55
25;1473;75;24;51
25;1386;116;25;91
25;1299;89;27;62
25;1212;96;28;68
25;1125;123;31;92
25;1038;88;26;62
25;951;100;33;67
25;864;112;32;80
25;777;124;34;90
25;690;86;27;59
25;603;96;29;67
25;516;95;28;67
25;429;76;20;56
25;342;61;17;44
25;255;62;19;43
25;168;63;21;42
25;81;54;18;36
25;1561;70;21;49
25;1474;113;24;89
25;1387;82;26;56
25;1300;86;25;61
25;1213;120;32;88
25;1126;83;22;61
25;1039;92;28;64
25;952;95;27;68
25;865;117;33;84
25;778;76;24;52
25;691;88;25;63
25;604;85;24;61
25;517;70;18;52
25;430;56;14;42
25;343;54;15;39
25;256;55;14;41
25;169;50;15;35
25;82;61;19;42
25;1562;105;23;82
25;1475;74;19;55
25;1388;81;23;58
25;1301;110;29;81
25;1214;80;21;59
25;1127;82;24;58
25;1040;85;25;60
25;953;98;26;72
25;866;71;20;51
25;779;83;22;61
25;692;76;24;52
25;605;62;14;48
25;518;50;13;37
25;431;47;11;36
25;344;50;13;37
25;257;47;13;34
25;170;54;17;37
25;83;44;13;31
25;1563;66;14;52
25;1476;74;20;54
25;1389;101;28;73
25;1302;78;18;60
25;1215;73;22;51
25;1128;78;24;54
25;1041;88;26;62
25;954;68;25;43
25;867;79;21;58
25;780;63;20;43
25;693;56;13;43
25;606;42;9;33
25;519;42;9;33
25;432;43;12;31
25;345;41;10;31
25;258;50;15;35
25;171;42;14;28
25;84;34;7;27
25;1564;66;17;49
25;1477;92;24;68
25;1390;75;18;57
25;1303;65;19;46
25;1216;68;21;47
25;1129;78;20;58
25;1042;57;19;38
25;955;70;20;50
25;868;57;17;40
25;781;50;11;39
25;694;39;7;32
25;607;37;6;31
25;520;40;11;29
25;433;37;7;30
25;346;45;15;30
25;259;35;10;25
25;172;31;7;24
25;85;48;12;36
25;1565;339;99;240
25;1478;318;89;229
25;1391;303;86;217
25;1304;290;82;208
25;1217;271;73;198
25;1130;244;69;175
25;1043;233;55;178
25;956;196;42;154
25;869;166;35;131
25;782;156;31;125
25;695;169;39;130
25;608;178;49;129
25;521;191;58;133
25;434;201;60;141
25;347;198;56;142
25;260;206;53;153
25;173;225;61;164
25;86;203;54;149
25;1566;10776;5177;5599
25;1479;11067;5301;5766
25;1392;11307;5383;5924
25;1305;11486;5456;6030
25;1218;11636;5542;6094
25;1131;11777;5597;6180
25;1044;11921;5655;6266
25;957;12105;5727;6378
25;870;12378;5889;6489
25;783;12562;5964;6598
25;696;12738;6043;6695
25;609;12909;6123;6786
25;522;13077;6219;6858
25;435;13323;6320;7003
25;348;13477;6412;7065
25;261;13618;6491;7127
25;174;13724;6550;7174
25;87;13907;6659;7248
26;1480;3017;1569;1448
26;1393;3217;1680;1537
26;1306;3201;1676;1525
26;1219;3174;1640;1534
26;1132;3054;1538;1516
26;1045;3222;1646;1576
26;958;3192;1627;1565
26;871;3522;1807;1715
26;784;3442;1786;1656
26;697;3393;1761;1632
26;610;3157;1634;1523
26;523;2991;1550;1441
26;436;3029;1527;1502
26;349;3016;1534;1482
26;262;2925;1483;1442
26;175;2969;1533;1436
26;88;3022;1571;1451
26;1;3320;1730;1590
26;1481;3256;1701;1555
26;1394;3209;1675;1534
26;1307;3228;1665;1563
26;1220;3134;1571;1563
26;1133;3307;1681;1626
26;1046;3266;1653;1613
26;959;3536;1811;1725
26;872;3473;1751;1722
26;785;3291;1706;1585
26;698;3110;1616;1494
26;611;2964;1541;1423
26;524;3008;1520;1488
26;437;2977;1514;1463
26;350;2885;1462;1423
26;263;2897;1497;1400
26;176;2984;1548;1436
26;89;3266;1701;1565
26;2;3736;1921;1815
26;1482;3224;1675;1549
26;1395;3131;1604;1527
26;1308;3155;1588;1567
26;1221;3356;1709;1647
26;1134;3372;1699;1673
26;1047;3598;1855;1743
26;960;3439;1733;1706
26;873;3115;1607;1508
26;786;3028;1569;1459
26;699;2894;1505;1389
26;612;2966;1493;1473
26;525;2920;1492;1428
26;438;2827;1438;1389
26;351;2871;1486;1385
26;264;2917;1509;1408
26;177;3240;1693;1547
26;90;3677;1879;1798
26;3;3804;2029;1775
26;1483;3061;1579;1482
26;1396;3047;1521;1526
26;1309;3316;1683;1633
26;1222;3335;1688;1647
26;1135;3595;1867;1728
26;1048;3421;1722;1699
26;961;3009;1536;1473
26;874;2911;1486;1425
26;787;2816;1471;1345
26;700;2913;1471;1442
26;613;2859;1461;1398
26;526;2789;1409;1380
26;439;2806;1460;1346
26;352;2886;1502;1384
26;265;3161;1647;1514
26;178;3634;1859;1775
26;91;3746;2007;1739
26;4;3854;1965;1889
26;1484;2956;1488;1468
26;1397;3195;1625;1570
26;1310;3296;1681;1615
26;1223;3535;1837;1698
26;1136;3409;1716;1693
26;1049;2952;1517;1435
26;962;2866;1480;1386
26;875;2739;1447;1292
26;788;2834;1435;1399
26;701;2812;1442;1370
26;614;2765;1399;1366
26;527;2784;1444;1340
26;440;2833;1479;1354
26;353;3122;1627;1495
26;266;3567;1827;1740
26;179;3692;1975;1717
26;92;3798;1935;1863
26;5;4144;2086;2058
26;1485;3124;1578;1546
26;1398;3215;1629;1586
26;1311;3464;1784;1680
26;1224;3381;1693;1688
26;1137;2901;1483;1418
26;1050;2817;1456;1361
26;963;2660;1401;1259
26;876;2708;1387;1321
26;789;2720;1384;1336
26;702;2722;1370;1352
26;615;2752;1427;1325
26;528;2807;1471;1336
26;441;3072;1599;1473
26;354;3520;1806;1714
26;267;3623;1943;1680
26;180;3758;1910;1848
26;93;4104;2059;2045
26;6;4253;2234;2019
26;1486;3118;1577;1541
26;1399;3360;1735;1625
26;1312;3314;1650;1664
26;1225;2839;1451;1388
26;1138;2761;1419;1342
26;1051;2598;1365;1233
26;964;2650;1354;1296
26;877;2628;1343;1285
26;790;2656;1330;1326
26;703;2693;1400;1293
26;616;2767;1443;1324
26;529;3050;1584;1466
26;442;3454;1775;1679
26;355;3579;1924;1655
26;268;3688;1874;1814
26;181;4075;2042;2033
26;94;4216;2214;2002
26;7;4038;2072;1966
26;1487;3283;1695;1588
26;1400;3201;1599;1602
26;1313;2794;1422;1372
26;1226;2695;1392;1303
26;1139;2555;1330;1225
26;1052;2613;1330;1283
26;965;2565;1319;1246
26;878;2527;1287;1240
26;791;2620;1352;1268
26;704;2717;1419;1298
26;617;3008;1555;1453
26;530;3410;1748;1662
26;443;3520;1881;1639
26;356;3628;1842;1786
26;269;4016;2007;2009
26;182;4178;2194;1984
26;95;4023;2062;1961
26;8;4641;2380;2261
26;1488;3095;1555;1540
26;1401;2715;1383;1332
26;1314;2637;1365;1272
26;1227;2494;1302;1192
26;1140;2551;1303;1248
26;1053;2523;1298;1225
26;966;2467;1263;1204
26;879;2548;1294;1254
26;792;2698;1403;1295
26;705;2969;1536;1433
26;618;3377;1733;1644
26;531;3505;1874;1631
26;444;3569;1821;1748
26;357;3980;1989;1991
26;270;4109;2164;1945
26;183;3988;2050;1938
26;96;4593;2357;2236
26;9;4973;2603;2370
26;1489;2662;1345;1317
26;1402;2576;1339;1237
26;1315;2458;1283;1175
26;1228;2522;1281;1241
26;1141;2497;1283;1214
26;1054;2421;1234;1187
26;967;2499;1283;1216
26;880;2593;1325;1268
26;793;2925;1527;1398
26;706;3320;1712;1608
26;619;3482;1857;1625
26;532;3546;1817;1729
26;445;3926;1964;1962
26;358;4060;2145;1915
26;271;3924;2008;1916
26;184;4551;2332;2219
26;97;4896;2556;2340
26;10;4929;2518;2411
26;1490;2512;1310;1202
26;1403;2417;1254;1163
26;1316;2464;1264;1200
26;1229;2454;1261;1193
26;1142;2381;1202;1179
26;1055;2466;1261;1205
26;968;2538;1301;1237
26;881;2806;1436;1370
26;794;3254;1676;1578
26;707;3423;1819;1604
26;620;3517;1806;1711
26;533;3882;1944;1938
26;446;3994;2118;1876
26;359;3876;1990;1886
26;272;4496;2303;2193
26;185;4832;2523;2309
26;98;4883;2494;2389
26;11;4895;2483;2412
26;1491;2360;1219;1141
26;1404;2402;1237;1165
26;1317;2402;1231;1171
26;1230;2335;1174;1161
26;1143;2411;1230;1181
26;1056;2470;1272;1198
26;969;2739;1399;1340
26;882;3113;1605;1508
26;795;3362;1786;1576
26;708;3480;1783;1697
26;621;3855;1929;1926
26;534;3954;2102;1852
26;447;3822;1957;1865
26;360;4447;2280;2167
26;273;4732;2480;2252
26;186;4817;2464;2353
26;99;4807;2438;2369
26;12;4717;2402;2315
26;1492;2358;1208;1150
26;1405;2359;1208;1151
26;1318;2284;1151;1133
26;1231;2359;1200;1159
26;1144;2414;1234;1180
26;1057;2694;1372;1322
26;970;3051;1567;1484
26;883;3220;1717;1503
26;796;3438;1757;1681
26;709;3779;1895;1884
26;622;3911;2076;1835
26;535;3788;1944;1844
26;448;4374;2243;2131
26;361;4647;2437;2210
26;274;4707;2418;2289
26;187;4717;2387;2330
26;100;4647;2365;2282
26;13;4907;2467;2440
26;1493;2329;1192;1137
26;1406;2242;1133;1109
26;1319;2319;1174;1145
26;1232;2382;1224;1158
26;1145;2658;1356;1302
26;1058;3022;1555;1467
26;971;3154;1681;1473
26;884;3215;1619;1596
26;797;3703;1848;1855
26;710;3850;2043;1807
26;623;3738;1909;1829
26;536;4360;2232;2128
26;449;4529;2370;2159
26;362;4637;2381;2256
26;275;4578;2309;2269
26;188;4541;2305;2236
26;101;4797;2409;2388
26;14;5144;2621;2523
26;1494;2204;1111;1093
26;1407;2296;1157;1139
26;1320;2349;1206;1143
26;1233;2637;1331;1306
26;1146;2982;1531;1451
26;1059;3103;1650;1453
26;972;3158;1592;1566
26;885;3468;1753;1715
26;798;3812;2013;1799
26;711;3691;1889;1802
26;624;4294;2196;2098
26;537;4494;2357;2137
26;450;4545;2335;2210
26;363;4486;2266;2220
26;276;4415;2238;2177
26;189;4707;2349;2358
26;102;5052;2570;2482
26;15;5408;2800;2608
26;1495;2280;1150;1130
26;1408;2306;1186;1120
26;1321;2599;1308;1291
26;1234;2943;1497;1446
26;1147;3085;1644;1441
26;1060;3123;1576;1547
26;973;3393;1712;1681
26;886;3643;1904;1739
26;799;3648;1868;1780
26;712;4246;2176;2070
26;625;4456;2338;2118
26;538;4482;2303;2179
26;451;4317;2184;2133
26;364;4318;2193;2125
26;277;4590;2300;2290
26;190;4949;2505;2444
26;103;5311;2740;2571
26;16;5338;2699;2639
26;1496;2283;1175;1108
26;1409;2551;1278;1273
26;1322;2909;1478;1431
26;1235;3043;1618;1425
26;1148;3080;1555;1525
26;1061;3343;1686;1657
26;974;3610;1883;1727
26;887;3557;1809;1748
26;800;4193;2145;2048
26;713;4405;2302;2103
26;626;4422;2271;2151
26;539;4237;2143;2094
26;452;4162;2101;2061
26;365;4481;2246;2235
26;278;4853;2466;2387
26;191;5221;2691;2530
26;104;5264;2662;2602
26;17;5354;2688;2666
26;1497;2510;1258;1252
26;1410;2851;1454;1397
26;1323;3003;1590;1413
26;1236;3051;1539;1512
26;1149;3307;1673;1634
26;1062;3576;1867;1709
26;975;3506;1780;1726
26;888;4031;2085;1946
26;801;4344;2260;2084
26;714;4371;2241;2130
26;627;4161;2107;2054
26;540;4086;2063;2023
26;453;4336;2160;2176
26;366;4744;2402;2342
26;279;5132;2648;2484
26;192;5166;2607;2559
26;105;5248;2623;2625
26;18;5197;2602;2595
26;1498;2804;1428;1376
26;1411;2977;1575;1402
26;1324;3019;1528;1491
26;1237;3274;1663;1611
26;1150;3560;1859;1701
26;1063;3477;1758;1719
26;976;3971;2045;1926
26;889;4363;2257;2106
26;802;4315;2212;2103
26;715;4124;2072;2052
26;628;4017;2026;1991
26;541;4277;2127;2150
26;454;4567;2309;2258
26;367;5005;2584;2421
26;280;5076;2564;2512
26;193;5177;2576;2601
26;106;5234;2602;2632
26;19;6176;2937;3239
26;1499;2911;1548;1363
26;1412;2970;1501;1469
26;1325;3203;1627;1576
26;1238;3505;1834;1671
26;1151;3406;1725;1681
26;1064;3836;1977;1859
26;977;4208;2197;2011
26;890;5074;2483;2591
26;803;4044;2027;2017
26;716;3973;1997;1976
26;629;4203;2085;2118
26;542;4492;2269;2223
26;455;4782;2458;2324
26;368;4929;2491;2438
26;281;5087;2535;2552
26;194;5183;2573;2610
26;107;6123;2892;3231
26;20;7200;3326;3874
26;1500;2877;1469;1408
26;1413;3162;1601;1561
26;1326;3407;1756;1651
26;1239;3360;1694;1666
26;1152;3769;1935;1834
26;1065;4150;2160;1990
26;978;4997;2446;2551
26;891;5094;2423;2671
26;804;3880;1941;1939
26;717;4128;2040;2088
26;630;4435;2236;2199
26;543;4691;2405;2286
26;456;4731;2392;2339
26;369;4975;2476;2499
26;282;5116;2533;2583
26;195;6032;2849;3183
26;108;7024;3213;3811
26;21;7020;3300;3720
26;1501;3079;1554;1525
26;1414;3356;1721;1635
26;1327;3276;1628;1648
26;1240;3723;1902;1821
26;1153;4124;2124;2000
26;1066;4956;2420;2536
26;979;5010;2375;2635
26;892;4741;2227;2514
26;805;4011;1969;2042
26;718;4352;2188;2164
26;631;4629;2368;2261
26;544;4637;2333;2304
26;457;4715;2347;2368
26;370;4996;2459;2537
26;283;5898;2791;3107
26;196;6894;3157;3737
26;109;6776;3161;3615
26;22;6508;3143;3365
26;1502;3273;1683;1590
26;1415;3239;1614;1625
26;1328;3632;1817;1815
26;1241;4120;2118;2002
26;1154;4936;2404;2532
26;1067;4942;2333;2609
26;980;4617;2164;2453
26;893;4796;2221;2575
26;806;4206;2093;2113
26;719;4558;2311;2247
26;632;4548;2282;2266
26;545;4635;2285;2350
26;458;4760;2341;2419
26;371;5751;2723;3028
26;284;6723;3072;3651
26;197;6601;3074;3527
26;110;6249;2998;3251
26;23;6134;2943;3191
26;1503;3146;1591;1555
26;1416;3584;1799;1785
26;1329;3997;2031;1966
26;1242;4887;2375;2512
26;1155;4886;2307;2579
26;1068;4585;2144;2441
26;981;4571;2114;2457
26;894;4958;2369;2589
26;807;4395;2213;2182
26;720;4479;2226;2253
26;633;4556;2234;2322
26;546;4675;2281;2394
26;459;5540;2600;2940
26;372;6505;2986;3519
26;285;6357;2945;3412
26;198;6128;2924;3204
26;111;5890;2809;3081
26;24;5845;2836;3009
26;1504;3470;1738;1732
26;1417;3951;1994;1957
26;1330;4796;2298;2498
26;1243;4921;2295;2626
26;1156;4562;2104;2458
26;1069;4515;2072;2443
26;982;4761;2278;2483
26;895;5008;2499;2509
26;808;4351;2143;2208
26;721;4505;2196;2309
26;634;4623;2226;2397
26;547;5449;2520;2929
26;460;6199;2845;3354
26;373;6172;2840;3332
26;286;5884;2803;3081
26;199;5753;2738;3015
26;112;5632;2709;2923
26;25;5645;2697;2948
26;1505;3899;1943;1956
26;1418;4735;2246;2489
26;1331;4953;2287;2666
26;1244;4596;2113;2483
26;1157;4522;2064;2458
26;1070;4692;2241;2451
26;983;4823;2400;2423
26;896;4825;2319;2506
26;809;4393;2129;2264
26;722;4587;2180;2407
26;635;5393;2472;2921
26;548;5998;2732;3266
26;461;5738;2622;3116
26;374;5564;2686;2878
26;287;5480;2609;2871
26;200;5504;2642;2862
26;113;5443;2586;2857
26;26;5619;2759;2860
26;1506;4711;2245;2466
26;1419;4922;2264;2658
26;1332;4600;2080;2520
26;1245;4575;2064;2511
26;1158;4732;2231;2501
26;1071;4787;2353;2434
26;984;4638;2198;2440
26;897;4831;2322;2509
26;810;4432;2091;2341
26;723;5312;2424;2888
26;636;5919;2691;3228
26;549;5614;2561;3053
26;462;5319;2549;2770
26;375;5336;2526;2810
26;288;5349;2552;2797
26;201;5419;2565;2854
26;114;5492;2685;2807
26;27;5848;2886;2962
26;1507;4898;2266;2632
26;1420;4552;2056;2496
26;1333;4553;2038;2515
26;1246;4787;2224;2563
26;1159;4832;2349;2483
26;1072;4643;2185;2458
26;985;4696;2227;2469
26;898;4770;2302;2468
26;811;5150;2320;2830
26;724;5825;2629;3196
26;637;5523;2507;3016
26;550;5242;2480;2762
26;463;5160;2454;2706
26;376;5274;2504;2770
26;289;5375;2528;2847
26;202;5444;2651;2793
26;115;5733;2800;2933
26;28;5779;2831;2948
26;1508;4522;2022;2500
26;1421;4549;2029;2520
26;1334;4882;2255;2627
26;1247;4901;2377;2524
26;1160;4725;2207;2518
26;1073;4724;2247;2477
26;986;4658;2226;2432
26;899;4397;2122;2275
26;812;5652;2523;3129
26;725;5438;2471;2967
26;638;5167;2454;2713
26;551;5119;2430;2689
26;464;5163;2453;2710
26;377;5311;2500;2811
26;290;5378;2617;2761
26;203;5673;2758;2915
26;116;5664;2743;2921
26;29;6018;2893;3125
26;1509;4521;2002;2519
26;1422;4866;2254;2612
26;1335;4954;2391;2563
26;1248;4750;2207;2543
26;1161;4741;2246;2495
26;1074;4649;2199;2450
26;987;4243;2027;2216
26;900;4161;2070;2091
26;813;5282;2390;2892
26;726;5064;2397;2667
26;639;5041;2402;2639
26;552;5100;2414;2686
26;465;5200;2457;2743
26;378;5244;2547;2697
26;291;5566;2695;2871
26;204;5611;2724;2887
26;117;5859;2807;3052
26;30;6066;2916;3150
26;1510;4807;2238;2569
26;1423;4879;2354;2525
26;1336;4750;2170;2580
26;1249;4749;2246;2503
26;1162;4687;2200;2487
26;1075;4197;1995;2202
26;988;3985;1971;2014
26;901;4118;2022;2096
26;814;4934;2328;2606
26;727;4965;2354;2611
26;640;5035;2369;2666
26;553;5148;2433;2715
26;466;5119;2484;2635
26;379;5455;2660;2795
26;292;5513;2672;2841
26;205;5793;2794;2999
26;118;5931;2854;3077
26;31;5859;2701;3158
26;1511;4751;2269;2482
26;1424;4661;2132;2529
26;1337;4750;2227;2523
26;1250;4667;2181;2486
26;1163;4188;1991;2197
26;1076;3919;1941;1978
26;989;3985;1942;2043
26;902;4035;1996;2039
26;815;4829;2290;2539
26;728;4998;2349;2649
26;641;5048;2389;2659
26;554;5066;2459;2607
26;467;5318;2595;2723
26;380;5370;2592;2778
26;293;5686;2749;2937
26;206;5893;2839;3054
26;119;5730;2648;3082
26;32;5803;2808;2995
26;1512;4592;2105;2487
26;1425;4628;2160;2468
26;1338;4662;2179;2483
26;1251;4160;1975;2185
26;1164;3875;1907;1968
26;1077;3888;1886;2002
26;990;3902;1931;1971
26;903;4105;2044;2061
26;816;4868;2274;2594
26;729;4951;2348;2603
26;642;5012;2430;2582
26;555;5243;2537;2706
26;468;5207;2518;2689
26;381;5528;2666;2862
26;294;5780;2780;3000
26;207;5684;2636;3048
26;120;5678;2737;2941
26;33;5774;2817;2957
26;1513;4569;2144;2425
26;1426;4544;2144;2400
26;1339;4131;1958;2173
26;1252;3825;1870;1955
26;1165;3809;1849;1960
26;1078;3816;1897;1919
26;991;3945;1964;1981
26;904;4159;2014;2145
26;817;4802;2261;2541
26;730;4880;2373;2507
26;643;5165;2501;2664
26;556;5150;2489;2661
26;469;5332;2572;2760
26;382;5631;2709;2922
26;295;5560;2574;2986
26;208;5614;2715;2899
26;121;5655;2744;2911
26;34;5661;2685;2976
26;1514;4463;2124;2339
26;1427;3987;1902;2085
26;1340;3756;1848;1908
26;1253;3717;1803;1914
26;1166;3719;1837;1882
26;1079;3836;1910;1926
26;992;3973;1923;2050
26;905;4051;1982;2069
26;818;4715;2299;2416
26;731;5067;2462;2605
26;644;5046;2443;2603
26;557;5266;2531;2735
26;470;5461;2632;2829
26;383;5362;2467;2895
26;296;5499;2671;2828
26;209;5584;2723;2861
26;122;5570;2638;2932
26;35;5571;2626;2945
26;1515;3922;1893;2029
26;1428;3597;1771;1826
26;1341;3626;1769;1857
26;1254;3608;1773;1835
26;1167;3735;1864;1871
26;1080;3852;1848;2004
26;993;3846;1872;1974
26;906;4057;1918;2139
26;819;4904;2363;2541
26;732;4911;2408;2503
26;645;5164;2476;2688
26;558;5409;2599;2810
26;471;5203;2385;2818
26;384;5344;2594;2750
26;297;5450;2663;2787
26;210;5488;2592;2896
26;123;5465;2565;2900
26;36;5619;2696;2923
26;1516;3495;1736;1759
26;1429;3496;1696;1800
26;1342;3505;1704;1801
26;1255;3674;1815;1859
26;1168;3771;1816;1955
26;1081;3762;1823;1939
26;994;3894;1830;2064
26;907;4065;1906;2159
26;820;4758;2322;2436
26;733;5041;2440;2601
26;646;5315;2558;2757
26;559;5133;2357;2776
26;472;5194;2512;2682
26;385;5285;2579;2706
26;298;5364;2540;2824
26;211;5383;2537;2846
26;124;5523;2639;2884
26;37;5867;2783;3084
26;1517;3396;1654;1742
26;1430;3415;1660;1755
26;1343;3594;1768;1826
26;1256;3717;1784;1933
26;1169;3702;1793;1909
26;1082;3779;1768;2011
26;995;3913;1830;2083
26;908;3918;1886;2032
26;821;4880;2335;2545
26;734;5230;2509;2721
26;647;5014;2302;2712
26;560;5094;2462;2632
26;473;5093;2476;2617
26;386;5189;2447;2742
26;299;5272;2492;2780
26;212;5454;2609;2845
26;125;5724;2707;3017
26;38;5806;2684;3122
26;1518;3344;1641;1703
26;1431;3468;1720;1748
26;1344;3664;1771;1893
26;1257;3644;1765;1879
26;1170;3711;1739;1972
26;1083;3816;1781;2035
26;996;3783;1815;1968
26;909;4059;1892;2167
26;822;5083;2422;2661
26;735;4945;2256;2689
26;648;4990;2405;2585
26;561;5003;2432;2571
26;474;5012;2361;2651
26;387;5123;2413;2710
26;300;5317;2537;2780
26;213;5661;2679;2982
26;126;5691;2617;3074
26;39;6297;2913;3384
26;1519;3409;1694;1715
26;1432;3543;1690;1853
26;1345;3588;1737;1851
26;1258;3646;1702;1944
26;1171;3752;1742;2010
26;1084;3715;1785;1930
26;997;3929;1819;2110
26;910;4476;2152;2324
26;823;4832;2190;2642
26;736;4905;2361;2544
26;649;4907;2388;2519
26;562;4938;2322;2616
26;475;4969;2332;2637
26;388;5142;2445;2697
26;301;5526;2620;2906
26;214;5614;2577;3037
26;127;6129;2820;3309
26;40;6158;2817;3341
26;1520;3489;1684;1805
26;1433;3491;1686;1805
26;1346;3567;1672;1895
26;1259;3691;1707;1984
26;1172;3669;1763;1906
26;1085;3836;1760;2076
26;998;4348;2070;2278
26;911;4366;2016;2350
26;824;4811;2294;2517
26;737;4811;2340;2471
26;650;4816;2246;2570
26;563;4848;2273;2575
26;476;4996;2361;2635
26;389;5373;2529;2844
26;302;5480;2523;2957
26;215;6039;2782;3257
26;128;6019;2729;3290
26;41;5889;2685;3204
26;1521;3424;1674;1750
26;1434;3460;1618;1842
26;1347;3630;1677;1953
26;1260;3604;1725;1879
26;1173;3785;1731;2054
26;1086;4265;2029;2236
26;999;4231;1930;2301
26;912;4268;2044;2224
26;825;4702;2271;2431
26;738;4751;2205;2546
26;651;4745;2210;2535
26;564;4904;2314;2590
26;477;5217;2438;2779
26;390;5317;2446;2871
26;303;5905;2717;3188
26;216;5951;2695;3256
26;129;5781;2631;3150
26;42;6205;2826;3379
26;1522;3410;1598;1812
26;1435;3501;1605;1896
26;1348;3523;1689;1834
26;1261;3694;1689;2005
26;1174;4181;1994;2187
26;1087;4134;1880;2254
26;1000;4136;1967;2169
26;913;4214;1969;2245
26;826;4670;2146;2524
26;739;4673;2173;2500
26;652;4821;2270;2551
26;565;5111;2383;2728
26;478;5164;2360;2804
26;391;5776;2643;3133
26;304;5810;2634;3176
26;217;5708;2593;3115
26;130;6122;2787;3335
26;43;5700;2566;3134
26;1523;3462;1585;1877
26;1436;3413;1631;1782
26;1349;3625;1650;1975
26;1262;4115;1954;2161
26;1175;4064;1839;2225
26;1088;4051;1910;2141
26;1001;4106;1911;2195
26;914;4214;1887;2327
26;827;4566;2108;2458
26;740;4740;2227;2513
26;653;5020;2329;2691
26;566;5092;2324;2768
26;479;5636;2567;3069
26;392;5681;2574;3107
26;305;5608;2552;3056
26;218;6046;2752;3294
26;131;5641;2548;3093
26;44;5442;2500;2942
26;1524;3378;1613;1765
26;1437;3524;1599;1925
26;1350;4051;1936;2115
26;1263;3980;1795;2185
26;1176;3976;1874;2102
26;1089;4017;1863;2154
26;1002;4098;1827;2271
26;915;4153;1871;2282
26;828;4629;2153;2476
26;741;4937;2281;2656
26;654;4983;2270;2713
26;567;5537;2512;3025
26;480;5545;2507;3038
26;393;5500;2504;2996
26;306;5933;2681;3252
26;219;5611;2539;3072
26;132;5364;2461;2903
26;45;5381;2330;3051
26;1525;3451;1566;1885
26;1438;3957;1884;2073
26;1351;3916;1756;2160
26;1264;3877;1815;2062
26;1177;3913;1815;2098
26;1090;3995;1779;2216
26;1003;4035;1816;2219
26;916;4162;1901;2261
26;829;4812;2206;2606
26;742;4889;2215;2674
26;655;5410;2450;2960
26;568;5425;2439;2986
26;481;5349;2429;2920
26;394;5753;2596;3157
26;307;5503;2493;3010
26;220;5273;2410;2863
26;133;5249;2271;2978
26;46;5029;2266;2763
26;1526;3891;1858;2033
26;1439;3824;1696;2128
26;1352;3791;1767;2024
26;1265;3858;1774;2084
26;1178;3923;1738;2185
26;1091;3986;1793;2193
26;1004;4072;1847;2225
26;917;4370;1960;2410
26;830;4809;2159;2650
26;743;5335;2410;2925
26;656;5332;2391;2941
26;569;5241;2354;2887
26;482;5604;2532;3072
26;395;5391;2439;2952
26;308;5180;2364;2816
26;221;5175;2231;2944
26;134;4914;2202;2712
26;47;4605;1992;2613
26;1527;3768;1671;2097
26;1440;3708;1735;1973
26;1353;3780;1726;2054
26;1266;3889;1715;2174
26;1179;3930;1761;2169
26;1092;3988;1808;2180
26;1005;4279;1914;2365
26;918;4401;1932;2469
26;831;5226;2343;2883
26;744;5245;2337;2908
26;657;5156;2306;2850
26;570;5498;2481;3017
26;483;5314;2393;2921
26;396;5088;2309;2779
26;309;5071;2173;2898
26;222;4851;2167;2684
26;135;4572;1983;2589
26;48;4697;2131;2566
26;1528;3647;1699;1948
26;1441;3688;1674;2014
26;1354;3827;1676;2151
26;1267;3862;1723;2139
26;1180;3920;1763;2157
26;1093;4204;1868;2336
26;1006;4295;1865;2430
26;919;4835;2130;2705
26;832;5164;2286;2878
26;745;5054;2247;2807
26;658;5428;2446;2982
26;571;5246;2359;2887
26;484;4984;2255;2729
26;397;4963;2124;2839
26;310;4754;2107;2647
26;223;4514;1939;2575
26;136;4577;2074;2503
26;49;4878;2113;2765
26;1529;3625;1637;1988
26;1442;3748;1639;2109
26;1355;3832;1712;2120
26;1268;3880;1747;2133
26;1181;4145;1840;2305
26;1094;4183;1802;2381
26;1007;4722;2074;2648
26;920;4897;2162;2735
26;833;4965;2193;2772
26;746;5369;2407;2962
26;659;5169;2313;2856
26;572;4936;2218;2718
26;485;4849;2067;2782
26;398;4670;2063;2607
26;311;4418;1876;2542
26;224;4517;2032;2485
26;137;4757;2058;2699
26;50;4851;2082;2769
26;1530;3696;1611;2085
26;1443;3742;1666;2076
26;1356;3806;1704;2102
26;1269;4093;1814;2279
26;1182;4116;1765;2351
26;1095;4658;2038;2620
26;1008;4797;2101;2696
26;921;4893;2178;2715
26;834;5272;2355;2917
26;747;5068;2258;2810
26;660;4847;2168;2679
26;573;4768;2022;2746
26;486;4570;2016;2554
26;399;4323;1823;2500
26;312;4424;1984;2440
26;225;4702;2028;2674
26;138;4769;2014;2755
26;51;4874;2054;2820
26;1531;3686;1636;2050
26;1444;3730;1667;2063
26;1357;4029;1779;2250
26;1270;4056;1738;2318
26;1183;4592;1995;2597
26;1096;4698;2039;2659
26;1009;4772;2103;2669
26;922;4950;2150;2800
26;835;4983;2195;2788
26;748;4784;2128;2656
26;661;4699;1981;2718
26;574;4475;1953;2522
26;487;4224;1765;2459
26;400;4330;1932;2398
26;313;4598;1977;2621
26;226;4674;1977;2697
26;139;4758;2000;2758
26;52;4606;1942;2664
26;1532;3673;1635;2038
26;1445;3923;1731;2192
26;1358;4012;1711;2301
26;1271;4528;1954;2574
26;1184;4629;1997;2632
26;1097;4689;2058;2631
26;1010;4860;2100;2760
26;923;4907;2136;2771
26;836;4702;2067;2635
26;749;4635;1945;2690
26;662;4394;1903;2491
26;575;4153;1719;2434
26;488;4246;1897;2349
26;401;4474;1921;2553
26;314;4576;1934;2642
26;227;4677;1956;2721
26;140;4541;1914;2627
26;53;4195;1795;2400
26;1533;3854;1697;2157
26;1446;3915;1668;2247
26;1359;4475;1924;2551
26;1272;4547;1947;2600
26;1185;4608;2008;2600
26;1098;4794;2068;2726
26;1011;4824;2088;2736
26;924;4532;1976;2556
26;837;4552;1894;2658
26;750;4331;1857;2474
26;663;4075;1676;2399
26;576;4165;1856;2309
26;489;4357;1860;2497
26;402;4467;1874;2593
26;315;4581;1906;2675
26;228;4504;1902;2602
26;141;4148;1781;2367
26;54;4229;1842;2387
26;1534;3824;1633;2191
26;1447;4389;1864;2525
26;1360;4490;1915;2575
26;1273;4557;1985;2572
26;1186;4720;2024;2696
26;1099;4763;2051;2712
26;1012;4440;1931;2509
26;925;4176;1717;2459
26;838;4265;1815;2450
26;751;3991;1614;2377
26;664;4078;1808;2270
26;577;4288;1818;2470
26;490;4349;1823;2526
26;403;4496;1877;2619
26;316;4434;1877;2557
26;229;4081;1739;2342
26;142;4130;1800;2330
26;55;4076;1757;2319
26;1535;4323;1826;2497
26;1448;4384;1871;2513
26;1361;4453;1911;2542
26;1274;4641;1970;2671
26;1187;4671;2004;2667
26;1100;4350;1869;2481
26;1013;4074;1677;2397
26;926;4051;1748;2303
26;839;3907;1570;2337
26;752;3983;1753;2230
26;665;4216;1778;2438
26;578;4279;1782;2497
26;491;4383;1817;2566
26;404;4307;1805;2502
26;317;4011;1705;2306
26;230;4058;1756;2302
26;143;3971;1715;2256
26;56;4425;1877;2548
26;1536;4327;1830;2497
26;1449;4368;1880;2488
26;1362;4579;1924;2655
26;1275;4578;1951;2627
26;1188;4298;1835;2463
26;1101;4019;1646;2373
26;1014;3966;1692;2274
26;927;3766;1534;2232
26;840;3884;1688;2196
26;753;4146;1738;2408
26;666;4201;1741;2460
26;579;4314;1775;2539
26;492;4210;1749;2461
26;405;3925;1654;2271
26;318;3975;1705;2270
26;231;3902;1671;2231
26;144;4303;1823;2480
26;57;3986;1721;2265
26;1537;4307;1848;2459
26;1450;4490;1870;2620
26;1363;4493;1906;2587
26;1276;4241;1815;2426
26;1189;3940;1603;2337
26;1102;3891;1642;2249
26;1015;3702;1495;2207
26;928;3638;1550;2088
26;841;4083;1690;2393
26;754;4147;1705;2442
26;667;4226;1730;2496
26;580;4124;1694;2430
26;493;3857;1613;2244
26;406;3909;1662;2247
26;319;3818;1631;2187
26;232;4225;1770;2455
26;145;3885;1679;2206
26;58;4570;1854;2716
26;1538;4409;1816;2593
26;1451;4399;1852;2547
26;1364;4168;1770;2398
26;1277;3859;1564;2295
26;1190;3817;1607;2210
26;1103;3624;1453;2171
26;1016;3566;1512;2054
26;929;3771;1519;2252
26;842;4067;1657;2410
26;755;4142;1675;2467
26;668;4038;1639;2399
26;581;3788;1572;2216
26;494;3829;1619;2210
26;407;3721;1581;2140
26;320;4114;1707;2407
26;233;3799;1619;2180
26;146;4439;1795;2644
26;59;4803;2005;2798
26;1539;4324;1805;2519
26;1452;4074;1715;2359
26;1365;3771;1503;2268
26;1278;3767;1574;2193
26;1191;3554;1416;2138
26;1104;3516;1474;2042
26;1017;3707;1479;2228
26;930;3805;1498;2307
26;843;4068;1629;2439
26;756;3951;1588;2363
26;669;3715;1533;2182
26;582;3758;1569;2189
26;495;3648;1550;2098
26;408;3999;1651;2348
26;321;3724;1579;2145
26;234;4349;1748;2601
26;147;4667;1933;2734
26;60;4389;1800;2589
26;1540;4000;1677;2323
26;1453;3711;1470;2241
26;1366;3689;1526;2163
26;1279;3477;1368;2109
26;1192;3471;1442;2029
26;1105;3651;1431;2220
26;1018;3712;1449;2263
26;931;3843;1488;2355
26;844;3873;1538;2335
26;757;3646;1487;2159
26;670;3662;1517;2145
26;583;3562;1493;2069
26;496;3908;1601;2307
26;409;3650;1531;2119
26;322;4228;1683;2545
26;235;4578;1880;2698
26;148;4320;1771;2549
26;61;4118;1697;2421
26;1541;3648;1433;2215
26;1454;3623;1486;2137
26;1367;3435;1336;2099
26;1280;3427;1420;2007
26;1193;3595;1383;2212
26;1106;3644;1402;2242
26;1019;3767;1442;2325
26;932;3960;1585;2375
26;845;3556;1431;2125
26;758;3588;1464;2124
26;671;3485;1440;2045
26;584;3819;1545;2274
26;497;3557;1477;2080
26;410;4141;1637;2504
26;323;4454;1807;2647
26;236;4235;1713;2522
26;149;4064;1662;2402
26;62;3925;1623;2302
26;1542;3568;1447;2121
26;1455;3363;1289;2074
26;1368;3361;1374;1987
26;1281;3511;1335;2176
26;1194;3592;1367;2225
26;1107;3698;1398;2300
26;1020;3874;1524;2350
26;933;3464;1365;2099
26;846;3496;1403;2093
26;759;3400;1387;2013
26;672;3717;1481;2236
26;585;3473;1421;2052
26;498;4028;1569;2459
26;411;4343;1750;2593
26;324;4136;1663;2473
26;237;4013;1629;2384
26;150;3896;1599;2297
26;63;3860;1529;2331
26;1543;3299;1240;2059
26;1456;3310;1345;1965
26;1369;3433;1285;2148
26;1282;3521;1323;2198
26;1195;3641;1363;2278
26;1108;3798;1468;2330
26;1021;3381;1328;2053
26;934;3265;1239;2026
26;847;3321;1337;1984
26;760;3639;1431;2208
26;673;3414;1378;2036
26;586;3950;1518;2432
26;499;4213;1679;2534
26;412;4026;1602;2424
26;325;3935;1583;2352
26;238;3842;1561;2281
26;151;3806;1497;2309
26;64;3717;1455;2262
26;1544;3255;1316;1939
26;1457;3367;1246;2121
26;1370;3461;1286;2175
26;1283;3548;1303;2245
26;1196;3714;1417;2297
26;1109;3302;1271;2031
26;1022;3179;1186;1993
26;935;3157;1251;1906
26;848;3569;1391;2178
26;761;3335;1322;2013
26;674;3834;1453;2381
26;587;4083;1597;2486
26;500;3914;1529;2385
26;413;3824;1522;2302
26;326;3756;1504;2252
26;239;3758;1451;2307
26;152;3665;1426;2239
26;65;3547;1406;2141
26;1545;3312;1221;2091
26;1458;3388;1237;2151
26;1371;3441;1235;2206
26;1284;3628;1368;2260
26;1197;3206;1213;1993
26;1110;3104;1134;1970
26;1023;3081;1212;1869
26;936;3411;1314;2097
26;849;3259;1266;1993
26;762;3749;1405;2344
26;675;3980;1535;2445
26;588;3814;1469;2345
26;501;3736;1473;2263
26;414;3677;1457;2220
26;327;3684;1394;2290
26;240;3597;1381;2216
26;153;3501;1380;2121
26;66;3383;1311;2072
26;1546;3299;1185;2114
26;1459;3343;1170;2173
26;1372;3522;1305;2217
26;1285;3140;1175;1965
26;1198;3036;1090;1946
26;1111;3008;1167;1841
26;1024;3324;1257;2067
26;937;3053;1155;1898
26;850;3672;1357;2315
26;763;3889;1483;2406
26;676;3709;1400;2309
26;589;3645;1417;2228
26;502;3574;1406;2168
26;415;3598;1345;2253
26;328;3521;1326;2195
26;241;3456;1351;2105
26;154;3306;1266;2040
26;67;3285;1246;2039
26;1547;3263;1125;2138
26;1460;3434;1251;2183
26;1373;3062;1129;1933
26;1286;2974;1057;1917
26;1199;2939;1125;1814
26;1112;3216;1189;2027
26;1025;2985;1110;1875
26;938;3499;1245;2254
26;851;3810;1437;2373
26;764;3619;1348;2271
26;677;3544;1357;2187
26;590;3493;1350;2143
26;503;3500;1288;2212
26;416;3442;1280;2162
26;329;3384;1290;2094
26;242;3243;1226;2017
26;155;3227;1219;2008
26;68;3393;1330;2063
26;1548;3348;1196;2152
26;1461;2981;1083;1898
26;1374;2896;1001;1895
26;1287;2885;1097;1788
26;1200;3142;1138;2004
26;1113;2913;1076;1837
26;1026;3412;1195;2217
26;939;3723;1381;2342
26;852;3511;1281;2230
26;765;3470;1316;2154
26;678;3389;1292;2097
26;591;3392;1213;2179
26;504;3348;1229;2119
26;417;3294;1238;2056
26;330;3162;1161;2001
26;243;3172;1182;1990
26;156;3338;1304;2034
26;69;3345;1288;2057
26;1549;2908;1047;1861
26;1462;2830;959;1871
26;1375;2810;1039;1771
26;1288;3064;1094;1970
26;1201;2827;1026;1801
26;1114;3314;1138;2176
26;1027;3634;1320;2314
26;940;3502;1264;2238
26;853;3373;1261;2112
26;766;3321;1239;2082
26;679;3295;1168;2127
26;592;3281;1181;2100
26;505;3193;1184;2009
26;418;3069;1111;1958
26;331;3098;1135;1963
26;244;3264;1247;2017
26;157;3267;1244;2023
26;70;3098;1142;1956
26;1550;2764;930;1834
26;1463;2731;994;1737
26;1376;2974;1049;1925
26;1289;2718;960;1758
26;1202;3235;1093;2142
26;1115;3547;1268;2279
26;1028;3412;1208;2204
26;941;3291;1199;2092
26;854;3224;1181;2043
26;767;3193;1112;2081
26;680;3193;1122;2071
26;593;3101;1130;1971
26;506;2960;1059;1901
26;419;3007;1080;1927
26;332;3186;1202;1984
26;245;3202;1208;1994
26;158;3051;1123;1928
26;71;3114;1197;1917
26;1551;2647;949;1698
26;1464;2876;994;1882
26;1377;2634;917;1717
26;1290;3151;1053;2098
26;1203;3446;1220;2226
26;1116;3309;1134;2175
26;1029;3209;1153;2056
26;942;3180;1172;2008
26;855;3103;1066;2037
26;768;3104;1068;2036
26;681;3006;1078;1928
26;594;2878;1006;1872
26;507;2911;1033;1878
26;420;3085;1145;1940
26;333;3122;1152;1970
26;246;2952;1061;1891
26;159;3040;1159;1881
26;72;2976;1158;1818
26;1552;2766;929;1837
26;1465;2537;870;1667
26;1378;3049;990;2059
26;1291;3358;1172;2186
26;1204;3217;1085;2132
26;1117;3110;1100;2010
26;1030;3083;1121;1962
26;943;3107;1078;2029
26;856;3016;1022;1994
26;769;2924;1031;1893
26;682;2797;956;1841
26;595;2813;968;1845
26;508;2958;1084;1874
26;421;2998;1085;1913
26;334;2855;1003;1852
26;247;2964;1113;1851
26;160;2908;1117;1791
26;73;3004;1145;1859
26;1553;2460;824;1636
26;1466;2945;940;2005
26;1379;3255;1124;2131
26;1292;3110;1040;2070
26;1205;3011;1041;1970
26;1118;2988;1071;1917
26;1031;3003;1019;1984
26;944;2951;964;1987
26;857;2841;984;1857
26;770;2713;898;1815
26;683;2725;922;1803
26;596;2867;1035;1832
26;509;2873;1021;1852
26;422;2749;949;1800
26;335;2887;1067;1820
26;248;2809;1057;1752
26;161;2912;1100;1812
26;74;2697;1000;1697
26;1554;2865;899;1966
26;1467;3159;1069;2090
26;1380;3000;978;2022
26;1293;2934;999;1935
26;1206;2901;1024;1877
26;1119;2904;975;1929
26;1032;2884;926;1958
26;945;2825;963;1862
26;858;2613;847;1766
26;771;2618;856;1762
26;684;2789;989;1800
26;597;2741;955;1786
26;510;2652;895;1757
26;423;2777;1011;1766
26;336;2714;994;1720
26;249;2823;1040;1783
26;162;2619;964;1655
26;75;2455;684;1771
26;1555;3058;1024;2034
26;1468;2885;926;1959
26;1381;2829;942;1887
26;1294;2808;972;1836
26;1207;2799;928;1871
26;1120;2782;879;1903
26;1033;2707;895;1812
26;946;2618;839;1779
26;859;2528;799;1729
26;772;2710;936;1774
26;685;2638;898;1740
26;598;2539;830;1709
26;511;2653;949;1704
26;424;2600;933;1667
26;337;2723;977;1746
26;250;2491;892;1599
26;163;2384;649;1735
26;76;2250;631;1619
26;1556;2773;863;1910
26;1469;2745;898;1847
26;1382;2717;928;1789
26;1295;2719;892;1827
26;1208;2682;829;1853
26;1121;2609;853;1756
26;1034;2527;800;1727
26;947;2406;743;1663
26;860;2590;868;1722
26;773;2522;836;1686
26;686;2448;785;1663
26;599;2531;894;1637
26;512;2495;882;1613
26;425;2585;918;1667
26;338;2409;845;1564
26;251;2275;603;1672
26;164;2172;600;1572
26;77;2057;590;1467
26;1557;2631;832;1799
26;1470;2594;860;1734
26;1383;2620;841;1779
26;1296;2593;787;1806
26;1209;2488;794;1694
26;1122;2413;749;1664
26;1035;2297;690;1607
26;948;2531;835;1696
26;861;2398;787;1611
26;774;2322;725;1597
26;687;2413;831;1582
26;600;2383;829;1554
26;513;2447;858;1589
26;426;2302;792;1510
26;339;2168;553;1615
26;252;2099;558;1541
26;165;1978;556;1422
26;78;1888;559;1329
26;1558;2498;810;1688
26;1471;2507;781;1726
26;1384;2491;738;1753
26;1297;2364;745;1619
26;1210;2306;688;1618
26;1123;2195;646;1549
26;1036;2417;779;1638
26;949;2424;805;1619
26;862;2216;684;1532
26;775;2308;789;1519
26;688;2247;768;1479
26;601;2302;788;1514
26;514;2182;743;1439
26;427;2043;515;1528
26;340;2005;501;1504
26;253;1901;521;1380
26;166;1815;539;1276
26;79;1797;477;1320
26;1559;2386;730;1656
26;1472;2363;684;1679
26;1385;2234;680;1554
26;1298;2183;638;1545
26;1211;2102;610;1492
26;1124;2298;733;1565
26;1037;2289;741;1548
26;950;2225;697;1528
26;863;2171;711;1460
26;776;2127;720;1407
26;689;2154;715;1439
26;602;2052;689;1363
26;515;1935;484;1451
26;428;1899;467;1432
26;341;1798;467;1331
26;254;1715;489;1226
26;167;1720;445;1275
26;80;1438;398;1040
26;1560;2239;624;1615
26;1473;2119;627;1492
26;1386;2068;586;1482
26;1299;2007;567;1440
26;1212;2159;669;1490
26;1125;2147;681;1466
26;1038;2095;628;1467
26;951;2138;699;1439
26;864;2013;661;1352
26;777;2034;654;1380
26;690;1922;633;1289
26;603;1825;449;1376
26;516;1774;432;1342
26;429;1686;433;1253
26;342;1625;454;1171
26;255;1614;410;1204
26;168;1349;367;982
26;81;1225;327;898
26;1561;1976;568;1408
26;1474;1963;543;1420
26;1387;1856;507;1349
26;1300;2012;587;1425
26;1213;2020;629;1391
26;1126;1961;576;1385
26;1039;1995;638;1357
26;952;1950;622;1328
26;865;1911;602;1309
26;778;1786;579;1207
26;691;1724;403;1321
26;604;1637;389;1248
26;517;1562;396;1166
26;430;1490;412;1078
26;343;1523;384;1139
26;256;1265;339;926
26;169;1153;307;846
26;82;1037;274;763
26;1562;1856;506;1350
26;1475;1701;453;1248
26;1388;1869;532;1337
26;1301;1912;581;1331
26;1214;1818;516;1302
26;1127;1846;572;1274
26;1040;1820;575;1245
26;953;1819;563;1256
26;866;1655;528;1127
26;779;1609;364;1245
26;692;1512;359;1153
26;605;1445;358;1087
26;518;1368;365;1003
26;431;1396;338;1058
26;344;1188;310;878
26;257;1080;271;809
26;170;968;251;717
26;83;827;203;624
26;1563;1583;409;1174
26;1476;1748;481;1267
26;1389;1776;522;1254
26;1302;1682;464;1218
26;1215;1701;516;1185
26;1128;1667;512;1155
26;1041;1673;505;1168
26;954;1583;480;1103
26;867;1479;315;1164
26;780;1383;317;1066
26;693;1325;329;996
26;606;1254;333;921
26;519;1282;299;983
26;432;1085;282;803
26;345;1021;257;764
26;258;896;222;674
26;171;775;188;587
26;84;621;164;457
26;1564;1594;426;1168
26;1477;1605;459;1146
26;1390;1539;416;1123
26;1303;1575;468;1107
26;1216;1524;450;1074
26;1129;1528;457;1071
26;1042;1430;421;1009
26;955;1412;313;1099
26;868;1262;280;982
26;781;1216;293;923
26;694;1155;303;852
26;607;1161;261;900
26;520;1002;251;751
26;433;927;228;699
26;346;833;198;635
26;259;699;155;544
26;172;592;153;439
26;85;729;197;532
26;1565;7908;1907;6001
26;1478;7764;1875;5889
26;1391;7517;1861;5656
26;1304;7264;1771;5493
26;1217;6925;1646;5279
26;1130;6511;1482;5029
26;1043;6173;1341;4832
26;956;5735;1265;4470
26;869;5445;1188;4257
26;782;5160;1144;4016
26;695;4888;1098;3790
26;608;4469;1036;3433
26;521;4276;990;3286
26;434;4124;979;3145
26;347;4034;992;3042
26;260;4037;1031;3006
26;173;4178;1082;3096
26;86;4165;1032;3133
26;1566;288363;126411;161952
26;1479;292691;128121;164570
26;1392;297846;130501;167345
26;1305;301357;132380;168977
26;1218;304012;133711;170301
26;1131;306888;135230;171658
26;1044;310773;137178;173595
26;957;317319;140490;176829
26;870;329542;146395;183147
26;783;335393;149678;185715
26;696;339535;151817;187718
26;609;343932;154026;189906
26;522;348506;156414;192092
26;435;356954;160453;196501
26;348;363952;163690;200262
26;261;370242;166796;203446
26;174;374176;168782;205394
26;87;379706;171498;208208
27;1480;973;498;475
27;1393;1008;524;484
27;1306;1054;535;519
27;1219;918;453;465
27;1132;933;480;453
27;1045;924;476;448
27;958;908;487;421
27;871;1113;592;521
27;784;946;494;452
27;697;858;420;438
27;610;815;430;385
27;523;778;396;382
27;436;749;391;358
27;349;716;365;351
27;262;822;420;402
27;175;773;406;367
27;88;759;403;356
27;1;792;401;391
27;1481;1015;530;485
27;1394;1041;525;516
27;1307;893;445;448
27;1220;923;485;438
27;1133;912;472;440
27;1046;893;487;406
27;959;1105;591;514
27;872;1134;579;555
27;785;895;436;459
27;698;830;435;395
27;611;787;399;388
27;524;756;395;361
27;437;709;364;345
27;350;828;426;402
27;263;807;419;388
27;176;783;420;363
27;89;794;399;395
27;2;856;456;400
27;1482;1022;525;497
27;1395;945;491;454
27;1308;911;466;445
27;1221;867;449;418
27;1134;841;461;380
27;1047;1045;546;499
27;960;1137;578;559
27;873;1028;517;511
27;786;853;445;408
27;699;815;420;395
27;612;767;402;365
27;525;702;360;342
27;438;820;423;397
27;351;804;416;388
27;264;820;444;376
27;177;809;407;402
27;90;870;467;403
27;3;904;443;461
27;1483;969;498;471
27;1396;968;496;472
27;1309;872;451;421
27;1222;859;469;390
27;1135;1030;530;500
27;1048;1102;559;543
27;961;1030;537;493
27;874;938;498;440
27;787;834;426;408
27;700;795;414;381
27;613;722;368;354
27;526;825;428;397
27;439;803;415;388
27;352;812;438;374
27;265;846;426;420
27;178;885;473;412
27;91;920;453;467
27;4;919;456;463
27;1484;1017;520;497
27;1397;927;474;453
27;1310;864;468;396
27;1223;1066;548;518
27;1136;1100;557;543
27;1049;1038;542;496
27;962;941;500;441
27;875;868;448;420
27;788;806;414;392
27;701;755;387;368
27;614;832;433;399
27;527;807;418;389
27;440;807;433;374
27;353;849;431;418
27;266;920;487;433
27;179;943;470;473
27;92;920;462;458
27;5;1037;529;508
27;1485;959;502;457
27;1398;892;484;408
27;1311;1095;566;529
27;1224;1118;565;553
27;1137;1043;547;496
27;1050;929;494;435
27;963;889;469;420
27;876;902;439;463
27;789;785;401;384
27;702;848;444;404
27;615;813;419;394
27;528;806;432;374
27;441;846;427;419
27;354;930;489;441
27;267;981;486;495
27;180;944;476;468
27;93;1040;535;505
27;6;1048;536;512
27;1486;955;513;442
27;1399;1146;597;549
27;1312;1165;589;576
27;1225;1064;550;514
27;1138;945;503;442
27;1051;895;471;424
27;964;905;438;467
27;877;819;412;407
27;790;885;460;425
27;703;854;438;416
27;616;819;446;373
27;529;855;432;423
27;442;929;491;438
27;355;996;493;503
27;268;981;495;486
27;181;1057;538;519
27;94;1059;543;516
27;7;1041;532;509
27;1487;1181;612;569
27;1400;1222;625;597
27;1313;1102;573;529
27;1226;984;522;462
27;1139;923;491;432
27;1052;922;451;471
27;965;819;415;404
27;878;912;469;443
27;791;892;460;432
27;704;851;462;389
27;617;870;446;424
27;530;956;502;454
27;443;1007;501;506
27;356;991;502;489
27;269;1092;562;530
27;182;1080;556;524
27;95;1051;537;514
27;8;1109;582;527
27;1488;1258;636;622
27;1401;1135;588;547
27;1314;1006;526;480
27;1227;940;502;438
27;1140;943;462;481
27;1053;827;414;413
27;966;922;469;453
27;879;903;454;449
27;792;854;469;385
27;705;899;459;440
27;618;968;513;455
27;531;1007;501;506
27;444;1001;506;495
27;357;1090;561;529
27;270;1112;568;544
27;183;1068;539;529
27;96;1127;590;537
27;9;1323;677;646
27;1489;1148;599;549
27;1402;1032;535;497
27;1315;955;514;441
27;1228;948;470;478
27;1141;828;415;413
27;1054;924;472;452
27;967;918;456;462
27;880;855;483;372
27;793;917;469;448
27;706;1010;526;484
27;619;1025;514;511
27;532;1013;511;502
27;445;1092;564;528
27;358;1113;568;545
27;271;1100;558;542
27;184;1153;605;548
27;97;1333;678;655
27;10;1277;695;582
27;1490;1052;541;511
27;1403;964;525;439
27;1316;956;474;482
27;1229;846;429;417
27;1142;941;488;453
27;1055;921;465;456
27;968;870;488;382
27;881;941;469;472
27;794;1038;541;497
27;707;1059;536;523
27;620;1036;522;514
27;533;1106;572;534
27;446;1127;572;555
27;359;1123;567;556
27;272;1187;621;566
27;185;1349;692;657
27;98;1294;704;590
27;11;1409;736;673
27;1491;988;532;456
27;1404;983;489;494
27;1317;862;445;417
27;1230;962;500;462
27;1143;948;480;468
27;1056;888;503;385
27;969;948;478;470
27;882;1045;551;494
27;795;1084;548;536
27;708;1068;544;524
27;621;1115;578;537
27;534;1140;581;559
27;447;1127;573;554
27;360;1175;612;563
27;273;1383;717;666
27;186;1305;710;595
27;99;1406;738;668
27;12;1258;633;625
27;1492;994;494;500
27;1405;862;443;419
27;1318;974;504;470
27;1231;956;480;476
27;1144;899;512;387
27;1057;957;484;473
27;970;1050;552;498
27;883;1053;514;539
27;796;1080;558;522
27;709;1167;603;564
27;622;1148;583;565
27;535;1140;577;563
27;448;1189;618;571
27;361;1389;729;660
27;274;1334;717;617
27;187;1418;745;673
27;100;1254;631;623
27;13;1290;682;608
27;1493;868;449;419
27;1406;983;512;471
27;1319;969;490;479
27;1232;909;516;393
27;1145;961;487;474
27;1058;1052;551;501
27;971;1074;522;552
27;884;1045;531;514
27;797;1189;617;572
27;710;1184;608;576
27;623;1163;592;571
27;536;1195;622;573
27;449;1380;728;652
27;362;1332;722;610
27;275;1448;762;686
27;188;1262;641;621
27;101;1298;689;609
27;14;1309;647;662
27;1494;998;522;476
27;1407;989;497;492
27;1320;916;516;400
27;1233;959;491;468
27;1146;1050;552;498
27;1059;1080;526;554
27;972;1049;532;517
27;885;1178;604;574
27;798;1190;613;577
27;711;1197;604;593
27;624;1216;634;582
27;537;1388;733;655
27;450;1336;724;612
27;363;1445;754;691
27;276;1281;653;628
27;189;1310;685;625
27;102;1314;647;667
27;15;1467;771;696
27;1495;988;497;491
27;1408;916;510;406
27;1321;962;497;465
27;1234;1076;571;505
27;1147;1063;520;543
27;1060;1055;531;524
27;973;1198;613;585
27;886;1141;596;545
27;799;1206;609;597
27;712;1235;640;595
27;625;1394;740;654
27;538;1349;738;611
27;451;1433;751;682
27;364;1286;651;635
27;277;1325;692;633
27;190;1316;646;670
27;103;1473;772;701
27;16;1418;691;727
27;1496;926;516;410
27;1409;970;501;469
27;1322;1078;571;507
27;1235;1071;519;552
27;1148;1075;539;536
27;1061;1204;614;590
27;974;1139;592;547
27;887;1167;601;566
27;800;1239;641;598
27;713;1419;753;666
27;626;1362;748;614
27;539;1442;755;687
27;452;1260;642;618
27;365;1308;682;626
27;278;1312;644;668
27;191;1469;769;700
27;104;1419;687;732
27;17;1333;686;647
27;1497;988;506;482
27;1410;1087;575;512
27;1323;1082;527;555
27;1236;1072;542;530
27;1149;1207;610;597
27;1062;1138;596;542
27;975;1174;605;569
27;888;1204;617;587
27;801;1437;764;673
27;714;1386;761;625
27;627;1445;762;683
27;540;1251;637;614
27;453;1292;673;619
27;366;1293;641;652
27;279;1454;766;688
27;192;1396;671;725
27;105;1325;681;644
27;18;1229;646;583
27;1498;1090;575;515
27;1411;1078;525;553
27;1324;1077;544;533
27;1237;1215;606;609
27;1150;1128;594;534
27;1063;1165;601;564
27;976;1196;614;582
27;889;1402;740;662
27;802;1391;758;633
27;715;1468;778;690
27;628;1252;639;613
27;541;1289;672;617
27;454;1265;628;637
27;367;1437;755;682
27;280;1379;667;712
27;193;1316;681;635
27;106;1221;643;578
27;19;1315;670;645
27;1499;1052;514;538
27;1412;1083;547;536
27;1325;1203;609;594
27;1238;1113;588;525
27;1151;1142;588;554
27;1064;1165;608;557
27;977;1352;718;634
27;890;1328;726;602
27;803;1458;765;693
27;716;1253;636;617
27;629;1278;670;608
27;542;1253;626;627
27;455;1395;729;666
27;368;1368;656;712
27;281;1304;674;630
27;194;1230;650;580
27;107;1302;659;643
27;20;1379;675;704
27;1500;1072;533;539
27;1413;1184;598;586
27;1326;1109;583;526
27;1239;1144;594;550
27;1152;1159;608;551
27;1065;1337;720;617
27;978;1312;721;591
27;891;1406;763;643
27;804;1243;630;613
27;717;1280;670;610
27;630;1239;623;616
27;543;1378;718;660
27;456;1316;630;686
27;369;1292;663;629
27;282;1236;651;585
27;195;1288;651;637
27;108;1380;673;707
27;21;1406;676;730
27;1501;1161;586;575
27;1414;1106;587;519
27;1327;1143;589;554
27;1240;1165;606;559
27;1153;1327;715;612
27;1066;1302;707;595
27;979;1379;752;627
27;892;1242;613;629
27;805;1277;667;610
27;718;1258;631;627
27;631;1357;703;654
27;544;1279;610;669
27;457;1237;638;599
27;370;1218;645;573
27;283;1275;649;626
27;196;1355;664;691
27;109;1371;660;711
27;22;1318;665;653
27;1502;1092;588;504
27;1415;1131;582;549
27;1328;1162;604;558
27;1241;1338;719;619
27;1154;1290;704;586
27;1067;1368;747;621
27;980;1208;601;607
27;893;1193;626;567
27;806;1254;626;628
27;719;1356;707;649
27;632;1270;612;658
27;545;1218;620;598
27;458;1187;635;552
27;371;1243;631;612
27;284;1346;662;684
27;197;1340;653;687
27;110;1290;649;641
27;23;1184;569;615
27;1503;1076;549;527
27;1416;1159;599;560
27;1329;1315;704;611
27;1242;1261;685;576
27;1155;1338;732;606
27;1068;1195;602;593
27;981;1159;603;556
27;894;1176;589;587
27;807;1337;694;643
27;720;1274;616;658
27;633;1211;620;591
27;546;1160;609;551
27;459;1212;618;594
27;372;1317;650;667
27;285;1295;644;651
27;198;1262;634;628
27;111;1151;553;598
27;24;1135;542;593
27;1504;1153;596;557
27;1417;1298;690;608
27;1330;1243;682;561
27;1243;1354;728;626
27;1156;1188;596;592
27;1069;1145;591;554
27;982;1155;583;572
27;895;1270;668;602
27;808;1285;616;669
27;721;1223;626;597
27;634;1153;603;550
27;547;1187;595;592
27;460;1282;631;651
27;373;1256;632;624
27;286;1225;621;604
27;199;1108;537;571
27;112;1120;539;581
27;25;993;488;505
27;1505;1297;675;622
27;1418;1272;692;580
27;1331;1359;725;634
27;1244;1223;612;611
27;1157;1171;613;558
27;1070;1172;588;584
27;983;1239;650;589
27;896;1210;558;652
27;809;1239;627;612
27;722;1185;618;567
27;635;1189;594;595
27;548;1265;622;643
27;461;1214;612;602
27;374;1152;604;548
27;287;1077;523;554
27;200;1094;526;568
27;113;976;484;492
27;26;1010;509;501
27;1506;1314;703;611
27;1419;1388;735;653
27;1332;1249;622;627
27;1245;1195;629;566
27;1158;1188;589;599
27;1071;1243;649;594
27;984;1159;543;616
27;897;1166;597;569
27;810;1217;627;590
27;723;1220;609;611
27;636;1264;614;650
27;549;1213;610;603
27;462;1127;590;537
27;375;1062;520;542
27;288;1075;513;562
27;201;966;484;482
27;114;1003;496;507
27;27;991;472;519
27;1507;1429;763;666
27;1420;1288;637;651
27;1333;1247;651;596
27;1246;1199;584;615
27;1159;1253;650;603
27;1072;1132;537;595
27;985;1135;578;557
27;898;1155;593;562
27;811;1258;628;630
27;724;1291;638;653
27;637;1212;601;611
27;550;1122;588;534
27;463;1043;506;537
27;376;1049;503;546
27;289;943;472;471
27;202;989;486;503
27;115;992;474;518
27;28;1016;513;503
27;1508;1345;675;670
27;1421;1301;671;630
27;1334;1252;619;633
27;1247;1333;693;640
27;1160;1171;561;610
27;1073;1149;582;567
27;986;1162;603;559
27;899;1085;538;547
27;812;1318;660;658
27;725;1256;611;645
27;638;1135;588;547
27;551;1042;503;539
27;464;1053;505;548
27;377;947;473;474
27;290;994;477;517
27;203;1012;482;530
27;116;1008;502;506
27;29;1125;537;588
27;1509;1376;713;663
27;1422;1286;633;653
27;1335;1370;709;661
27;1248;1232;590;642
27;1161;1182;600;582
27;1074;1184;623;561
27;987;1084;545;539
27;900;1169;575;594
27;813;1280;626;654
27;726;1182;608;574
27;639;1047;515;532
27;552;1059;501;558
27;465;975;495;480
27;378;1037;506;531
27;291;1030;490;540
27;204;1007;499;508
27;117;1115;530;585
27;30;1118;550;568
27;1510;1354;683;671
27;1423;1408;730;678
27;1336;1286;623;663
27;1249;1244;652;592
27;1162;1209;632;577
27;1075;1093;557;536
27;988;1182;578;604
27;901;1139;567;572
27;814;1221;619;602
27;727;1113;550;563
27;640;1102;524;578
27;553;976;496;480
27;466;1050;514;536
27;379;1020;491;529
27;292;999;495;504
27;205;1130;533;597
27;118;1118;553;565
27;31;1150;556;594
27;1511;1505;802;703
27;1424;1336;659;677
27;1337;1289;682;607
27;1250;1250;663;587
27;1163;1103;573;530
27;1076;1193;591;602
27;989;1138;570;568
27;902;1141;584;557
27;815;1154;568;586
27;728;1134;545;589
27;641;1009;507;502
27;554;1048;514;534
27;467;1023;494;529
27;380;1006;504;502
27;293;1138;538;600
27;206;1099;542;557
27;119;1136;552;584
27;32;1162;586;576
27;1512;1400;703;697
27;1425;1327;701;626
27;1338;1247;659;588
27;1251;1131;598;533
27;1164;1213;609;604
27;1077;1164;587;577
27;990;1138;577;561
27;903;1104;539;565
27;816;1147;552;595
27;729;1056;540;516
27;642;1063;521;542
27;555;1041;503;538
27;468;1013;497;516
27;381;1139;534;605
27;294;1112;555;557
27;207;1151;563;588
27;120;1163;587;576
27;33;1194;538;656
27;1513;1369;739;630
27;1426;1311;691;620
27;1339;1155;620;535
27;1252;1250;636;614
27;1165;1189;609;580
27;1078;1148;572;576
27;991;1122;547;575
27;904;1141;546;595
27;817;1104;565;539
27;730;1116;545;571
27;643;1059;502;557
27;556;1016;493;523
27;469;1133;539;594
27;382;1141;569;572
27;295;1155;558;597
27;208;1168;586;582
27;121;1181;527;654
27;34;1234;594;640
27;1514;1355;717;638
27;1427;1193;648;545
27;1340;1281;650;631
27;1253;1222;630;592
27;1166;1178;594;584
27;1079;1133;552;581
27;992;1161;550;611
27;905;1143;569;574
27;818;1151;570;581
27;731;1112;521;591
27;644;1052;511;541
27;557;1145;549;596
27;470;1128;563;565
27;383;1183;572;611
27;296;1190;598;592
27;209;1176;521;655
27;122;1226;589;637
27;35;1180;589;591
27;1515;1234;671;563
27;1428;1327;663;664
27;1341;1267;643;624
27;1254;1221;626;595
27;1167;1159;568;591
27;1080;1184;561;623
27;993;1160;571;589
27;906;1170;576;594
27;819;1135;535;600
27;732;1089;525;564
27;645;1162;553;609
27;558;1132;566;566
27;471;1172;569;603
27;384;1199;600;599
27;297;1193;535;658
27;210;1217;583;634
27;123;1172;583;589
27;36;1170;567;603
27;1516;1378;687;691
27;1429;1310;669;641
27;1342;1261;659;602
27;1255;1174;587;587
27;1168;1196;579;617
27;1081;1173;577;596
27;994;1184;583;601
27;907;1186;586;600
27;820;1114;540;574
27;733;1209;581;628
27;646;1141;569;572
27;559;1181;578;603
27;472;1210;610;600
27;385;1208;543;665
27;298;1235;592;643
27;211;1173;584;589
27;124;1172;571;601
27;37;1194;593;601
27;1517;1365;706;659
27;1430;1288;676;612
27;1343;1196;599;597
27;1256;1212;590;622
27;1169;1189;574;615
27;1082;1211;603;608
27;995;1203;593;610
27;908;1204;577;627
27;821;1201;576;625
27;734;1173;591;582
27;647;1190;582;608
27;560;1223;613;610
27;473;1211;545;666
27;386;1269;610;659
27;299;1174;584;590
27;212;1172;565;607
27;125;1193;583;610
27;38;1260;634;626
27;1518;1339;712;627
27;1431;1232;605;627
27;1344;1239;600;639
27;1257;1204;584;620
27;1170;1251;629;622
27;1083;1215;600;615
27;996;1206;577;629
27;909;1262;619;643
27;822;1207;605;602
27;735;1226;617;609
27;648;1240;635;605
27;561;1214;551;663
27;474;1262;597;665
27;387;1178;583;595
27;300;1173;575;598
27;213;1199;583;616
27;126;1254;626;628
27;39;1365;633;732
27;1519;1288;641;647
27;1432;1280;628;652
27;1345;1212;593;619
27;1258;1270;635;635
27;1171;1229;615;614
27;1084;1229;590;639
27;997;1253;612;641
27;910;1231;608;623
27;823;1250;624;626
27;736;1277;658;619
27;649;1208;540;668
27;562;1275;605;670
27;475;1178;588;590
27;388;1182;591;591
27;301;1201;583;618
27;214;1276;641;635
27;127;1370;641;729
27;40;1402;659;743
27;1520;1303;645;658
27;1433;1252;612;640
27;1346;1282;645;637
27;1259;1242;626;616
27;1172;1236;592;644
27;1085;1244;607;637
27;998;1251;625;626
27;911;1252;609;643
27;824;1280;654;626
27;737;1251;561;690
27;650;1286;609;677
27;563;1187;594;593
27;476;1166;586;580
27;389;1207;590;617
27;302;1285;646;639
27;215;1372;641;731
27;128;1403;661;742
27;41;1401;685;716
27;1521;1281;619;662
27;1434;1300;659;641
27;1347;1261;632;629
27;1260;1261;601;660
27;1173;1251;613;638
27;1086;1263;629;634
27;999;1261;611;650
27;912;1230;617;613
27;825;1266;569;697
27;738;1305;625;680
27;651;1201;601;600
27;564;1161;584;577
27;477;1206;591;615
27;390;1301;650;651
27;303;1384;654;730
27;216;1396;652;744
27;129;1404;688;716
27;42;1335;682;653
27;1522;1335;678;657
27;1435;1279;644;635
27;1348;1297;619;678
27;1261;1278;624;654
27;1174;1278;633;645
27;1087;1273;620;653
27;1000;1248;628;620
27;913;1292;601;691
27;826;1303;622;681
27;739;1232;620;612
27;652;1179;600;579
27;565;1216;594;622
27;478;1302;652;650
27;391;1379;648;731
27;304;1400;649;751
27;217;1420;697;723
27;130;1331;681;650
27;43;1355;642;713
27;1523;1297;667;630
27;1436;1323;638;685
27;1349;1286;635;651
27;1262;1298;649;649
27;1175;1288;626;662
27;1088;1253;633;620
27;1001;1299;605;694
27;914;1309;633;676
27;827;1241;627;614
27;740;1211;617;594
27;653;1222;597;625
27;566;1300;648;652
27;479;1367;636;731
27;392;1405;650;755
27;305;1442;710;732
27;218;1350;689;661
27;131;1367;651;716
27;44;1271;637;634
27;1524;1340;646;694
27;1437;1301;642;659
27;1350;1313;660;653
27;1263;1319;646;673
27;1176;1264;642;622
27;1089;1309;607;702
27;1002;1298;627;671
27;915;1240;601;639
27;828;1213;618;595
27;741;1250;622;628
27;654;1292;639;653
27;567;1362;629;733
27;480;1415;656;759
27;393;1447;712;735
27;306;1353;692;661
27;219;1374;657;717
27;132;1275;637;638
27;45;1089;541;548
27;1525;1307;647;660
27;1438;1327;668;659
27;1351;1313;647;666
27;1264;1283;656;627
27;1177;1309;595;714
27;1090;1284;619;665
27;1003;1240;605;635
27;916;1246;639;607
27;829;1248;618;630
27;742;1318;653;665
27;655;1341;620;721
27;568;1419;666;753
27;481;1477;730;747
27;394;1348;689;659
27;307;1392;665;727
27;220;1276;636;640
27;133;1084;537;547
27;46;1103;546;557
27;1526;1324;666;658
27;1439;1331;659;672
27;1352;1295;656;639
27;1265;1316;600;716
27;1178;1283;619;664
27;1091;1228;597;631
27;1004;1239;639;600
27;917;1236;615;621
27;830;1319;657;662
27;743;1360;631;729
27;656;1420;667;753
27;569;1480;733;747
27;482;1341;681;660
27;395;1391;664;727
27;308;1278;631;647
27;221;1094;541;553
27;134;1098;545;553
27;47;989;484;505
27;1527;1324;661;663
27;1440;1295;653;642
27;1353;1333;611;722
27;1266;1310;640;670
27;1179;1229;596;633
27;1092;1240;631;609
27;1005;1230;608;622
27;918;1362;690;672
27;831;1371;630;741
27;744;1431;676;755
27;657;1477;727;750
27;570;1341;682;659
27;483;1388;660;728
27;396;1267;625;642
27;309;1102;545;557
27;222;1101;545;556
27;135;990;481;509
27;48;960;470;490
27;1528;1312;662;650
27;1441;1330;610;720
27;1354;1317;642;675
27;1267;1234;598;636
27;1180;1222;618;604
27;1093;1229;606;623
27;1006;1367;690;677
27;919;1352;635;717
27;832;1439;680;759
27;745;1494;736;758
27;658;1350;683;667
27;571;1406;670;736
27;484;1267;625;642
27;397;1091;537;554
27;310;1118;558;560
27;223;984;478;506
27;136;947;459;488
27;49;961;463;498
27;1529;1335;610;725
27;1442;1351;656;695
27;1355;1237;595;642
27;1268;1214;613;601
27;1181;1237;610;627
27;1094;1368;692;676
27;1007;1346;622;724
27;920;1429;663;766
27;833;1498;738;760
27;746;1367;687;680
27;659;1422;677;745
27;572;1275;629;646
27;485;1080;530;550
27;398;1108;550;558
27;311;1003;483;520
27;224;950;460;490
27;137;961;464;497
27;50;937;434;503
27;1530;1362;659;703
27;1443;1247;601;646
27;1356;1228;625;603
27;1269;1242;613;629
27;1182;1371;689;682
27;1095;1344;619;725
27;1008;1407;649;758
27;921;1382;672;710
27;834;1374;679;695
27;747;1447;684;763
27;660;1268;624;644
27;573;1079;531;548
27;486;1104;546;558
27;399;1012;498;514
27;312;960;469;491
27;225;957;459;498
27;138;930;427;503
27;51;974;481;493
27;1531;1254;613;641
27;1444;1236;628;608
27;1357;1237;609;628
27;1270;1389;695;694
27;1183;1352;622;730
27;1096;1411;649;762
27;1009;1376;671;705
27;922;1326;655;671
27;835;1459;689;770
27;748;1270;623;647
27;661;1076;529;547
27;574;1107;545;562
27;487;1017;511;506
27;400;963;472;491
27;313;955;458;497
27;226;935;426;509
27;139;966;479;487
27;52;875;399;476
27;1532;1237;624;613
27;1445;1260;618;642
27;1358;1383;689;694
27;1271;1369;633;736
27;1184;1411;644;767
27;1097;1354;657;697
27;1010;1330;662;668
27;923;1377;648;729
27;836;1278;628;650
27;749;1082;529;553
27;662;1111;546;565
27;575;1022;519;503
27;488;961;458;503
27;401;960;456;504
27;314;923;415;508
27;227;967;475;492
27;140;883;407;476
27;53;829;388;441
27;1533;1275;622;653
27;1446;1379;675;704
27;1359;1386;639;747
27;1272;1424;647;777
27;1185;1356;661;695
27;1098;1331;665;666
27;1011;1373;641;732
27;924;1232;593;639
27;837;1083;528;555
27;750;1106;546;560
27;663;1016;510;506
27;576;949;450;499
27;489;964;456;508
27;402;925;419;506
27;315;973;475;498
27;228;902;419;483
27;141;832;392;440
27;54;745;352;393
27;1534;1400;682;718
27;1447;1386;644;742
27;1360;1424;643;781
27;1273;1359;658;701
27;1186;1326;664;662
27;1099;1364;632;732
27;1012;1228;588;640
27;925;1049;510;539
27;838;1107;543;564
27;751;1017;508;509
27;664;946;445;501
27;577;956;455;501
27;490;915;410;505
27;403;967;469;498
27;316;922;424;498
27;229;834;388;446
27;142;753;359;394
27;55;677;311;366
27;1535;1382;640;742
27;1448;1434;643;791
27;1361;1368;665;703
27;1274;1325;664;661
27;1187;1370;628;742
27;1100;1220;578;642
27;1013;1031;496;535
27;926;1053;515;538
27;839;1029;511;518
27;752;953;451;502
27;665;950;450;500
27;578;913;411;502
27;491;972;474;498
27;404;927;427;500
27;317;840;388;452
27;230;755;358;397
27;143;669;305;364
27;56;859;402;457
27;1536;1438;649;789
27;1449;1376;660;716
27;1362;1319;659;660
27;1275;1385;633;752
27;1188;1200;559;641
27;1101;1026;492;534
27;1014;1041;515;526
27;927;993;492;501
27;840;948;439;509
27;753;954;446;508
27;666;913;407;506
27;579;965;467;498
27;492;934;429;505
27;405;840;384;456
27;318;761;358;403
27;231;671;304;367
27;144;852;397;455
27;57;762;350;412
27;1537;1371;663;708
27;1450;1329;665;664
27;1363;1372;621;751
27;1276;1188;543;645
27;1189;1031;496;535
27;1102;1032;511;521
27;1015;976;483;493
27;928;904;440;464
27;841;948;436;512
27;754;915;407;508
27;667;959;463;496
27;580;924;426;498
27;493;835;380;455
27;406;762;363;399
27;319;684;305;379
27;232;848;398;450
27;145;760;351;409
27;58;861;415;446
27;1538;1337;669;668
27;1451;1381;618;763
27;1364;1187;540;647
27;1277;1025;489;536
27;1190;1041;509;532
27;1103;984;492;492
27;1016;901;436;465
27;929;931;427;504
27;842;916;409;507
27;755;956;460;496
27;668;920;422;498
27;581;831;372;459
27;494;773;366;407
27;407;676;299;377
27;320;859;400;459
27;233;763;347;416
27;146;848;408;440
27;59;966;425;541
27;1539;1387;621;766
27;1452;1191;538;653
27;1365;1026;488;538
27;1278;1032;506;526
27;1191;1000;503;497
27;1104;904;437;467
27;1017;910;414;496
27;930;929;420;509
27;843;950;458;492
27;756;929;422;507
27;669;825;367;458
27;582;764;358;406
27;495;676;301;375
27;408;868;399;469
27;321;757;337;420
27;234;850;407;443
27;147;954;423;531
27;60;917;408;509
27;1540;1209;542;667
27;1453;1021;477;544
27;1366;1027;497;530
27;1279;995;500;495
27;1192;911;441;470
27;1105;908;405;503
27;1018;934;418;516
27;931;942;451;491
27;844;917;417;500
27;757;813;357;456
27;670;763;353;410
27;583;678;299;379
27;496;863;394;469
27;409;754;340;414
27;322;855;403;452
27;235;945;413;532
27;148;924;409;515
27;61;807;369;438
27;1541;1016;467;549
27;1454;1023;493;530
27;1367;996;496;500
27;1280;909;440;469
27;1193;907;406;501
27;1106;919;406;513
27;1019;934;445;489
27;932;870;396;474
27;845;813;359;454
27;758;756;345;411
27;671;669;295;374
27;584;858;388;470
27;497;748;335;413
27;410;852;393;459
27;323;957;413;544
27;236;913;404;509
27;149;809;367;442
27;62;811;350;461
27;1542;1032;493;539
27;1455;992;493;499
27;1368;909;435;474
27;1281;904;403;501
27;1194;920;404;516
27;1107;915;432;483
27;1020;864;392;472
27;933;770;323;447
27;846;751;341;410
27;759;671;294;377
27;672;867;389;478
27;585;739;328;411
27;498;852;395;457
27;411;935;393;542
27;324;908;395;513
27;237;808;372;436
27;150;817;349;468
27;63;776;346;430
27;1543;994;494;500
27;1456;892;428;464
27;1369;904;410;494
27;1282;912;396;516
27;1195;901;417;484
27;1108;852;386;466
27;1021;770;311;459
27;934;710;321;389
27;847;672;293;379
27;760;857;381;476
27;673;732;319;413
27;586;837;385;452
27;499;943;397;546
27;412;899;388;511
27;325;820;374;446
27;238;802;341;461
27;151;787;348;439
27;64;729;326;403
27;1544;894;424;470
27;1457;889;402;487
27;1370;907;395;512
27;1283;911;417;494
27;1196;853;386;467
27;1109;768;310;458
27;1022;705;314;391
27;935;640;270;370
27;848;844;375;469
27;761;713;303;410
27;674;827;372;455
27;587;937;396;541
27;500;887;382;505
27;413;821;376;445
27;326;805;340;465
27;239;769;337;432
27;152;738;330;408
27;65;684;294;390
27;1545;889;393;496
27;1458;899;392;507
27;1371;913;415;498
27;1284;860;387;473
27;1197;765;309;456
27;1110;701;308;393
27;1023;633;261;372
27;936;780;340;440
27;849;700;293;407
27;762;826;369;457
27;675;932;393;539
27;588;873;375;498
27;501;815;371;444
27;414;795;336;459
27;327;788;346;442
27;240;736;322;414
27;153;684;298;386
27;66;776;316;460
27;1546;890;385;505
27;1459;911;416;495
27;1372;855;380;475
27;1285;770;311;459
27;1198;693;305;388
27;1111;627;252;375
27;1024;776;334;442
27;937;644;271;373
27;850;822;359;463
27;763;937;383;554
27;676;853;362;491
27;589;799;361;438
27;502;791;329;462
27;415;781;340;441
27;328;729;314;415
27;241;682;300;382
27;154;772;311;461
27;67;702;302;400
27;1547;906;407;499
27;1460;847;375;472
27;1373;757;299;458
27;1286;691;299;392
27;1199;622;249;373
27;1112;765;329;436
27;1025;635;267;368
27;938;811;362;449
27;851;933;376;557
27;764;838;352;486
27;677;787;348;439
27;590;780;322;458
27;503;769;333;436
27;416;712;308;404
27;329;669;293;376
27;242;785;317;468
27;155;696;298;398
27;68;748;281;467
27;1548;830;362;468
27;1461;741;291;450
27;1374;679;287;392
27;1287;617;242;375
27;1200;747;316;431
27;1113;618;257;361
27;1026;794;350;444
27;939;867;342;525
27;852;824;340;484
27;765;780;340;440
27;678;772;311;461
27;591;759;327;432
27;504;701;295;406
27;417;658;284;374
27;330;778;312;466
27;243;691;291;400
27;156;740;276;464
27;69;723;300;423
27;1549;728;282;446
27;1462;673;286;387
27;1375;606;235;371
27;1288;739;312;427
27;1201;603;246;357
27;1114;772;336;436
27;1027;843;326;517
27;940;768;309;459
27;853;771;333;438
27;766;764;311;453
27;679;746;315;431
27;592;681;282;399
27;505;647;275;372
27;418;757;297;460
27;331;690;293;397
27;244;726;263;463
27;157;720;299;421
27;70;757;288;469
27;1550;656;274;382
27;1463;605;230;375
27;1376;724;295;429
27;1289;595;245;350
27;1202;767;329;438
27;1115;826;315;511
27;1028;754;298;456
27;941;728;298;430
27;854;749;304;445
27;767;738;311;427
27;680;676;278;398
27;593;640;272;368
27;506;747;296;451
27;419;668;281;387
27;332;713;248;465
27;245;711;290;421
27;158;748;281;467
27;71;689;284;405
27;1551;597;223;374
27;1464;713;284;429
27;1377;586;236;350
27;1290;761;327;434
27;1203;815;305;510
27;1116;737;292;445
27;1029;718;292;426
27;942;711;281;430
27;855;730;310;420
27;768;658;266;392
27;681;632;271;361
27;594;737;292;445
27;507;654;272;382
27;420;696;234;462
27;333;706;292;414
27;246;729;268;461
27;159;684;283;401
27;72;598;229;369
27;1552;698;277;421
27;1465;569;223;346
27;1378;726;305;421
27;1291;796;292;504
27;1204;721;282;439
27;1117;703;286;417
27;1030;695;268;427
27;943;698;278;420
27;856;646;254;392
27;769;618;259;359
27;682;710;273;437
27;595;640;264;376
27;508;665;216;449
27;421;689;282;407
27;334;719;260;459
27;247;660;271;389
27;160;583;219;364
27;73;618;231;387
27;1553;567;220;347
27;1466;706;286;420
27;1379;781;283;498
27;1292;714;278;436
27;1205;679;274;405
27;1118;685;264;421
27;1031;677;258;419
27;944;617;247;370
27;857;600;247;353
27;770;699;264;435
27;683;622;255;367
27;596;645;206;439
27;509;670;271;399
27;422;685;239;446
27;335;646;258;388
27;248;562;202;360
27;161;604;227;377
27;74;529;196;333
27;1554;680;269;411
27;1467;762;270;492
27;1380;685;263;422
27;1293;664;267;397
27;1206;672;258;414
27;1119;660;242;418
27;1032;607;241;366
27;945;567;223;344
27;858;686;257;429
27;771;601;238;363
27;684;614;189;425
27;597;649;254;395
27;510;667;233;434
27;423;617;241;376
27;336;551;195;356
27;249;578;208;370
27;162;519;191;328
27;75;500;172;328
27;1555;743;259;484
27;1468;663;246;417
27;1381;638;249;389
27;1294;654;250;404
27;1207;645;234;411
27;1120;581;225;356
27;1033;545;208;337
27;946;625;227;398
27;859;587;231;356
27;772;598;178;420
27;685;629;243;386
27;598;651;227;424
27;511;608;234;374
27;424;523;183;340
27;337;561;190;371
27;250;496;176;320
27;163;490;164;326
27;76;476;140;336
27;1556;638;226;412
27;1469;616;234;382
27;1382;633;237;396
27;1295;622;223;399
27;1208;564;215;349
27;1121;527;197;330
27;1034;611;216;395
27;947;542;199;343
27;860;585;172;413
27;773;611;228;383
27;686;622;217;405
27;599;586;220;366
27;512;508;175;333
27;425;543;179;364
27;338;479;168;311
27;251;472;163;309
27;164;459;132;327
27;77;418;115;303
27;1557;601;223;378
27;1470;595;223;372
27;1383;596;214;382
27;1296;532;195;337
27;1209;503;181;322
27;1122;591;207;384
27;1035;523;196;327
27;948;541;161;380
27;861;590;218;372
27;774;584;192;392
27;687;558;205;353
27;600;496;172;324
27;513;525;168;357
27;426;464;159;305
27;339;459;156;303
27;252;440;126;314
27;165;407;111;296
27;78;397;134;263
27;1558;575;213;362
27;1471;567;201;366
27;1384;517;192;325
27;1297;494;175;319
27;1210;571;198;373
27;1123;497;181;316
27;1036;514;151;363
27;949;549;195;354
27;862;566;181;385
27;775;532;188;344
27;688;477;158;319
27;601;502;157;345
27;514;450;154;296
27;427;444;148;296
27;340;429;122;307
27;253;396;106;290
27;166;383;126;257
27;79;361;104;257
27;1559;555;196;359
27;1472;484;175;309
27;1385;480;168;312
27;1298;545;187;358
27;1211;477;167;310
27;1124;498;143;355
27;1037;529;183;346
27;950;518;160;358
27;863;521;187;334
27;776;459;150;309
27;689;475;140;335
27;602;430;143;287
27;515;421;141;280
27;428;407;110;297
27;341;382;100;282
27;254;375;121;254
27;167;348;97;251
27;80;300;95;205
27;1560;463;166;297
27;1473;454;158;296
27;1386;528;179;349
27;1299;447;147;300
27;1212;474;135;339
27;1125;491;162;329
27;1038;504;157;347
27;951;470;158;312
27;864;434;142;292
27;777;449;133;316
27;690;403;132;271
27;603;397;127;270
27;516;387;104;283
27;429;367;97;270
27;342;355;111;244
27;255;334;92;242
27;168;283;86;197
27;81;273;88;185
27;1561;435;152;283
27;1474;499;170;329
27;1387;433;142;291
27;1300;458;131;327
27;1213;460;154;306
27;1126;477;147;330
27;1039;428;139;289
27;952;397;123;274
27;865;426;124;302
27;778;379;119;260
27;691;381;119;262
27;604;365;98;267
27;517;344;83;261
27;430;337;101;236
27;343;325;84;241
27;256;269;81;188
27;169;253;76;177
27;82;225;60;165
27;1562;473;154;319
27;1475;411;138;273
27;1388;431;116;315
27;1301;433;145;288
27;1214;451;132;319
27;1127;402;128;274
27;1040;378;114;264
27;953;393;104;289
27;866;358;106;252
27;779;351;109;242
27;692;342;89;253
27;605;324;75;249
27;518;313;95;218
27;431;295;70;225
27;344;256;75;181
27;257;242;71;171
27;170;211;52;159
27;83;157;33;124
27;1563;379;124;255
27;1476;395;104;291
27;1389;400;132;268
27;1302;424;130;294
27;1215;373;115;258
27;1128;353;101;252
27;1041;376;94;282
27;954;335;93;242
27;867;319;94;225
27;780;316;79;237
27;693;305;66;239
27;606;292;85;207
27;519;266;63;203
27;432;240;67;173
27;345;228;68;160
27;258;201;47;154
27;171;145;30;115
27;84;125;37;88
27;1564;365;88;277
27;1477;374;124;250
27;1390;391;120;271
27;1303;344;103;241
27;1216;326;94;232
27;1129;344;85;259
27;1042;317;86;231
27;955;301;75;226
27;868;296;70;226
27;781;283;61;222
27;694;262;74;188
27;607;245;57;188
27;520;216;59;157
27;433;195;58;137
27;346;183;43;140
27;259;132;24;108
27;172;117;34;83
27;85;132;26;106
27;1565;1887;484;1403
27;1478;1808;441;1367
27;1391;1672;392;1280
27;1304;1624;377;1247
27;1217;1568;362;1206
27;1130;1447;343;1104
27;1043;1330;311;1019
27;956;1235;290;945
27;869;1197;265;932
27;782;1092;259;833
27;695;986;221;765
27;608;917;205;712
27;521;881;188;693
27;434;839;175;664
27;347;831;181;650
27;260;807;185;622
27;173;852;206;646
27;86;876;230;646
27;1566;92644;44761;47883
27;1479;91073;43848;47225
27;1392;89516;43018;46498
27;1305;88396;42409;45987
27;1218;87138;41671;45467
27;1131;86419;41239;45180
27;1044;86109;41036;45073
27;957;85922;40903;45019
27;870;86978;41424;45554
27;783;85752;40848;44904
27;696;83946;39925;44021
27;609;83346;39612;43734
27;522;83091;39465;43626
27;435;83200;39462;43738
27;348;83167;39389;43778
27;261;82108;38865;43243
27;174;81650;38642;43008
27;87;81373;38475;42898
28;1480;98;50;48
28;1393;138;79;59
28;1306;130;73;57
28;1219;125;71;54
28;1132;139;73;66
28;1045;134;57;77
28;958;139;68;71
28;871;131;72;59
28;784;120;68;52
28;697;121;60;61
28;610;134;68;66
28;523;124;65;59
28;436;135;67;68
28;349;154;79;75
28;262;184;98;86
28;175;134;74;60
28;88;153;73;80
28;1;153;82;71
28;1481;133;76;57
28;1394;126;70;56
28;1307;123;68;55
28;1220;135;72;63
28;1133;135;59;76
28;1046;139;71;68
28;959;132;71;61
28;872;109;61;48
28;785;120;58;62
28;698;136;70;66
28;611;126;65;61
28;524;133;65;68
28;437;152;80;72
28;350;181;95;86
28;263;133;74;59
28;176;152;72;80
28;89;158;84;74
28;2;156;79;77
28;1482;121;67;54
28;1395;119;64;55
28;1308;137;72;65
28;1221;129;58;71
28;1134;137;69;68
28;1047;127;66;61
28;960;112;65;47
28;873;121;63;58
28;786;134;70;64
28;699;126;65;61
28;612;132;64;68
28;525;152;80;72
28;438;178;92;86
28;351;130;71;59
28;264;152;72;80
28;177;158;84;74
28;90;154;80;74
28;3;170;93;77
28;1483;115;65;50
28;1396;137;73;64
28;1309;131;56;75
28;1222;139;70;69
28;1135;125;65;60
28;1048;110;64;46
28;961;119;59;60
28;874;130;62;68
28;787;124;62;62
28;700;128;62;66
28;613;148;80;68
28;526;173;94;79
28;439;129;72;57
28;352;152;70;82
28;265;157;82;75
28;178;153;79;74
28;91;170;94;76
28;4;182;96;86
28;1484;140;76;64
28;1397;128;55;73
28;1310;144;74;70
28;1223;121;64;57
28;1136;111;65;46
28;1049;114;56;58
28;962;132;62;70
28;875;121;63;58
28;788;127;61;66
28;701;148;80;68
28;614;171;92;79
28;527;130;72;58
28;440;150;70;80
28;353;156;82;74
28;266;152;78;74
28;179;167;91;76
28;92;183;96;87
28;5;182;90;92
28;1485;122;52;70
28;1398;139;74;65
28;1311;124;66;58
28;1224;108;63;45
28;1137;114;58;56
28;1050;121;57;64
28;963;122;63;59
28;876;112;65;47
28;789;146;78;68
28;702;173;91;82
28;615;126;69;57
28;528;147;69;78
28;441;157;82;75
28;354;149;78;71
28;267;169;93;76
28;180;182;95;87
28;93;177;89;88
28;6;199;94;105
28;1486;139;72;67
28;1399;126;67;59
28;1312;109;65;44
28;1225;112;58;54
28;1138;122;57;65
28;1051;116;59;57
28;964;105;62;43
28;877;156;83;73
28;790;171;90;81
28;703;124;70;54
28;616;143;67;76
28;529;153;83;70
28;442;150;79;71
28;355;168;91;77
28;268;185;96;89
28;181;179;89;90
28;94;197;92;105
28;7;200;98;102
28;1487;125;65;60
28;1400;107;63;44
28;1313;117;58;59
28;1226;118;57;61
28;1139;117;59;58
28;1052;100;60;40
28;965;157;82;75
28;878;180;97;83
28;791;119;70;49
28;704;138;64;74
28;617;153;82;71
28;530;147;80;67
28;443;166;90;76
28;356;185;96;89
28;269;180;88;92
28;182;196;91;105
28;95;197;97;100
28;8;207;117;90
28;1488;105;59;46
28;1401;111;58;53
28;1314;120;59;61
28;1227;123;62;61
28;1140;99;60;39
28;1053;156;81;75
28;966;178;96;82
28;879;131;76;55
28;792;137;63;74
28;705;153;80;73
28;618;146;79;67
28;531;163;88;75
28;444;183;94;89
28;357;179;90;89
28;270;195;91;104
28;183;198;96;102
28;96;209;117;92
28;9;230;107;123
28;1489;104;55;49
28;1402;116;57;59
28;1315;128;64;64
28;1228;99;60;39
28;1141;155;80;75
28;1054;174;91;83
28;967;128;72;56
28;880;131;63;68
28;793;151;76;75
28;706;138;79;59
28;619;164;87;77
28;532;180;95;85
28;445;176;87;89
28;358;193;90;103
28;271;199;95;104
28;184;208;115;93
28;97;232;106;126
28;10;239;131;108
28;1490;113;57;56
28;1403;125;61;64
28;1316;100;62;38
28;1229;156;80;76
28;1142;177;92;85
28;1055;127;72;55
28;968;128;63;65
28;881;154;80;74
28;794;138;78;60
28;707;160;85;75
28;620;177;94;83
28;533;176;88;88
28;446;193;89;104
28;359;202;96;106
28;272;209;116;93
28;185;231;105;126
28;98;239;132;107
28;11;259;137;122
28;1491;122;58;64
28;1404;95;58;37
28;1317;154;78;76
28;1230;175;91;84
28;1143;128;74;54
28;1056;125;62;63
28;969;156;81;75
28;882;145;84;61
28;795;159;83;76
28;708;175;91;84
28;621;176;87;89
28;534;192;88;104
28;447;197;94;103
28;360;213;116;97
28;273;235;109;126
28;186;237;130;107
28;99;258;137;121
28;12;231;117;114
28;1492;95;58;37
28;1405;152;77;75
28;1318;176;91;85
28;1231;129;75;54
28;1144;126;62;64
28;1057;154;80;74
28;970;147;85;62
28;883;163;82;81
28;796;171;89;82
28;709;173;88;85
28;622;190;86;104
28;535;196;96;100
28;448;212;115;97
28;361;236;110;126
28;274;235;129;106
28;187;254;134;120
28;100;231;118;113
28;13;251;144;107
28;1493;153;76;77
28;1406;175;90;85
28;1319;131;75;56
28;1232;122;60;62
28;1145;154;82;72
28;1058;148;88;60
28;971;158;79;79
28;884;170;92;78
28;797;170;86;84
28;710;187;82;105
28;623;191;93;98
28;536;209;113;96
28;449;235;109;126
28;362;230;125;105
28;275;254;134;120
28;188;226;116;110
28;101;247;140;107
28;14;258;131;127
28;1494;170;89;81
28;1407;129;73;56
28;1320;123;62;61
28;1233;152;80;72
28;1146;149;89;60
28;1059;152;78;74
28;972;171;90;81
28;885;157;80;77
28;798;189;83;106
28;711;189;91;98
28;624;212;114;98
28;537;232;110;122
28;450;225;122;103
28;363;252;133;119
28;276;227;118;109
28;189;241;137;104
28;102;257;129;128
28;15;261;138;123
28;1495;129;73;56
28;1408;123;62;61
28;1321;151;79;72
28;1234;146;88;58
28;1147;152;78;74
28;1060;169;88;81
28;973;151;77;74
28;886;180;84;96
28;799;187;92;95
28;712;210;111;99
28;625;233;111;122
28;538;218;120;98
28;451;247;130;117
28;364;221;115;106
28;277;242;137;105
28;190;252;127;125
28;103;258;135;123
28;16;232;102;130
28;1496;122;60;62
28;1409;146;73;73
28;1322;147;87;60
28;1235;153;78;75
28;1148;171;89;82
28;1061;149;78;71
28;974;180;83;97
28;887;187;93;94
28;800;211;114;97
28;713;230;110;120
28;626;215;117;98
28;539;244;131;113
28;452;212;114;98
28;365;240;138;102
28;278;245;123;122
28;191;255;133;122
28;104;231;101;130
28;17;235;97;138
28;1497;143;72;71
28;1410;144;84;60
28;1323;152;77;75
28;1236;167;85;82
28;1149;151;77;74
28;1062;177;80;97
28;975;190;96;94
28;888;196;110;86
28;801;228;107;121
28;714;214;118;96
28;627;239;129;110
28;540;211;113;98
28;453;234;136;98
28;366;246;124;122
28;279;253;133;120
28;192;227;99;128
28;105;235;97;138
28;18;233;133;100
28;1498;141;80;61
28;1411;150;73;77
28;1324;167;85;82
28;1237;152;76;76
28;1150;174;79;95
28;1063;184;93;91
28;976;196;110;86
28;889;218;105;113
28;802;214;117;97
28;715;238;129;109
28;628;208;109;99
28;541;225;131;94
28;454;236;119;117
28;367;248;131;117
28;280;229;99;130
28;193;232;95;137
28;106;235;134;101
28;19;201;90;111
28;1499;139;73;66
28;1412;157;84;73
28;1325;152;75;77
28;1238;169;77;92
28;1151;173;87;86
28;1064;191;109;82
28;977;206;99;107
28;890;210;115;95
28;803;231;125;106
28;716;202;107;95
28;629;219;127;92
28;542;230;115;115
28;455;233;123;110
28;368;219;94;125
28;281;227;95;132
28;194;234;133;101
28;107;196;87;109
28;20;172;88;84
28;1500;152;81;71
28;1413;147;70;77
28;1326;168;77;91
28;1239;167;87;80
28;1152;194;107;87
28;1065;191;93;98
28;978;197;109;88
28;891;208;110;98
28;804;199;107;92
28;717;221;127;94
28;630;220;110;110
28;543;228;122;106
28;456;213;90;123
28;369;222;93;129
28;282;229;128;101
28;195;195;83;112
28;108;168;85;83
28;21;188;113;75
28;1501;141;69;72
28;1414;164;74;90
28;1327;162;84;78
28;1240;192;104;88
28;1153;191;93;98
28;1066;196;110;86
28;979;198;102;96
28;892;188;106;82
28;805;219;127;92
28;718;218;109;109
28;631;222;118;104
28;544;208;88;120
28;457;206;87;119
28;370;227;126;101
28;283;193;83;110
28;196;172;87;85
28;109;185;108;77
28;22;150;75;75
28;1502;147;70;77
28;1415;156;83;73
28;1328;179;94;85
28;1241;184;90;94
28;1154;189;105;84
28;1067;182;96;86
28;980;170;94;76
28;893;189;111;78
28;806;213;107;106
28;719;212;114;98
28;632;202;87;115
28;545;200;86;114
28;458;215;121;94
28;371;191;82;109
28;284;172;87;85
28;197;191;111;80
28;110;151;74;77
28;23;202;118;84
28;1503;148;78;70
28;1416;171;92;79
28;1329;178;88;90
28;1242;184;100;84
28;1155;178;95;83
28;1068;156;88;68
28;981;172;101;71
28;894;182;99;83
28;807;206;111;95
28;720;200;89;111
28;633;194;83;111
28;546;214;120;94
28;459;186;83;103
28;372;167;85;82
28;285;191;110;81
28;198;146;70;76
28;111;198;115;83
28;24;182;95;87
28;1504;159;86;73
28;1417;167;81;86
28;1330;178;96;82
28;1243;176;99;77
28;1156;157;88;69
28;1069;162;98;64
28;982;183;105;78
28;895;179;101;78
28;808;192;86;106
28;721;190;81;109
28;634;202;114;88
28;547;174;78;96
28;460;158;84;74
28;373;186;109;77
28;286;147;72;75
28;199;199;115;84
28;112;181;92;89
28;25;189;102;87
28;1505;160;82;78
28;1418;169;93;76
28;1331;176;97;79
28;1244;157;93;64
28;1157;151;91;60
28;1070;174;102;72
28;983;166;95;71
28;896;161;69;92
28;809;179;74;105
28;722;200;113;87
28;635;167;76;91
28;548;154;83;71
28;461;176;100;76
28;374;156;74;82
28;287;195;115;80
28;200;171;89;82
28;113;188;102;86
28;26;182;102;80
28;1506;158;91;67
28;1419;169;95;74
28;1332;151;91;60
28;1245;144;86;58
28;1158;168;97;71
28;1071;149;85;64
28;984;157;66;91
28;897;139;63;76
28;810;192;107;85
28;723;161;76;85
28;636;153;81;72
28;549;177;100;77
28;462;145;69;76
28;375;202;118;84
28;288;159;87;72
28;201;186;102;84
28;114;182;102;80
28;27;191;100;91
28;1507;154;89;65
28;1420;148;91;57
28;1333;142;87;55
28;1246;162;95;67
28;1159;147;80;67
28;1072;150;62;88
28;985;129;61;68
28;898;146;82;64
28;811;153;71;82
28;724;146;78;68
28;637;173;94;79
28;550;141;67;74
28;463;188;112;76
28;376;157;84;73
28;289;179;97;82
28;202;181;101;80
28;115;187;98;89
28;28;205;108;97
28;1508;130;82;48
28;1421;135;81;54
28;1334;163;92;71
28;1247;147;83;64
28;1160;147;64;83
28;1073;129;62;67
28;986;143;81;62
28;899;134;64;70
28;812;134;73;61
28;725;168;92;76
28;638;133;62;71
28;551;181;107;74
28;464;159;84;75
28;377;178;96;82
28;290;179;103;76
28;203;189;100;89
28;116;199;103;96
28;29;192;97;95
28;1509;125;74;51
28;1422;156;87;69
28;1335;133;76;57
28;1248;146;62;84
28;1161;120;61;59
28;1074;137;74;63
28;987;124;58;66
28;900;144;71;73
28;813;160;87;73
28;726;127;61;66
28;639;175;103;72
28;552;162;84;78
28;465;175;95;80
28;378;171;97;74
28;291;184;96;88
28;204;197;100;97
28;117;190;96;94
28;30;196;101;95
28;1510;140;81;59
28;1423;131;78;53
28;1336;143;60;83
28;1249;115;60;55
28;1162;128;68;60
28;1075;117;54;63
28;988;140;66;74
28;901;163;87;76
28;814;123;58;65
28;727;173;99;74
28;640;160;83;77
28;553;171;92;79
28;466;172;101;71
28;379;176;92;84
28;292;189;97;92
28;205;188;95;93
28;118;193;99;94
28;31;231;122;109
28;1511;119;70;49
28;1424;130;53;77
28;1337;112;56;56
28;1250;124;69;55
28;1163;114;54;60
28;1076;127;57;70
28;989;155;85;70
28;902;137;64;73
28;815;170;97;73
28;728;161;84;77
28;641;166;90;76
28;554;161;93;68
28;467;172;91;81
28;380;189;95;94
28;293;190;93;97
28;206;191;96;95
28;119;227;119;108
28;32;216;112;104
28;1512;122;49;73
28;1425;107;55;52
28;1338;133;71;62
28;1251;107;49;58
28;1164;139;63;76
28;1077;141;75;66
28;990;128;61;67
28;903;160;93;67
28;816;158;84;74
28;729;160;86;74
28;642;153;89;64
28;555;170;90;80
28;468;187;94;93
28;381;191;91;100
28;294;192;99;93
28;207;228;120;108
28;120;213;109;104
28;33;187;88;99
28;1513;100;51;49
28;1426;128;71;57
28;1339;100;45;55
28;1252;139;63;76
28;1165;139;71;68
28;1078;117;58;59
28;991;155;89;66
28;904;182;95;87
28;817;152;83;69
28;730;153;91;62
28;643;174;93;81
28;556;188;96;92
28;469;188;89;99
28;382;188;97;91
28;295;227;118;109
28;208;210;109;101
28;121;185;86;99
28;34;183;104;79
28;1514;115;61;54
28;1427;97;46;51
28;1340;135;57;78
28;1253;138;69;69
28;1166;116;58;58
28;1079;146;87;59
28;992;175;89;86
28;905;167;79;88
28;818;147;88;59
28;731;174;91;83
28;644;186;95;91
28;557;187;89;98
28;470;188;98;90
28;383;221;115;106
28;296;211;108;103
28;209;182;83;99
28;122;186;105;81
28;35;186;84;102
28;1515;93;45;48
28;1428;132;59;73
28;1341;135;68;67
28;1254;106;52;54
28;1167;144;90;54
28;1080;169;90;79
28;993;163;77;86
28;906;146;84;62
28;819;167;89;78
28;732;188;97;91
28;645;181;86;95
28;558;191;100;91
28;471;217;112;105
28;384;207;106;101
28;297;179;83;96
28;210;185;104;81
28;123;189;84;105
28;36;186;98;88
28;1516;132;56;76
28;1429;125;61;64
28;1342;110;53;57
28;1255;139;86;53
28;1168;171;91;80
28;1081;157;74;83
28;994;148;85;63
28;907;168;86;82
28;820;186;97;89
28;733;180;85;95
28;646;188;97;91
28;559;209;107;102
28;472;206;104;102
28;385;173;82;91
28;298;186;108;78
28;211;187;84;103
28;124;187;98;89
28;37;237;113;124
28;1517;123;61;62
28;1430;106;54;52
28;1343;138;86;52
28;1256;162;84;78
28;1169;150;69;81
28;1082;141;82;59
28;995;166;86;80
28;908;184;98;86
28;821;178;86;92
28;734;184;94;90
28;647;209;106;103
28;560;201;101;100
28;473;167;80;87
28;386;184;107;77
28;299;183;83;100
28;212;185;98;87
28;125;234;111;123
28;38;231;119;112
28;1518;100;49;51
28;1431;139;88;51
28;1344;164;85;79
28;1257;145;66;79
28;1170;140;80;60
28;1083;161;84;77
28;996;183;99;84
28;909;188;100;88
28;822;183;94;89
28;735;209;108;101
28;648;203;100;103
28;561;168;78;90
28;474;180;107;73
28;387;184;84;100
28;300;187;97;90
28;213;229;111;118
28;126;232;119;113
28;39;212;103;109
28;1519;134;85;49
28;1432;153;80;73
28;1345;142;62;80
28;1258;134;75;59
28;1171;157;79;78
28;1084;180;100;80
28;997;184;99;85
28;910;193;99;94
28;823;205;106;99
28;736;201;100;101
28;649;169;78;91
28;562;183;108;75
28;475;181;83;98
28;388;189;97;92
28;301;227;107;120
28;214;225;116;109
28;127;214;104;110
28;40;241;114;127
28;1520;153;78;75
28;1433;139;60;79
28;1346;138;79;59
28;1259;158;82;76
28;1172;179;98;81
28;1085;182;98;84
28;998;192;100;92
28;911;199;100;99
28;824;203;100;103
28;737;168;79;89
28;650;181;106;75
28;563;178;83;95
28;476;183;93;90
28;389;225;107;118
28;302;225;116;109
28;215;208;101;107
28;128;240;112;128
28;41;260;140;120
28;1521;136;60;76
28;1434;134;77;57
28;1347;153;81;72
28;1260;183;101;82
28;1173;176;96;80
28;1086;192;100;92
28;999;193;97;96
28;912;199;97;102
28;825;164;76;88
28;738;182;107;75
28;651;177;81;96
28;564;182;93;89
28;477;215;103;112
28;390;222;113;109
28;303;207;101;106
28;216;235;110;125
28;129;261;141;120
28;42;195;90;105
28;1522;131;74;57
28;1435;151;84;67
28;1348;173;95;78
28;1261;176;98;78
28;1174;193;101;92
28;1087;189;93;96
28;1000;193;94;99
28;913;163;79;84
28;826;175;101;74
28;739;176;80;96
28;652;179;91;88
28;565;214;101;113
28;478;218;108;110
28;391;204;98;106
28;304;235;111;124
28;217;261;142;119
28;130;198;91;107
28;43;208;109;99
28;1523;147;81;66
28;1436;171;93;78
28;1349;173;96;77
28;1262;193;99;94
28;1175;188;92;96
28;1088;193;93;100
28;1001;161;79;82
28;914;180;108;72
28;827;179;82;97
28;740;178;91;87
28;653;208;99;109
28;566;216;107;109
28;479;204;98;106
28;392;236;110;126
28;305;262;144;118
28;218;199;91;108
28;131;207;108;99
28;44;209;101;108
28;1524;163;88;75
28;1437;167;90;77
28;1350;194;100;94
28;1263;187;92;95
28;1176;193;94;99
28;1089;156;77;79
28;1002;181;108;73
28;915;188;88;100
28;828;175;91;84
28;741;202;96;106
28;654;215;105;110
28;567;201;96;105
28;480;230;108;122
28;393;262;143;119
28;306;197;91;106
28;219;206;107;99
28;132;205;98;107
28;45;189;85;104
28;1525;164;87;77
28;1438;188;96;92
28;1351;189;93;96
28;1264;191;93;98
28;1177;152;77;75
28;1090;179;106;73
28;1003;181;84;97
28;916;171;81;90
28;829;199;96;103
28;742;208;101;107
28;655;204;97;107
28;568;229;108;121
28;481;258;140;118
28;394;195;90;105
28;307;205;108;97
28;220;202;97;105
28;133;188;85;103
28;46;194;99;95
28;1526;181;93;88
28;1439;185;92;93
28;1352;192;93;99
28;1265;154;79;75
28;1178;181;109;72
28;1091;178;84;94
28;1004;167;77;90
28;917;195;82;113
28;830;207;100;107
28;743;199;94;105
28;656;225;105;120
28;569;254;137;117
28;482;193;91;102
28;395;204;106;98
28;308;205;100;105
28;221;188;86;102
28;134;195;102;93
28;47;155;73;82
28;1527;183;91;92
28;1440;190;93;97
28;1353;150;76;74
28;1266;179;107;72
28;1179;170;78;92
28;1092;169;80;89
28;1005;196;82;114
28;918;207;104;103
28;831;197;92;105
28;744;222;103;119
28;657;251;135;116
28;570;190;89;101
28;483;202;104;98
28;396;202;99;103
28;309;185;84;101
28;222;191;99;92
28;135;154;72;82
28;48;145;62;83
28;1528;188;93;95
28;1441;140;71;69
28;1354;178;108;70
28;1267;170;80;90
28;1180;170;81;89
28;1093;196;85;111
28;1006;205;104;101
28;919;185;91;94
28;832;222;103;119
28;745;249;134;115
28;658;191;86;105
28;571;202;105;97
28;484;199;97;102
28;397;186;82;104
28;310;191;98;93
28;223;151;72;79
28;136;144;63;81
28;49;169;82;87
28;1529;140;73;67
28;1442;171;103;68
28;1355;172;83;89
28;1268;170;80;90
28;1181;200;86;114
28;1094;201;100;101
28;1007;182;87;95
28;920;216;95;121
28;833;241;127;114
28;746;190;84;106
28;659;199;104;95
28;572;201;98;103
28;485;183;80;103
28;398;190;95;95
28;311;151;74;77
28;224;143;62;81
28;137;167;81;86
28;50;170;80;90
28;1530;177;105;72
28;1443;169;82;87
28;1356;170;81;89
28;1269;197;86;111
28;1182;197;95;102
28;1095;184;87;97
28;1008;209;90;119
28;921;233;119;114
28;834;192;86;106
28;747;191;96;95
28;660;195;96;99
28;573;180;78;102
28;486;187;93;94
28;399;149;73;76
28;312;142;60;82
28;225;168;83;85
28;138;168;79;89
28;51;189;101;88
28;1531;165;78;87
28;1444;164;78;86
28;1357;193;83;110
28;1270;196;95;101
28;1183;182;86;96
28;1096;210;91;119
28;1009;232;120;112
28;922;194;89;105
28;835;184;90;94
28;748;193;94;99
28;661;177;76;101
28;574;181;88;93
28;487;148;73;75
28;400;142;61;81
28;313;165;83;82
28;226;164;75;89
28;139;189;100;89
28;52;196;90;106
28;1532;161;75;86
28;1445;191;82;109
28;1358;192;94;98
28;1271;184;87;97
28;1184;209;90;119
28;1097;224;112;112
28;1010;187;84;103
28;923;173;87;86
28;836;194;96;98
28;749;177;77;100
28;662;185;92;93
28;575;146;70;76
28;488;142;61;81
28;401;165;82;83
28;314;162;74;88
28;227;185;97;88
28;140;196;90;106
28;53;166;77;89
28;1533;191;80;111
28;1446;192;95;97
28;1359;184;87;97
28;1272;205;88;117
28;1185;220;107;113
28;1098;191;87;104
28;1011;167;84;83
28;924;188;88;100
28;837;176;74;102
28;750;181;89;92
28;663;148;70;78
28;576;143;59;84
28;489;161;80;81
28;402;160;72;88
28;315;184;97;87
28;228;197;89;108
28;141;165;77;88
28;54;125;70;55
28;1534;189;92;97
28;1447;181;86;95
28;1360;200;83;117
28;1273;217;105;112
28;1186;191;87;104
28;1099;165;84;81
28;1012;185;84;101
28;925;175;73;102
28;838;176;84;92
28;751;144;69;75
28;664;142;57;85
28;577;164;81;83
28;490;155;70;85
28;403;179;94;85
28;316;196;90;106
28;229;163;76;87
28;142;121;67;54
28;55;137;56;81
28;1535;177;85;92
28;1448;198;83;115
28;1361;214;101;113
28;1274;189;87;102
28;1187;170;86;84
28;1100;183;84;99
28;1013;175;72;103
28;926;174;84;90
28;839;142;68;74
28;752;139;56;83
28;665;162;80;82
28;578;151;69;82
28;491;172;88;84
28;404;197;90;107
28;317;162;74;88
28;230;122;67;55
28;143;134;55;79
28;56;159;77;82
28;1536;197;83;114
28;1449;213;101;112
28;1362;188;86;102
28;1275;161;80;81
28;1188;183;85;98
28;1101;177;73;104
28;1014;170;80;90
28;927;130;64;66
28;840;140;56;84
28;753;158;77;81
28;666;151;68;83
28;579;170;85;85
28;492;192;91;101
28;405;164;73;91
28;318;120;66;54
28;231;133;56;77
28;144;151;71;80
28;57;114;52;62
28;1537;212;98;114
28;1450;186;85;101
28;1363;158;79;79
28;1276;183;85;98
28;1189;170;67;103
28;1102;164;75;89
28;1015;130;63;67
28;928;142;61;81
28;841;154;75;79
28;754;146;67;79
28;667;170;84;86
28;580;195;91;104
28;493;160;72;88
28;406;117;64;53
28;319;134;57;77
28;232;150;69;81
28;145;113;51;62
28;58;151;71;80
28;1538;179;82;97
28;1451;157;77;80
28;1364;177;82;95
28;1277;167;66;101
28;1190;162;72;90
28;1103;128;63;65
28;1016;138;59;79
28;929;151;72;79
28;842;147;68;79
28;755;168;82;86
28;668;190;90;100
28;581;158;71;87
28;494;117;63;54
28;407;131;55;76
28;320;146;64;82
28;233;109;50;59
28;146;146;68;78
28;59;156;70;86
28;1539;156;77;79
28;1452;179;82;97
28;1365;168;66;102
28;1278;157;69;88
28;1191;126;61;65
28;1104;136;59;77
28;1017;147;69;78
28;930;150;66;84
28;843;167;81;86
28;756;188;89;99
28;669;158;69;89
28;582;115;59;56
28;495;129;54;75
28;408;146;63;83
28;321;108;50;58
28;234;145;68;77
28;147;151;68;83
28;60;167;73;94
28;1540;172;80;92
28;1453;165;64;101
28;1366;156;68;88
28;1279;126;63;63
28;1192;137;58;79
28;1105;146;69;77
28;1018;153;66;87
28;931;182;81;101
28;844;182;84;98
28;757;156;67;89
28;670;115;58;57
28;583;130;54;76
28;496;143;62;81
28;409;106;49;57
28;322;141;64;77
28;235;149;66;83
28;148;165;71;94
28;61;143;72;71
28;1541;158;62;96
28;1454;156;68;88
28;1367;127;64;63
28;1280;136;56;80
28;1193;145;68;77
28;1106;149;64;85
28;1019;175;77;98
28;932;171;76;95
28;845;157;67;90
28;758;108;54;54
28;671;128;53;75
28;584;140;62;78
28;497;103;48;55
28;410;141;63;78
28;323;148;67;81
28;236;168;73;95
28;149;140;69;71
28;62;144;55;89
28;1542;152;65;87
28;1455;123;59;64
28;1368;132;52;80
28;1281;144;68;76
28;1194;147;63;84
28;1107;174;77;97
28;1020;165;71;94
28;933;151;63;88
28;846;107;52;55
28;759;125;52;73
28;672;138;60;78
28;585;99;46;53
28;498;139;63;76
28;411;145;65;80
28;324;165;71;94
28;237;143;69;74
28;150;145;57;88
28;63;163;72;91
28;1543;126;61;65
28;1456;127;49;78
28;1369;144;69;75
28;1282;143;60;83
28;1195;173;76;97
28;1108;164;73;91
28;1021;151;61;90
28;934;110;55;55
28;847;122;50;72
28;760;139;60;79
28;673;100;46;54
28;586;134;59;75
28;499;141;65;76
28;412;168;72;96
28;325;140;66;74
28;238;144;54;90
28;151;162;69;93
28;64;179;83;96
28;1544;127;49;78
28;1457;141;68;73
28;1370;138;56;82
28;1283;174;78;96
28;1196;161;72;89
28;1109;149;60;89
28;1022;108;54;54
28;935;123;50;73
28;848;137;59;78
28;761;100;46;54
28;674;132;57;75
28;587;135;60;75
28;500;159;65;94
28;413;142;67;75
28;326;140;51;89
28;239;163;71;92
28;152;178;82;96
28;65;154;67;87
28;1545;137;67;70
28;1458;133;49;84
28;1371;166;72;94
28;1284;161;72;89
28;1197;148;61;87
28;1110;107;52;55
28;1023;123;50;73
28;936;128;58;70
28;849;94;41;53
28;762;129;54;75
28;675;131;57;74
28;588;158;64;94
28;501;141;64;77
28;414;136;49;87
28;327;161;68;93
28;240;175;79;96
28;153;152;66;86
28;66;174;72;102
28;1546;133;48;85
28;1459;167;72;95
28;1372;159;69;90
28;1285;148;60;88
28;1198;103;49;54
28;1111;122;49;73
28;1024;124;58;66
28;937;101;46;55
28;850;127;53;74
28;763;129;55;74
28;676;156;63;93
28;589;138;61;77
28;502;135;49;86
28;415;160;64;96
28;328;170;78;92
28;241;149;61;88
28;154;172;71;101
28;67;99;41;58
28;1547;163;73;90
28;1460;155;67;88
28;1373;143;57;86
28;1286;106;50;56
28;1199;121;48;73
28;1112;123;58;65
28;1025;96;42;54
28;938;130;53;77
28;851;130;55;75
28;764;155;63;92
28;677;133;60;73
28;590;132;49;83
28;503;157;62;95
28;416;168;78;90
28;329;151;64;87
28;242;175;71;104
28;155;100;41;59
28;68;174;73;101
28;1548;151;64;87
28;1461;139;55;84
28;1374;104;49;55
28;1287;118;45;73
28;1200;115;52;63
28;1113;96;41;55
28;1026;134;55;79
28;939;129;53;76
28;852;150;60;90
28;765;133;59;74
28;678;128;47;81
28;591;152;60;92
28;504;169;79;90
28;417;146;61;85
28;330;170;65;105
28;243;93;36;57
28;156;172;70;102
28;69;173;68;105
28;1549;134;53;81
28;1462;100;47;53
28;1375;113;44;69
28;1288;116;51;65
28;1201;96;42;54
28;1114;131;54;77
28;1027;126;50;76
28;940;146;55;91
28;853;125;53;72
28;766;129;46;83
28;679;152;57;95
28;592;163;76;87
28;505;139;55;84
28;418;169;63;106
28;331;90;34;56
28;244;169;67;102
28;157;172;68;104
28;70;138;45;93
28;1550;99;46;53
28;1463;113;46;67
28;1376;115;50;65
28;1289;94;40;54
28;1202;125;50;75
28;1115;124;49;75
28;1028;141;51;90
28;941;118;51;67
28;854;129;47;82
28;767;150;56;94
28;680;161;74;87
28;593;136;55;81
28;506;166;60;106
28;419;89;35;54
28;332;163;66;97
28;245;169;66;103
28;158;136;44;92
28;71;158;66;92
28;1551;110;44;66
28;1464;113;49;64
28;1377;91;37;54
28;1290;122;45;77
28;1203;118;43;75
28;1116;138;50;88
28;1029;114;47;67
28;942;119;41;78
28;855;148;53;95
28;768;155;69;86
28;681;133;53;80
28;594;161;57;104
28;507;89;35;54
28;420;159;65;94
28;333;168;64;104
28;246;133;41;92
28;159;156;65;91
28;72;156;46;110
28;1552;111;47;64
28;1465;89;34;55
28;1378;121;45;76
28;1291;113;40;73
28;1204;135;49;86
28;1117;111;43;68
28;1030;117;40;77
28;943;130;44;86
28;856;150;66;84
28;769;126;49;77
28;682;158;58;100
28;595;88;35;53
28;508;150;59;91
28;421;161;59;102
28;334;130;39;91
28;247;152;62;90
28;160;156;45;111
28;73;155;55;100
28;1553;85;31;54
28;1466;119;44;75
28;1379;112;38;74
28;1292;136;47;89
28;1205;110;43;67
28;1118;114;38;76
28;1031;128;42;86
28;944;140;59;81
28;857;123;45;78
28;770;155;58;97
28;683;84;31;53
28;596;148;56;92
28;509;156;56;100
28;422;126;37;89
28;335;151;60;91
28;248;150;43;107
28;161;153;55;98
28;74;128;46;82
28;1554;115;39;76
28;1467;110;37;73
28;1380;130;46;84
28;1293;109;41;68
28;1206;108;34;74
28;1119;120;37;83
28;1032;134;55;79
28;945;113;40;73
28;858;147;55;92
28;771;83;30;53
28;684;139;50;89
28;597;154;53;101
28;510;123;35;88
28;423;138;51;87
28;336;145;41;104
28;249;146;49;97
28;162;123;44;79
28;75;119;29;90
28;1555;102;31;71
28;1468;125;43;82
28;1381;105;40;65
28;1294;105;32;73
28;1207;117;36;81
28;1120;131;52;79
28;1033;109;37;72
28;946;124;45;79
28;859;82;29;53
28;772;130;42;88
28;685;146;50;96
28;598;120;34;86
28;511;128;44;84
28;424;137;36;101
28;337;143;48;95
28;250;119;42;77
28;163;117;28;89
28;76;129;41;88
28;1556;122;40;82
28;1469;101;38;63
28;1382;100;28;72
28;1295;114;33;81
28;1208;125;50;75
28;1121;102;31;71
28;1034;120;41;79
28;947;75;25;50
28;860;123;39;84
28;773;143;51;92
28;686;115;30;85
28;599;122;41;81
28;512;130;33;97
28;425;139;46;93
28;338;117;41;76
28;251;110;28;82
28;164;124;39;85
28;77;121;43;78
28;1557;99;36;63
28;1470;95;26;69
28;1383;108;33;75
28;1296;118;46;72
28;1209;96;30;66
28;1122;114;38;76
28;1035;71;22;49
28;948;107;31;76
28;861;139;47;92
28;774;114;30;84
28;687;119;42;77
28;600;125;30;95
28;513;132;39;93
28;426;112;38;74
28;339;103;27;76
28;252;125;37;88
28;165;105;34;71
28;78;98;40;58
28;1558;89;25;64
28;1471;102;29;73
28;1384;109;43;66
28;1297;91;29;62
28;1210;106;34;72
28;1123;68;20;48
28;1036;101;28;73
28;949;127;41;86
28;862;108;26;82
28;775;110;36;74
28;688;121;28;93
28;601;130;38;92
28;514;108;36;72
28;427;102;26;76
28;340;127;37;90
28;253;98;30;68
28;166;88;32;56
28;79;78;24;54
28;1559;96;27;69
28;1472;103;39;64
28;1385;86;26;60
28;1298;101;34;67
28;1211;61;16;45
28;1124;93;25;68
28;1037;116;37;79
28;950;92;22;70
28;863;102;32;70
28;776;123;30;93
28;689;121;37;84
28;602;101;34;67
28;515;98;24;74
28;428;113;32;81
28;341;92;29;63
28;254;85;30;55
28;167;74;23;51
28;80;59;13;46
28;1560;97;37;60
28;1473;83;24;59
28;1386;93;29;64
28;1299;57;14;43
28;1212;90;24;66
28;1125;108;36;72
28;1038;91;22;69
28;951;94;31;63
28;864;115;26;89
28;777;112;34;78
28;690;94;32;62
28;603;88;23;65
28;516;104;28;76
28;429;87;29;58
28;342;77;27;50
28;255;66;18;48
28;168;58;11;47
28;81;80;20;60
28;1561;75;22;53
28;1474;87;29;58
28;1387;52;13;39
28;1300;84;22;62
28;1213;100;34;66
28;1126;86;19;67
28;1039;90;29;61
28;952;93;21;72
28;865;101;33;68
28;778;88;30;58
28;691;81;19;62
28;604;98;27;71
28;517;83;29;54
28;430;73;23;50
28;343;62;17;45
28;256;55;10;45
28;169;77;19;58
28;82;54;14;40
28;1562;83;25;58
28;1475;47;11;36
28;1388;75;18;57
28;1301;93;31;62
28;1214;82;17;65
28;1127;82;23;59
28;1040;82;16;66
28;953;96;31;65
28;866;74;22;52
28;779;74;19;55
28;692;95;25;70
28;605;78;28;50
28;518;65;21;44
28;431;52;14;38
28;344;53;10;43
28;257;71;17;54
28;170;45;13;32
28;83;56;17;39
28;1563;40;9;31
28;1476;72;17;55
28;1389;85;26;59
28;1302;80;15;65
28;1215;71;19;52
28;1128;70;15;55
28;1041;86;25;61
28;954;69;19;50
28;867;63;16;47
28;780;86;22;64
28;693;72;25;47
28;606;63;21;42
28;519;48;13;35
28;432;53;9;44
28;345;69;16;53
28;258;41;11;30
28;171;54;15;39
28;84;40;13;27
28;1564;65;15;50
28;1477;78;24;54
28;1390;71;14;57
28;1303;69;18;51
28;1216;67;15;52
28;1129;83;23;60
28;1042;66;17;49
28;955;52;14;38
28;868;78;20;58
28;781;64;21;43
28;694;53;18;35
28;607;41;11;30
28;520;47;9;38
28;433;62;13;49
28;346;38;8;30
28;259;51;13;38
28;172;36;12;24
28;85;30;8;22
28;1565;352;77;275
28;1478;343;73;270
28;1391;330;76;254
28;1304;321;75;246
28;1217;316;74;242
28;1130;287;64;223
28;1043;279;66;213
28;956;280;65;215
28;869;249;54;195
28;782;242;54;188
28;695;234;48;186
28;608;234;49;185
28;521;240;63;177
28;434;215;55;160
28;347;224;58;166
28;260;211;63;148
28;173;234;72;162
28;86;240;71;169
28;1566;11764;5589;6175
28;1479;12125;5758;6367
28;1392;12379;5859;6520
28;1305;12494;5921;6573
28;1218;12634;5963;6671
28;1131;12738;6012;6726
28;1044;13034;6147;6887
28;957;13273;6289;6984
28;870;13659;6432;7227
28;783;13906;6560;7346
28;696;14080;6634;7446
28;609;14241;6736;7505
28;522;14420;6811;7609
28;435;14688;6923;7765
28;348;14781;6989;7792
28;261;14783;6973;7810
28;174;14893;7041;7852
28;87;14934;7084;7850
29;1480;425;224;201
29;1393;459;224;235
29;1306;480;255;225
29;1219;476;227;249
29;1132;500;263;237
29;1045;491;260;231
29;958;520;261;259
29;871;460;261;199
29;784;555;260;295
29;697;543;274;269
29;610;512;265;247
29;523;517;265;252
29;436;549;290;259
29;349;571;285;286
29;262;594;292;302
29;175;566;302;264
29;88;660;356;304
29;1;709;373;336
29;1481;447;219;228
29;1394;466;248;218
29;1307;476;228;248
29;1220;488;255;233
29;1133;476;254;222
29;1046;512;257;255
29;959;455;258;197
29;872;514;243;271
29;785;532;265;267
29;698;506;259;247
29;611;511;261;250
29;524;542;284;258
29;437;553;275;278
29;350;584;286;298
29;263;562;301;261
29;176;658;352;306
29;89;701;371;330
29;2;682;358;324
29;1482;459;246;213
29;1395;454;217;237
29;1308;482;250;232
29;1221;461;247;214
29;1134;497;248;249
29;1047;437;247;190
29;960;501;235;266
29;873;501;247;254
29;786;497;254;243
29;699;507;257;250
29;612;539;283;256
29;525;555;276;279
29;438;571;279;292
29;351;554;296;258
29;264;658;349;309
29;177;696;370;326
29;90;682;357;325
29;3;725;382;343
29;1483;455;219;236
29;1396;467;246;221
29;1309;459;253;206
29;1222;474;236;238
29;1135;430;243;187
29;1048;489;232;257
29;961;484;234;250
29;874;492;252;240
29;787;501;250;251
29;700;534;281;253
29;613;550;273;277
29;526;568;277;291
29;439;537;285;252
29;352;651;346;305
29;265;693;368;325
29;178;685;357;328
29;91;722;383;339
29;4;745;383;362
29;1484;455;242;213
29;1397;443;240;203
29;1310;474;228;246
29;1223;425;240;185
29;1136;482;226;256
29;1049;471;226;245
29;962;478;241;237
29;875;495;257;238
29;788;523;275;248
29;701;547;269;278
29;614;556;271;285
29;527;527;281;246
29;440;632;337;295
29;353;680;362;318
29;266;676;351;325
29;179;727;383;344
29;92;742;382;360
29;5;762;397;365
29;1485;444;239;205
29;1398;467;225;242
29;1311;420;237;183
29;1224;456;213;243
29;1137;461;224;237
29;1050;477;241;236
29;963;485;254;231
29;876;519;272;247
29;789;539;261;278
29;702;553;267;286
29;615;522;279;243
29;528;620;330;290
29;441;657;348;309
29;354;668;348;320
29;267;724;379;345
29;180;737;380;357
29;93;758;396;362
29;6;782;411;371
29;1486;466;228;238
29;1399;416;235;181
29;1312;445;212;233
29;1225;453;214;239
29;1138;468;235;233
29;1051;487;253;234
29;964;503;257;246
29;877;540;271;269
29;790;544;258;286
29;703;522;281;241
29;616;615;325;290
29;529;652;344;308
29;442;647;340;307
29;355;716;373;343
29;268;732;377;355
29;181;760;398;362
29;94;780;411;369
29;7;789;398;391
29;1487;412;230;182
29;1400;430;206;224
29;1313;449;216;233
29;1226;470;236;234
29;1139;472;244;228
29;1052;501;258;243
29;965;532;267;265
29;878;518;252;266
29;791;522;281;241
29;704;608;323;285
29;617;647;339;308
29;530;640;334;306
29;443;701;367;334
29;356;722;372;350
29;269;757;393;364
29;182;785;413;372
29;95;776;393;383
29;8;883;461;422
29;1488;424;203;221
29;1401;439;210;229
29;1314;465;238;227
29;1227;464;240;224
29;1140;488;255;233
29;1053;530;268;262
29;966;513;255;258
29;879;503;262;241
29;792;603;321;282
29;705;645;337;308
29;618;640;336;304
29;531;694;365;329
29;444;704;363;341
29;357;744;387;357
29;270;781;413;368
29;183;770;390;380
29;96;876;459;417
29;9;1073;507;566
29;1489;437;206;231
29;1402;460;238;222
29;1315;458;234;224
29;1228;481;252;229
29;1141;517;260;257
29;1054;505;249;256
29;967;495;261;234
29;880;574;306;268
29;793;634;329;305
29;706;632;331;301
29;619;688;363;325
29;532;700;359;341
29;445;735;384;351
29;358;772;411;361
29;271;769;390;379
29;184;874;460;414
29;97;1062;501;561
29;10;1015;526;489
29;1490;447;230;217
29;1403;451;235;216
29;1316;475;249;226
29;1229;512;257;255
29;1142;497;245;252
29;1055;489;256;233
29;968;568;302;266
29;881;631;333;298
29;794;626;329;297
29;707;684;359;325
29;620;688;356;332
29;533;729;379;350
29;446;756;403;353
29;359;766;388;378
29;272;872;460;412
29;185;1049;490;559
29;98;1017;527;490
29;11;1022;521;501
29;1491;445;234;211
29;1404;476;249;227
29;1317;500;250;250
29;1230;480;236;244
29;1143;481;250;231
29;1056;561;298;263
29;969;618;323;295
29;882;610;318;292
29;795;680;354;326
29;708;682;350;332
29;621;722;372;350
29;534;757;404;353
29;447;747;381;366
29;360;859;454;405
29;273;1044;491;553
29;186;1015;525;490
29;99;1016;517;499
29;12;1025;521;504
29;1492;470;245;225
29;1405;498;247;251
29;1318;475;232;243
29;1231;473;242;231
29;1144;551;296;255
29;1057;606;320;286
29;970;595;308;287
29;883;643;347;296
29;796;673;345;328
29;709;718;367;351
29;622;749;402;347
29;535;740;377;363
29;448;842;444;398
29;361;1028;484;544
29;274;1001;518;483
29;187;1008;513;495
29;100;1011;514;497
29;13;1002;506;496
29;1493;489;242;247
29;1406;470;230;240
29;1319;474;246;228
29;1232;543;293;250
29;1145;601;318;283
29;1058;591;308;283
29;971;627;341;286
29;884;672;345;327
29;797;717;366;351
29;710;742;398;344
29;623;740;379;361
29;536;832;438;394
29;449;999;467;532
29;362;992;515;477
29;275;986;503;483
29;188;995;503;492
29;101;990;498;492
29;14;1090;532;558
29;1494;454;224;230
29;1407;466;239;227
29;1320;540;288;252
29;1233;597;316;281
29;1146;580;301;279
29;1059;628;340;288
29;972;664;337;327
29;885;695;359;336
29;798;734;394;340
29;711;735;377;358
29;624;823;431;392
29;537;991;465;526
29;450;959;498;461
29;363;968;495;473
29;276;975;494;481
29;189;971;486;485
29;102;1080;526;554
29;15;1124;551;573
29;1495;459;234;225
29;1408;539;287;252
29;1321;592;313;279
29;1234;572;298;274
29;1147;621;340;281
29;1060;654;332;322
29;973;684;358;326
29;886;733;384;349
29;799;726;371;355
29;712;820;432;388
29;625;977;456;521
29;538;946;492;454
29;451;924;475;449
29;364;959;485;474
29;277;963;481;482
29;190;1060;516;544
29;103;1110;543;567
29;16;1069;518;551
29;1496;532;282;250
29;1409;580;307;273
29;1322;567;294;273
29;1235;618;340;278
29;1148;639;324;315
29;1061;684;359;325
29;974;727;380;347
29;887;745;382;363
29;800;802;423;379
29;713;971;454;517
29;626;942;490;452
29;539;907;467;440
29;452;911;460;451
29;365;940;469;471
29;278;1037;509;528
29;191;1091;535;556
29;104;1061;514;547
29;17;1051;547;504
29;1497;573;306;267
29;1410;562;288;274
29;1323;608;336;272
29;1236;635;323;312
29;1149;666;349;317
29;1062;720;376;344
29;975;739;380;359
29;888;820;443;377
29;801;958;448;510
29;714;936;487;449
29;627;892;460;432
29;540;896;454;442
29;453;905;449;456
29;366;1016;499;517
29;279;1068;527;541
29;192;1043;505;538
29;105;1040;537;503
29;18;1029;547;482
29;1498;552;282;270
29;1411;610;334;276
29;1324;629;320;309
29;1237;659;342;317
29;1150;712;375;337
29;1063;729;375;354
29;976;803;437;366
29;889;922;444;478
29;802;916;475;441
29;715;886;455;431
29;628;880;447;433
29;541;884;440;444
29;454;967;471;496
29;367;1036;508;528
29;280;1016;495;521
29;193;1023;529;494
29;106;1015;543;472
29;19;860;446;414
29;1499;570;311;259
29;1412;593;305;288
29;1325;638;333;305
29;1238;691;359;332
29;1151;702;365;337
29;1064;782;427;355
29;977;905;437;468
29;890;748;421;327
29;803;863;443;420
29;716;865;436;429
29;629;859;428;431
29;542;940;454;486
29;455;972;477;495
29;368;980;480;500
29;281;993;514;479
29;194;1005;536;469
29;107;829;431;398
29;20;759;422;337
29;1500;574;295;279
29;1413;622;328;294
29;1326;664;345;319
29;1239;685;363;322
29;1152;756;416;340
29;1065;878;423;455
29;978;722;411;311
29;891;681;367;314
29;804;845;424;421
29;717;845;418;427
29;630;923;450;473
29;543;939;461;478
29;456;921;445;476
29;369;970;498;472
29;282;976;522;454
29;195;815;427;388
29;108;750;414;336
29;21;737;382;355
29;1501;580;297;283
29;1414;636;331;305
29;1327;666;352;314
29;1240;733;405;328
29;1153;848;416;432
29;1066;701;393;308
29;979;637;342;295
29;892;685;354;331
29;805;818;405;413
29;718;900;438;462
29;631;915;451;464
29;544;886;430;456
29;457;901;461;440
29;370;931;502;429
29;283;799;417;382
29;196;745;411;334
29;109;747;386;361
29;22;769;407;362
29;1502;581;292;289
29;1415;637;337;300
29;1328;705;388;317
29;1241;815;406;409
29;1154;656;381;275
29;1067;605;325;280
29;980;631;334;297
29;893;689;355;334
29;806;856;419;437
29;719;892;440;452
29;632;861;417;444
29;545;863;439;424
29;458;864;473;391
29;371;767;404;363
29;284;737;404;333
29;197;756;383;373
29;110;757;401;356
29;23;782;387;395
29;1503;596;318;278
29;1416;678;379;299
29;1329;776;380;396
29;1242;641;373;268
29;1155;557;300;257
29;1068;603;320;283
29;981;638;331;307
29;894;710;362;348
29;807;855;423;432
29;720;844;412;432
29;633;845;431;414
29;546;832;451;381
29;459;727;384;343
29;372;720;395;325
29;285;754;380;374
29;198;768;398;370
29;111;788;389;399
29;24;798;393;405
29;1504;626;357;269
29;1417;740;373;367
29;1330;601;355;246
29;1243;527;298;229
29;1156;579;309;270
29;1069;594;313;281
29;982;644;337;307
29;895;692;358;334
29;808;795;386;409
29;721;829;427;402
29;634;809;435;374
29;547;695;368;327
29;460;679;375;304
29;373;724;368;356
29;286;762;390;372
29;199;780;386;394
29;112;781;386;395
29;25;924;449;475
29;1505;673;346;327
29;1418;554;333;221
29;1331;498;279;219
29;1244;548;302;246
29;1157;575;304;271
29;1070;593;307;286
29;983;621;323;298
29;896;618;306;312
29;809;783;402;381
29;722;766;418;348
29;635;661;346;315
29;548;641;352;289
29;461;661;330;331
29;374;731;379;352
29;287;767;384;383
29;200;776;387;389
29;113;911;444;467
29;26;832;430;402
29;1506;488;304;184
29;1419;465;272;193
29;1332;521;288;233
29;1245;554;294;260
29;1158;576;306;270
29;1071;589;312;277
29;984;565;278;287
29;897;593;301;292
29;810;715;387;328
29;723;637;337;300
29;636;616;336;280
29;549;638;321;317
29;462;686;353;333
29;375;733;362;371
29;288;753;373;380
29;201;900;439;461
29;114;813;425;388
29;27;830;432;398
29;1507;432;248;184
29;1420;465;263;202
29;1333;521;279;242
29;1246;564;305;259
29;1159;557;294;263
29;1072;509;243;266
29;985;539;283;256
29;898;510;284;226
29;811;600;313;287
29;724;593;325;268
29;637;607;303;304
29;550;672;345;327
29;463;689;340;349
29;376;720;356;364
29;289;874;426;448
29;202;809;423;386
29;115;815;423;392
29;28;865;418;447
29;1508;421;234;187
29;1421;470;260;210
29;1334;558;307;251
29;1247;528;280;248
29;1160;477;234;243
29;1073;519;272;247
29;986;455;261;194
29;899;499;250;249
29;812;560;307;253
29;725;579;286;293
29;638;650;334;316
29;551;679;338;341
29;464;683;334;349
29;377;848;415;433
29;290;790;424;366
29;203;808;416;392
29;116;851;409;442
29;29;920;475;445
29;1509;443;250;193
29;1422;515;290;225
29;1335;507;277;230
29;1248;467;234;233
29;1161;476;256;220
29;1074;442;254;188
29;987;463;230;233
29;900;570;296;274
29;813;543;267;276
29;726;630;326;304
29;639;661;327;334
29;552;668;326;342
29;465;801;393;408
29;378;782;416;366
29;291;785;400;385
29;204;842;403;439
29;117;895;462;433
29;30;945;464;481
29;1510;488;281;207
29;1423;461;253;208
29;1336;449;222;227
29;1249;454;246;208
29;1162;413;242;171
29;1075;427;218;209
29;988;549;281;268
29;901;508;241;267
29;814;610;319;291
29;727;644;319;325
29;640;653;323;330
29;553;783;384;399
29;466;751;399;352
29;379;768;396;372
29;292;816;386;430
29;205;883;457;426
29;118;930;458;472
29;31;964;493;471
29;1511;438;240;198
29;1424;426;214;212
29;1337;441;239;202
29;1250;405;231;174
29;1163;414;215;199
29;1076;530;272;258
29;989;494;235;259
29;902;577;293;284
29;815;626;306;320
29;728;645;319;326
29;641;759;369;390
29;554;727;390;337
29;467;732;376;356
29;380;791;374;417
29;293;865;448;417
29;206;925;455;470
29;119;944;482;462
29;32;916;450;466
29;1512;396;197;199
29;1425;408;221;187
29;1338;405;226;179
29;1251;400;207;193
29;1164;521;266;255
29;1077;474;226;248
29;990;547;279;268
29;903;597;287;310
29;816;628;305;323
29;729;752;370;382
29;642;721;383;338
29;555;710;366;344
29;468;765;360;405
29;381;839;432;407
29;294;900;440;460
29;207;933;478;455
29;120;903;444;459
29;33;977;501;476
29;1513;395;219;176
29;1426;370;209;161
29;1339;386;203;183
29;1252;505;258;247
29;1165;467;224;243
29;1078;538;273;265
29;991;571;277;294
29;904;587;280;307
29;817;721;348;373
29;730;714;379;335
29;643;699;361;338
29;556;754;353;401
29;469;804;414;390
29;382;891;432;459
29;295;918;469;449
29;208;899;445;454
29;121;955;486;469
29;34;927;452;475
29;1514;358;202;156
29;1427;364;193;171
29;1340;499;252;247
29;1253;459;222;237
29;1166;516;254;262
29;1079;552;270;282
29;992;552;266;286
29;905;697;339;358
29;818;692;367;325
29;731;693;354;339
29;644;737;346;391
29;557;786;405;381
29;470;855;412;443
29;383;908;470;438
29;296;882;439;443
29;209;940;479;461
29;122;910;442;468
29;35;987;493;494
29;1515;348;184;164
29;1428;484;247;237
29;1341;453;213;240
29;1254;500;252;248
29;1167;516;246;270
29;1080;548;264;284
29;993;677;325;352
29;906;652;339;313
29;819;667;337;330
29;732;726;342;384
29;645;776;396;380
29;558;843;404;439
29;471;869;447;422
29;384;859;427;432
29;297;914;462;452
29;210;896;436;460
29;123;972;484;488
29;36;949;497;452
29;1516;469;242;227
29;1429;433;201;232
29;1342;484;246;238
29;1255;509;240;269
29;1168;521;251;270
29;1081;659;318;341
29;994;632;332;300
29;907;675;331;344
29;820;704;330;374
29;733;757;382;375
29;646;832;397;435
29;559;853;439;414
29;472;820;401;419
29;385;907;460;447
29;298;880;425;455
29;211;956;476;480
29;124;935;489;446
29;37;959;474;485
29;1517;417;190;227
29;1430;471;245;226
29;1343;498;240;258
29;1256;506;244;262
29;1169;650;312;338
29;1082;617;318;299
29;995;658;316;342
29;908;696;324;372
29;821;734;367;367
29;734;829;398;431
29;647;836;427;409
29;560;805;391;414
29;473;875;444;431
29;386;869;420;449
29;299;937;470;467
29;212;933;492;441
29;125;948;467;481
29;38;925;475;450
29;1518;465;247;218
29;1431;479;225;254
29;1344;502;239;263
29;1257;633;306;327
29;1170;611;313;298
29;1083;647;307;340
29;996;676;308;368
29;909;745;367;378
29;822;813;388;425
29;735;835;427;408
29;648;794;388;406
29;561;859;428;431
29;474;845;407;438
29;387;925;464;461
29;300;913;480;433
29;213;940;461;479
29;126;912;465;447
29;39;921;480;441
29;1519;466;222;244
29;1432;479;222;257
29;1345;620;301;319
29;1258;601;307;294
29;1171;629;296;333
29;1084;667;305;362
29;997;723;356;367
29;910;820;395;425
29;823;810;409;401
29;736;793;386;407
29;649;842;419;423
29;562;831;397;434
29;475;890;437;453
29;388;890;465;425
29;301;926;458;468
29;214;898;456;442
29;127;895;463;432
29;40;1015;490;525
29;1520;481;228;253
29;1433;610;295;315
29;1346;584;294;290
29;1259;624;291;333
29;1172;660;300;360
29;1085;710;357;353
29;998;806;391;415
29;911;818;413;405
29;824;782;378;404
29;737;835;416;419
29;650;818;389;429
29;563;874;428;446
29;476;859;444;415
29;389;905;447;458
29;302;884;449;435
29;215;881;458;423
29;128;991;472;519
29;41;996;443;553
29;1521;597;289;308
29;1434;569;290;279
29;1347;619;287;332
29;1260;649;288;361
29;1173;696;345;351
29;1086;788;383;405
29;999;808;402;406
29;912;791;385;406
29;825;818;403;415
29;738;810;383;427
29;651;854;418;436
29;564;843;432;411
29;477;875;430;445
29;390;871;443;428
29;303;870;453;417
29;216;978;466;512
29;129;990;441;549
29;42;987;475;512
29;1522;560;288;272
29;1435;617;287;330
29;1348;639;285;354
29;1261;686;338;348
29;1174;776;372;404
29;1087;798;395;403
29;1000;777;374;403
29;913;825;392;433
29;826;792;372;420
29;739;838;407;431
29;652;838;430;408
29;565;867;423;444
29;478;851;427;424
29;391;852;442;410
29;304;954;457;497
29;217;979;432;547
29;130;974;470;504
29;43;912;451;461
29;1523;599;273;326
29;1436;634;281;353
29;1349;685;334;351
29;1262;781;377;404
29;1175;793;392;401
29;1088;767;369;398
29;1001;805;382;423
29;914;792;378;414
29;827;818;396;422
29;740;831;423;408
29;653;855;422;433
29;566;839;418;421
29;479;821;422;399
29;392;929;445;484
29;305;969;428;541
29;218;965;462;503
29;131;907;454;453
29;44;805;412;393
29;1524;638;287;351
29;1437;682;336;346
29;1350;758;361;397
29;1263;786;384;402
29;1176;760;367;393
29;1089;795;378;417
29;1002;787;376;411
29;915;855;411;444
29;828;808;408;400
29;741;841;408;433
29;654;818;405;413
29;567;810;416;394
29;480;904;429;475
29;393;952;421;531
29;306;947;454;493
29;219;900;450;450
29;132;800;408;392
29;45;824;399;425
29;1525;669;329;340
29;1438;760;361;399
29;1351;777;385;392
29;1264;743;359;384
29;1177;784;368;416
29;1090;780;370;410
29;1003;841;405;436
29;916;808;409;399
29;829;818;395;423
29;742;807;397;410
29;655;797;409;388
29;568;879;414;465
29;481;925;407;518
29;394;934;445;489
29;307;895;443;452
29;220;790;403;387
29;133;808;390;418
29;46;830;399;431
29;1526;759;361;398
29;1439;765;377;388
29;1352;739;360;379
29;1265;775;360;415
29;1178;770;365;405
29;1091;835;397;438
29;1004;800;408;392
29;917;820;384;436
29;830;791;386;405
29;743;788;403;385
29;656;861;403;458
29;569;912;397;515
29;482;903;429;474
29;395;885;436;449
29;308;784;401;383
29;221;800;385;415
29;134;819;391;428
29;47;823;394;429
29;1527;756;373;383
29;1440;727;351;376
29;1353;767;358;409
29;1266;763;360;403
29;1179;829;399;430
29;1092;792;404;388
29;1005;805;375;430
29;918;784;391;393
29;831;771;395;376
29;744;854;394;460
29;657;901;395;506
29;570;880;414;466
29;483;860;419;441
29;396;769;393;376
29;309;790;379;411
29;222;814;388;426
29;135;826;399;427
29;48;767;365;402
29;1528;727;356;371
29;1441;759;356;403
29;1354;758;362;396
29;1267;830;402;428
29;1180;777;391;386
29;1093;808;376;432
29;1006;765;381;384
29;919;795;404;391
29;832;828;381;447
29;745;885;387;498
29;658;864;404;460
29;571;843;410;433
29;484;748;379;369
29;397;767;368;399
29;310;803;383;420
29;223;813;392;421
29;136;749;352;397
29;49;870;387;483
29;1529;744;347;397
29;1442;749;358;391
29;1355;827;394;433
29;1268;770;390;380
29;1181;794;367;427
29;1094;747;371;376
29;1007;790;403;387
29;920;855;397;458
29;833;865;378;487
29;746;853;399;454
29;659;837;404;433
29;572;742;376;366
29;485;748;358;390
29;398;785;372;413
29;311;811;396;415
29;224;744;349;395
29;137;853;374;479
29;50;774;382;392
29;1530;736;354;382
29;1443;810;388;422
29;1356;757;384;373
29;1269;783;361;422
29;1182;742;366;376
29;1095;780;398;382
29;1008;843;393;450
29;921;869;373;496
29;834;835;388;447
29;747;824;397;427
29;660;721;361;360
29;573;739;353;386
29;486;761;358;403
29;399;796;388;408
29;312;726;337;389
29;225;841;370;471
29;138;765;374;391
29;51;797;371;426
29;1531;796;382;414
29;1444;747;375;372
29;1357;777;357;420
29;1270;731;356;375
29;1183;775;394;381
29;1096;839;394;445
29;1009;854;366;488
29;922;877;398;479
29;835;797;376;421
29;748;710;356;354
29;661;723;343;380
29;574;743;348;395
29;487;778;378;400
29;400;701;329;372
29;313;823;360;463
29;226;748;361;387
29;139;776;360;416
29;52;809;383;426
29;1532;739;373;366
29;1445;766;352;414
29;1358;718;348;370
29;1271;771;391;380
29;1184;821;381;440
29;1097;845;364;481
29;1010;859;386;473
29;923;782;379;403
29;836;693;343;350
29;749;715;334;381
29;662;734;347;387
29;575;768;375;393
29;488;670;312;358
29;401;812;354;458
29;314;731;354;377
29;227;771;355;416
29;140;804;380;424
29;53;759;379;380
29;1533;760;352;408
29;1446;701;338;363
29;1359;762;388;374
29;1272;811;374;437
29;1185;841;364;477
29;1098;849;378;471
29;1011;779;380;399
29;924;679;340;339
29;837;704;325;379
29;750;719;338;381
29;663;752;364;388
29;576;658;305;353
29;489;785;341;444
29;402;720;350;370
29;315;754;347;407
29;228;804;383;421
29;141;752;377;375
29;54;697;319;378
29;1534;693;337;356
29;1447;759;387;372
29;1360;788;358;430
29;1273;832;358;474
29;1186;843;372;471
29;1099;767;371;396
29;1012;660;326;334
29;925;703;321;382
29;838;707;335;372
29;751;740;359;381
29;664;643;295;348
29;577;780;336;444
29;490;699;339;360
29;403;747;342;405
29;316;787;371;416
29;229;742;368;374
29;142;679;312;367
29;55;688;331;357
29;1535;747;381;366
29;1448;778;354;424
29;1361;824;353;471
29;1274;833;368;465
29;1187;754;363;391
29;1100;656;324;332
29;1013;675;309;366
29;926;714;343;371
29;839;728;351;377
29;752;632;287;345
29;665;766;329;437
29;578;683;328;355
29;491;722;328;394
29;404;778;365;413
29;317;733;360;373
29;230;675;309;366
29;143;671;318;353
29;56;791;346;445
29;1536;762;349;413
29;1449;825;352;473
29;1362;826;364;462
29;1275;734;351;383
29;1188;648;320;328
29;1101;668;307;361
29;1014;710;340;370
29;927;727;344;383
29;840;624;281;343
29;753;747;321;426
29;666;659;312;347
29;579;707;319;388
29;492;753;349;404
29;405;717;349;368
29;318;659;299;360
29;231;663;310;353
29;144;775;341;434
29;57;662;283;379
29;1537;820;345;475
29;1450;808;353;455
29;1363;724;346;378
29;1276;642;319;323
29;1189;662;308;354
29;1102;707;342;365
29;1015;713;335;378
29;928;627;273;354
29;841;730;311;419
29;754;645;298;347
29;667;691;310;381
29;580;738;339;399
29;493;690;330;360
29;406;654;297;357
29;319;648;301;347
29;232;760;330;430
29;145;650;278;372
29;58;826;358;468
29;1538;803;349;454
29;1451;713;340;373
29;1364;640;318;322
29;1277;651;301;350
29;1190;697;331;366
29;1103;707;330;377
29;1016;613;266;347
29;929;759;321;438
29;842;627;285;342
29;755;676;298;378
29;668;720;325;395
29;581;671;319;352
29;494;627;280;347
29;407;632;296;336
29;320;754;327;427
29;233;640;271;369
29;146;803;347;456
29;59;878;386;492
29;1539;703;335;368
29;1452;636;316;320
29;1365;643;295;348
29;1278;689;327;362
29;1191;704;328;376
29;1104;600;257;343
29;1017;741;307;434
29;930;631;294;337
29;843;656;283;373
29;756;705;316;389
29;669;659;310;349
29;582;620;276;344
29;495;617;288;329
29;408;738;317;421
29;321;625;264;361
29;234;790;340;450
29;147;857;381;476
29;60;817;333;484
29;1540;627;311;316
29;1453;628;285;343
29;1366;677;319;358
29;1279;690;319;371
29;1192;587;249;338
29;1105;726;297;429
29;1018;620;288;332
29;931;668;278;390
29;844;678;295;383
29;757;642;299;343
29;670;604;265;339
29;583;592;272;320
29;496;712;298;414
29;409;611;253;358
29;322;767;325;442
29;235;834;369;465
29;148;801;325;476
29;61;769;349;420
29;1541;614;278;336
29;1454;669;312;357
29;1367;680;312;368
29;1280;586;248;338
29;1193;712;285;427
29;1106;605;274;331
29;1019;665;275;390
29;932;697;303;394
29;845;622;289;333
29;758;586;252;334
29;671;577;259;318
29;584;690;286;404
29;497;589;240;349
29;410;743;311;432
29;323;813;353;460
29;236;788;316;472
29;149;766;347;419
29;62;781;351;430
29;1542;655;304;351
29;1455;666;301;365
29;1368;569;232;337
29;1281;699;276;423
29;1194;595;267;328
29;1107;658;269;389
29;1020;681;299;382
29;933;622;284;338
29;846;559;236;323
29;759;565;253;312
29;672;678;278;400
29;585;579;235;344
29;498;711;289;422
29;411;789;344;445
29;324;774;309;465
29;237;754;339;415
29;150;769;343;426
29;63;729;309;420
29;1543;653;291;362
29;1456;556;226;330
29;1369;692;269;423
29;1282;582;261;321
29;1195;641;255;386
29;1108;669;291;378
29;1021;606;269;337
29;934;549;228;321
29;847;546;242;304
29;760;664;270;394
29;673;562;225;337
29;586;689;270;419
29;499;767;330;437
29;412;752;296;456
29;325;742;331;411
29;238;755;338;417
29;151;721;305;416
29;64;731;306;425
29;1544;550;224;326
29;1457;682;263;419
29;1370;568;253;315
29;1283;616;240;376
29;1196;660;286;374
29;1109;595;263;332
29;1022;532;219;313
29;935;549;242;307
29;848;648;261;387
29;761;546;212;334
29;674;672;256;416
29;587;751;317;434
29;500;723;276;447
29;413;721;311;410
29;326;739;325;414
29;239;711;300;411
29;152;723;304;419
29;65;750;333;417
29;1545;662;251;411
29;1458;558;245;313
29;1371;602;233;369
29;1284;640;273;367
29;1197;576;250;326
29;1110;519;210;309
29;1023;532;231;301
29;936;648;249;399
29;849;530;201;329
29;762;657;243;414
29;675;735;306;429
29;588;697;260;437
29;501;695;296;399
29;414;719;318;401
29;327;700;294;406
29;240;710;298;412
29;153;740;329;411
29;66;701;283;418
29;1546;546;235;311
29;1459;581;224;357
29;1372;619;256;363
29;1285;566;246;320
29;1198;505;203;302
29;1111;518;221;297
29;1024;632;239;393
29;937;525;201;324
29;850;640;233;407
29;763;713;286;427
29;676;677;242;435
29;589;672;280;392
29;502;688;296;392
29;415;684;284;400
29;328;697;287;410
29;241;728;320;408
29;154;687;276;411
29;67;677;260;417
29;1547;559;206;353
29;1460;606;248;358
29;1373;543;228;315
29;1286;492;195;297
29;1199;505;210;295
29;1112;621;229;392
29;1025;503;190;313
29;938;621;225;396
29;851;693;274;419
29;764;654;229;425
29;677;650;263;387
29;590;659;274;385
29;503;661;271;390
29;416;679;271;408
29;329;707;303;404
29;242;677;269;408
29;155;659;251;408
29;68;662;264;398
29;1548;591;237;354
29;1461;524;217;307
29;1374;481;188;293
29;1287;490;207;283
29;1200;604;218;386
29;1113;494;186;308
29;1026;604;220;384
29;939;673;252;421
29;852;630;219;411
29;765;630;255;375
29;678;642;261;381
29;591;644;263;381
29;504;653;259;394
29;417;685;292;393
29;330;664;259;405
29;243;640;241;399
29;156;655;260;395
29;69;670;246;424
29;1549;514;213;301
29;1462;471;181;290
29;1375;485;204;281
29;1288;587;206;381
29;1201;478;176;302
29;1114;584;215;369
29;1027;654;239;415
29;940;624;205;419
29;853;607;241;366
29;766;617;247;370
29;679;624;252;372
29;592;639;252;387
29;505;652;272;380
29;418;643;245;398
29;331;631;234;397
29;244;644;250;394
29;157;651;234;417
29;70;613;239;374
29;1550;461;176;285
29;1463;472;195;277
29;1376;569;194;375
29;1289;464;167;297
29;1202;552;197;355
29;1115;628;223;405
29;1028;615;202;413
29;941;606;234;372
29;854;589;225;364
29;767;601;242;359
29;680;606;229;377
29;593;627;258;369
29;506;617;236;381
29;419;609;224;385
29;332;622;242;380
29;245;625;223;402
29;158;602;233;369
29;71;587;218;369
29;1551;461;185;276
29;1464;548;180;368
29;1377;449;160;289
29;1290;530;184;346
29;1203;611;214;397
29;1116;592;188;404
29;1029;587;224;363
29;942;593;216;377
29;855;579;226;353
29;768;589;217;372
29;681;600;243;357
29;594;588;217;371
29;507;578;208;370
29;420;597;228;369
29;333;612;214;398
29;246;582;224;358
29;159;568;205;363
29;72;513;177;336
29;1552;522;164;358
29;1465;436;147;289
29;1378;512;171;341
29;1291;594;203;391
29;1204;570;178;392
29;1117;575;216;359
29;1030;580;210;370
29;943;571;221;350
29;856;561;198;363
29;769;574;228;346
29;682;564;208;356
29;595;548;191;357
29;508;572;213;359
29;421;594;204;390
29;334;566;212;354
29;247;546;194;352
29;160;495;168;327
29;73;530;178;352
29;1553;410;134;276
29;1466;491;158;333
29;1379;574;188;386
29;1292;546;164;382
29;1205;555;201;354
29;1118;560;199;361
29;1031;549;206;343
29;944;550;184;366
29;857;550;214;336
29;770;541;191;350
29;683;527;176;351
29;596;547;195;352
29;509;562;186;376
29;422;545;197;348
29;335;530;189;341
29;248;475;158;317
29;161;511;169;342
29;74;520;184;336
29;1554;477;148;329
29;1467;558;176;382
29;1380;526;155;371
29;1293;527;184;343
29;1206;548;196;352
29;1119;528;190;338
29;1032;532;176;356
29;945;552;219;333
29;858;513;178;335
29;771;507;167;340
29;684;516;179;337
29;597;542;173;369
29;510;513;185;328
29;423;510;178;332
29;336;461;148;313
29;249;497;162;335
29;162;512;182;330
29;75;479;115;364
29;1555;537;163;374
29;1468;505;146;359
29;1381;509;176;333
29;1294;527;185;342
29;1207;511;181;330
29;1120;513;166;347
29;1033;532;211;321
29;946;492;166;326
29;859;480;157;323
29;772;490;165;325
29;685;519;161;358
29;598;485;169;316
29;511;474;163;311
29;424;440;137;303
29;337;473;144;329
29;250;485;167;318
29;163;456;106;350
29;76;429;112;317
29;1556;477;136;341
29;1469;488;163;325
29;1382;505;171;334
29;1295;486;162;324
29;1208;492;155;337
29;1121;511;196;315
29;1034;468;155;313
29;947;481;154;327
29;860;463;150;313
29;773;492;147;345
29;686;459;156;303
29;599;441;143;298
29;512;411;124;287
29;425;456;138;318
29;338;461;155;306
29;251;433;94;339
29;164;408;104;304
29;77;431;152;279
29;1557;467;148;319
29;1470;484;163;321
29;1383;470;156;314
29;1296;470;145;325
29;1209;482;175;307
29;1122;446;143;303
29;1035;461;146;315
29;948;444;137;307
29;861;469;137;332
29;774;428;145;283
29;687;420;133;287
29;600;388;114;274
29;513;420;125;295
29;426;429;139;290
29;339;407;83;324
29;252;387;98;289
29;165;415;148;267
29;78;353;104;249
29;1558;458;151;307
29;1471;444;146;298
29;1384;451;135;316
29;1297;456;164;292
29;1210;421;133;288
29;1123;435;138;297
29;1036;421;126;295
29;949;444;130;314
29;862;402;133;269
29;775;393;119;274
29;688;376;112;264
29;601;402;118;284
29;514;397;126;271
29;427;387;77;310
29;340;362;95;267
29;253;392;135;257
29;166;334;96;238
29;79;349;102;247
29;1559;410;132;278
29;1472;426;123;303
29;1385;435;152;283
29;1298;395;121;274
29;1211;407;127;280
29;1124;393;113;280
29;1037;422;121;301
29;950;380;122;258
29;863;357;98;259
29;776;362;107;255
29;689;376;109;267
29;602;362;113;249
29;515;369;71;298
29;428;352;91;261
29;341;362;117;245
29;254;306;88;218
29;167;336;97;239
29;80;316;102;214
29;1560;401;113;288
29;1473;405;143;262
29;1386;363;109;254
29;1299;386;115;271
29;1212;369;101;268
29;1125;399;109;290
29;1038;355;113;242
29;951;332;88;244
29;864;336;98;238
29;777;350;98;252
29;690;332;102;230
29;603;342;62;280
29;516;316;77;239
29;429;344;112;232
29;342;274;77;197
29;255;297;80;217
29;168;304;96;208
29;81;251;68;183
29;1561;371;125;246
29;1474;339;99;240
29;1387;354;103;251
29;1300;341;90;251
29;1213;362;99;263
29;1126;333;103;230
29;1039;305;75;230
29;952;316;95;221
29;865;320;88;232
29;778;310;96;214
29;691;316;59;257
29;604;297;69;228
29;517;308;102;206
29;430;249;64;185
29;343;279;72;207
29;256;271;84;187
29;169;227;54;173
29;82;191;63;128
29;1562;305;89;216
29;1475;325;94;231
29;1388;317;81;236
29;1301;328;86;242
29;1214;302;85;217
29;1127;283;70;213
29;1040;288;88;200
29;953;307;81;226
29;866;270;76;194
29;779;287;52;235
29;692;267;60;207
29;605;272;85;187
29;518;232;60;172
29;431;240;60;180
29;344;246;75;171
29;257;210;51;159
29;170;164;53;111
29;83;154;33;121
29;1563;297;82;215
29;1476;294;72;222
29;1389;298;75;223
29;1302;277;75;202
29;1215;264;65;199
29;1128;267;79;188
29;1041;282;69;213
29;954;242;65;177
29;867;262;46;216
29;780;236;53;183
29;693;243;75;168
29;606;209;53;156
29;519;212;54;158
29;432;225;72;153
29;345;190;44;146
29;258;144;45;99
29;171;134;27;107
29;84;135;38;97
29;1564;261;59;202
29;1477;274;67;207
29;1390;249;64;185
29;1303;239;56;183
29;1216;244;69;175
29;1129;251;57;194
29;1042;216;56;160
29;955;233;40;193
29;868;209;48;161
29;781;211;62;149
29;694;188;46;142
29;607;187;48;139
29;520;194;59;135
29;433;166;36;130
29;346;127;41;86
29;259;123;23;100
29;172;116;30;86
29;85;163;41;122
29;1565;1182;246;936
29;1478;1124;241;883
29;1391;1084;229;855
29;1304;1079;234;845
29;1217;1046;218;828
29;1130;992;204;788
29;1043;948;197;751
29;956;888;200;688
29;869;800;184;616
29;782;760;158;602
29;695;736;159;577
29;608;707;161;546
29;521;644;139;505
29;434;659;167;492
29;347;690;159;531
29;260;722;183;539
29;173;784;218;566
29;86;783;218;565
29;1566;46626;21500;25126
29;1479;47872;22068;25804
29;1392;49053;22587;26466
29;1305;49939;23000;26939
29;1218;50881;23436;27445
29;1131;51969;23929;28040
29;1044;52911;24380;28531
29;957;54254;24997;29257
29;870;56025;25828;30197
29;783;57399;26611;30788
29;696;58226;27044;31182
29;609;59253;27577;31676
29;522;60352;28180;32172
29;435;62551;29326;33225
29;348;63692;29852;33840
29;261;64554;30282;34272
29;174;65127;30557;34570
29;87;65717;30790;34927
30;1480;230;124;106
30;1393;238;122;116
30;1306;239;120;119
30;1219;272;140;132
30;1132;280;149;131
30;1045;272;144;128
30;958;264;133;131
30;871;263;151;112
30;784;318;163;155
30;697;295;155;140
30;610;316;153;163
30;523;300;137;163
30;436;306;138;168
30;349;322;156;166
30;262;367;190;177
30;175;383;199;184
30;88;386;185;201
30;1;379;186;193
30;1481;224;112;112
30;1394;235;122;113
30;1307;273;141;132
30;1220;271;147;124
30;1133;265;140;125
30;1046;256;133;123
30;959;249;148;101
30;872;279;151;128
30;785;288;149;139
30;698;304;145;159
30;611;291;132;159
30;524;300;137;163
30;437;308;147;161
30;350;355;181;174
30;263;384;201;183
30;176;385;186;199
30;89;370;182;188
30;2;423;232;191
30;1482;231;120;111
30;1395;264;138;126
30;1308;260;143;117
30;1221;251;132;119
30;1134;247;125;122
30;1047;238;143;95
30;960;260;140;120
30;873;259;133;126
30;786;284;134;150
30;699;286;131;155
30;612;296;134;162
30;525;301;147;154
30;438;341;172;169
30;351;381;199;182
30;264;387;184;203
30;177;372;184;188
30;90;422;233;189
30;3;469;256;213
30;1483;262;134;128
30;1396;258;143;115
30;1309;237;126;111
30;1222;235;119;116
30;1135;226;137;89
30;1048;251;133;118
30;961;252;129;123
30;874;234;112;122
30;787;279;133;146
30;700;286;128;158
30;613;293;143;150
30;526;327;163;164
30;439;372;195;177
30;352;382;184;198
30;265;366;180;186
30;178;422;232;190
30;91;463;251;212
30;4;456;232;224
30;1484;254;138;116
30;1397;228;119;109
30;1310;230;115;115
30;1223;223;136;87
30;1136;243;130;113
30;1049;249;130;119
30;962;225;112;113
30;875;243;110;133
30;788;276;121;155
30;701;286;139;147
30;614;314;158;156
30;527;367;193;174
30;440;374;179;195
30;353;359;177;182
30;266;417;228;189
30;179;462;251;211
30;92;451;229;222
30;5;490;267;223
30;1485;226;118;108
30;1398;219;110;109
30;1311;214;133;81
30;1224;230;121;109
30;1137;252;129;123
30;1050;218;105;113
30;963;238;105;133
30;876;260;121;139
30;789;283;135;148
30;702;311;155;156
30;615;363;194;169
30;528;371;177;194
30;441;353;172;181
30;354;410;227;183
30;267;463;252;211
30;180;453;230;223
30;93;484;266;218
30;6;499;245;254
30;1486;217;109;108
30;1399;213;131;82
30;1312;219;119;100
30;1225;256;133;123
30;1138;211;104;107
30;1051;236;106;130
30;964;257;120;137
30;877;267;123;144
30;790;308;154;154
30;703;351;186;165
30;616;363;169;194
30;529;348;173;175
30;442;399;221;178
30;355;457;250;207
30;268;448;227;221
30;181;483;265;218
30;94;500;245;255
30;7;505;281;224
30;1487;205;126;79
30;1400;210;110;100
30;1313;251;130;121
30;1226;206;103;103
30;1139;227;99;128
30;1052;254;119;135
30;965;264;124;140
30;878;309;156;153
30;791;344;182;162
30;704;355;167;188
30;617;348;172;176
30;530;393;218;175
30;443;450;246;204
30;356;444;227;217
30;269;482;263;219
30;182;500;244;256
30;95;505;283;222
30;8;576;294;282
30;1488;203;107;96
30;1401;248;132;116
30;1314;201;101;100
30;1227;219;95;124
30;1140;249;115;134
30;1053;265;124;141
30;966;308;153;155
30;879;301;172;129
30;792;349;163;186
30;705;345;170;175
30;618;391;215;176
30;531;448;245;203
30;444;441;226;215
30;357;472;259;213
30;270;492;239;253
30;183;505;282;223
30;96;570;292;278
30;9;692;358;334
30;1489;248;134;114
30;1402;200;100;100
30;1315;217;92;125
30;1228;240;110;130
30;1141;264;125;139
30;1054;305;152;153
30;967;296;170;126
30;880;336;158;178
30;793;341;166;175
30;706;384;211;173
30;619;443;245;198
30;532;433;218;215
30;445;467;258;209
30;358;481;235;246
30;271;504;281;223
30;184;569;291;278
30;97;688;357;331
30;10;661;361;300
30;1490;205;103;102
30;1403;212;89;123
30;1316;237;107;130
30;1229;260;122;138
30;1142;304;152;152
30;1055;291;167;124
30;968;322;151;171
30;881;341;176;165
30;794;381;210;171
30;707;437;242;195
30;620;434;219;215
30;533;463;256;207
30;446;472;233;239
30;359;500;277;223
30;272;568;291;277
30;185;685;356;329
30;98;659;362;297
30;11;664;331;333
30;1491;208;89;119
30;1404;229;106;123
30;1317;253;118;135
30;1230;302;152;150
30;1143;288;164;124
30;1056;326;154;172
30;969;336;173;163
30;882;381;206;175
30;795;431;239;192
30;708;425;215;210
30;621;466;259;207
30;534;470;234;236
30;447;493;274;219
30;360;560;287;273
30;273;683;354;329
30;186;658;363;295
30;99;660;329;331
30;12;717;387;330
30;1492;223;106;117
30;1405;246;111;135
30;1318;302;151;151
30;1231;281;160;121
30;1144;319;151;168
30;1057;334;170;164
30;970;379;205;174
30;883;434;241;193
30;796;418;210;208
30;709;463;258;205
30;622;461;230;231
30;535;489;270;219
30;448;554;286;268
30;361;671;349;322
30;274;648;355;293
30;187;655;325;330
30;100;707;382;325
30;13;639;313;326
30;1493;243;110;133
30;1406;296;145;151
30;1319;278;159;119
30;1232;314;146;168
30;1145;327;163;164
30;1058;374;203;171
30;971;433;242;191
30;884;420;212;208
30;797;461;255;206
30;710;462;229;233
30;623;484;266;218
30;536;546;283;263
30;449;658;340;318
30;362;641;352;289
30;275;639;318;321
30;188;698;377;321
30;101;628;308;320
30;14;702;339;363
30;1494;294;146;148
30;1407;270;153;117
30;1320;315;145;170
30;1233;321;161;160
30;1146;373;202;171
30;1059;431;242;189
30;972;414;208;206
30;885;462;254;208
30;798;459;228;231
30;711;481;264;217
30;624;541;282;259
30;537;649;335;314
30;450;627;344;283
30;363;623;311;312
30;276;680;367;313
30;189;618;300;318
30;102;695;333;362
30;15;739;367;372
30;1495;269;153;116
30;1408;307;142;165
30;1321;316;160;156
30;1234;372;202;170
30;1147;432;244;188
30;1060;415;210;205
30;973;458;251;207
30;886;459;231;228
30;799;472;260;212
30;712;537;277;260
30;625;643;330;313
30;538;625;343;282
30;451;606;303;303
30;364;672;361;311
30;277;613;299;314
30;190;683;326;357
30;103;728;360;368
30;16;692;348;344
30;1496;308;143;165
30;1409;313;160;153
30;1322;367;199;168
30;1235;430;244;186
30;1148;406;204;202
30;1061;456;250;206
30;974;457;229;228
30;887;473;260;213
30;800;531;276;255
30;713;642;331;311
30;626;620;341;279
30;539;596;298;298
30;452;651;347;304
30;365;600;294;306
30;278;672;325;347
30;191;719;354;365
30;104;683;345;338
30;17;657;353;304
30;1497;307;157;150
30;1410;361;198;163
30;1323;421;235;186
30;1236;399;203;196
30;1149;452;248;204
30;1062;453;225;228
30;975;470;261;209
30;888;543;274;269
30;801;642;331;311
30;714;612;336;276
30;627;586;293;293
30;540;642;341;301
30;453;581;281;300
30;366;656;319;337
30;279;703;347;356
30;192;675;339;336
30;105;651;348;303
30;18;678;349;329
30;1498;347;193;154
30;1411;413;232;181
30;1324;395;204;191
30;1237;451;248;203
30;1150;453;224;229
30;1063;465;257;208
30;976;540;271;269
30;889;634;329;305
30;802;598;330;268
30;715;577;286;291
30;628;633;336;297
30;541;573;277;296
30;454;636;309;327
30;367;682;337;345
30;280;659;330;329
30;193;644;343;301
30;106;662;342;320
30;19;536;294;242
30;1499;397;228;169
30;1412;389;207;182
30;1325;443;243;200
30;1238;433;215;218
30;1151;453;250;203
30;1064;528;267;261
30;977;623;323;300
30;890;512;300;212
30;803;566;279;287
30;716;623;331;292
30;629;560;269;291
30;542;617;303;314
30;455;648;317;331
30;368;633;319;314
30;281;625;332;293
30;194;657;338;319
30;107;527;287;240
30;20;493;286;207
30;1500;363;200;163
30;1413;431;238;193
30;1326;410;206;204
30;1239;437;244;193
30;1152;515;260;255
30;1065;606;319;287
30;978;492;289;203
30;891;445;243;202
30;804;600;322;278
30;717;548;262;286
30;630;602;298;304
30;543;626;305;321
30;456;592;303;289
30;369;604;319;285
30;282;642;330;312
30;195;525;283;242
30;108;481;277;204
30;21;475;260;215
30;1501;402;225;177
30;1414;396;203;193
30;1327;423;239;184
30;1240;496;255;241
30;1153;593;312;281
30;1066;478;284;194
30;979;430;238;192
30;892;461;260;201
30;805;530;256;274
30;718;588;290;298
30;631;606;301;305
30;544;570;292;278
30;457;569;304;265
30;370;615;318;297
30;283;512;273;239
30;196;475;272;203
30;109;464;250;214
30;22;466;262;204
30;1502;371;192;179
30;1415;416;236;180
30;1328;465;237;228
30;1241;561;296;265
30;1154;467;283;184
30;1067;409;236;173
30;980;435;246;189
30;893;395;211;184
30;806;562;276;286
30;719;588;294;294
30;632;552;285;267
30;545;533;287;246
30;458;573;299;274
30;371;493;266;227
30;284;460;265;195
30;197;463;249;214
30;110;464;260;204
30;23;488;256;232
30;1503;387;222;165
30;1416;439;221;218
30;1329;528;283;245
30;1242;439;271;168
30;1155;384;229;155
30;1068;414;248;166
30;981;363;198;165
30;894;414;220;194
30;807;555;276;279
30;720;525;276;249
30;633;512;278;234
30;546;537;284;253
30;459;466;250;216
30;372;434;257;177
30;285;451;241;210
30;198;454;255;199
30;111;476;254;222
30;24;472;238;234
30;1504;404;199;205
30;1417;502;266;236
30;1330;404;260;144
30;1243;360;216;144
30;1156;382;237;145
30;1069;344;191;153
30;982;372;200;172
30;895;400;211;189
30;808;497;261;236
30;721;485;262;223
30;634;512;270;242
30;547;441;233;208
30;460;397;234;163
30;373;431;224;207
30;286;444;246;198
30;199;465;247;218
30;112;466;240;226
30;25;495;279;216
30;1505;441;244;197
30;1418;354;236;118
30;1331;334;205;129
30;1244;357;222;135
30;1157;309;179;130
30;1070;358;188;170
30;983;349;186;163
30;896;351;181;170
30;809;450;248;202
30;722;482;252;230
30;635;405;216;189
30;548;361;216;145
30;461;399;210;189
30;374;409;236;173
30;287;439;235;204
30;200;463;240;223
30;113;495;284;211
30;26;499;256;243
30;1506;320;223;97
30;1419;288;187;101
30;1332;320;204;116
30;1245;291;173;118
30;1158;306;165;141
30;1071;319;177;142
30;984;312;169;143
30;897;292;168;124
30;810;441;234;207
30;723;378;199;179
30;636;327;198;129
30;549;366;193;173
30;462;374;216;158
30;375;413;222;191
30;288;444;230;214
30;201;484;280;204
30;114;487;249;238
30;27;444;227;217
30;1507;239;168;71
30;1420;285;182;103
30;1333;264;159;105
30;1246;297;163;134
30;1159;291;161;130
30;1072;288;159;129
30;985;263;149;114
30;898;306;163;143
30;811;346;183;163
30;724;308;190;118
30;637;346;186;160
30;550;347;202;145
30;463;383;211;172
30;376;408;213;195
30;289;460;266;194
30;202;477;243;234
30;115;429;215;214
30;28;487;260;227
30;1508;245;159;86
30;1421;237;147;90
30;1334;262;150;112
30;1247;284;163;121
30;1160;277;153;124
30;1073;237;135;102
30;986;284;152;132
30;899;279;142;137
30;812;289;183;106
30;725;314;172;142
30;638;326;190;136
30;551;371;204;167
30;464;381;200;181
30;377;446;259;187
30;290;458;233;225
30;203;414;206;208
30;116;481;254;227
30;29;492;252;240
30;1509;209;132;77
30;1422;227;135;92
30;1335;249;148;101
30;1248;248;135;113
30;1161;221;126;95
30;1074;260;134;126
30;987;258;135;123
30;900;252;138;114
30;813;292;157;135
30;726;298;176;122
30;639;341;189;152
30;552;357;187;170
30;465;423;244;179
30;378;433;219;214
30;291;393;198;195
30;204;466;244;222
30;117;472;242;230
30;30;510;255;255
30;1510;208;130;78
30;1423;213;135;78
30;1336;229;126;103
30;1249;202;120;82
30;1162;244;124;120
30;1075;246;131;115
30;988;227;121;106
30;901;285;146;139
30;814;276;169;107
30;727;326;184;142
30;640;336;179;157
30;553;412;234;178
30;466;418;211;207
30;379;373;189;184
30;292;446;230;216
30;205;463;237;226
30;118;498;249;249
30;31;522;247;275
30;1511;190;117;73
30;1424;210;116;94
30;1337;183;119;64
30;1250;239;127;112
30;1163;234;125;109
30;1076;210;107;103
30;989;273;142;131
30;902;300;153;147
30;815;304;171;133
30;728;321;174;147
30;641;394;219;175
30;554;401;203;198
30;467;357;182;175
30;380;434;225;209
30;293;445;226;219
30;206;488;244;244
30;119;505;239;266
30;32;508;252;256
30;1512;193;103;90
30;1425;151;100;51
30;1338;224;119;105
30;1251;211;112;99
30;1164;196;99;97
30;1077;260;132;128
30;990;279;142;137
30;903;338;175;163
30;816;305;163;142
30;729;373;212;161
30;642;382;191;191
30;555;350;178;172
30;468;411;211;200
30;381;415;208;207
30;294;476;234;242
30;207;502;242;260
30;120;497;244;253
30;33;557;279;278
30;1513;141;92;49
30;1426;202;108;94
30;1339;197;108;89
30;1252;185;92;93
30;1165;252;127;125
30;1078;271;137;134
30;991;320;165;155
30;904;350;172;178
30;817;352;200;152
30;730;366;185;181
30;643;340;171;169
30;556;402;200;202
30;469;401;197;204
30;382;462;229;233
30;295;493;237;256
30;208;494;243;251
30;121;545;274;271
30;34;525;258;267
30;1514;188;101;87
30;1427;178;94;84
30;1340;171;84;87
30;1253;236;118;118
30;1166;267;136;131
30;1079;314;156;158
30;992;336;167;169
30;905;369;195;174
30;818;351;179;172
30;731;335;168;167
30;644;387;188;199
30;557;394;190;204
30;470;437;213;224
30;383;477;227;250
30;296;488;237;251
30;209;543;276;267
30;122;516;251;265
30;35;516;268;248
30;1515;176;95;81
30;1428;171;84;87
30;1341;230;116;114
30;1254;261;137;124
30;1167;302;153;149
30;1080;325;161;164
30;993;356;185;171
30;906;348;168;180
30;819;316;160;156
30;732;368;177;191
30;645;385;183;202
30;558;425;205;220
30;471;460;217;243
30;384;477;231;246
30;297;529;269;260
30;210;506;245;261
30;123;505;260;245
30;36;554;287;267
30;1516;163;79;84
30;1429;222;113;109
30;1342;251;130;121
30;1255;288;144;144
30;1168;314;156;158
30;1081;344;176;168
30;994;329;159;170
30;907;351;172;179
30;820;352;165;187
30;733;380;179;201
30;646;418;202;216
30;559;455;212;243
30;472;466;225;241
30;385;521;265;256
30;298;496;239;257
30;211;504;260;244
30;124;550;285;265
30;37;583;299;284
30;1517;207;109;98
30;1430;246;129;117
30;1343;286;142;144
30;1256;302;151;151
30;1169;339;174;165
30;1082;324;155;169
30;995;347;173;174
30;908;392;199;193
30;821;366;169;197
30;734;408;195;213
30;647;441;200;241
30;560;457;219;238
30;473;510;254;256
30;386;482;230;252
30;299;487;253;234
30;212;542;281;261
30;125;571;291;280
30;38;547;298;249
30;1518;232;119;113
30;1431;283;141;142
30;1344;290;147;143
30;1257;331;171;160
30;1170;326;155;171
30;1083;343;170;173
30;996;381;196;185
30;909;415;196;219
30;822;398;186;212
30;735;431;197;234
30;648;450;217;233
30;561;498;250;248
30;474;470;223;247
30;387;469;243;226
30;300;535;278;257
30;213;562;286;276
30;126;541;294;247
30;39;588;327;261
30;1519;278;136;142
30;1432;284;145;139
30;1345;325;167;158
30;1258;322;151;171
30;1171;327;161;166
30;1084;375;193;182
30;997;406;194;212
30;910;419;199;220
30;823;419;186;233
30;736;440;210;230
30;649;487;241;246
30;562;461;220;241
30;475;447;230;217
30;388;519;267;252
30;301;552;282;270
30;214;538;292;246
30;127;574;317;257
30;40;599;331;268
30;1520;279;141;138
30;1433;321;168;153
30;1346;317;150;167
30;1259;327;161;166
30;1172;374;191;183
30;1085;401;189;212
30;998;396;182;214
30;911;447;204;243
30;824;429;204;225
30;737;477;234;243
30;650;451;214;237
30;563;439;223;216
30;476;519;264;255
30;389;542;274;268
30;302;528;290;238
30;215;568;313;255
30;128;584;323;261
30;41;600;305;295
30;1521;317;167;150
30;1434;309;145;164
30;1347;322;161;161
30;1260;376;193;183
30;1173;399;188;211
30;1086;391;179;212
30;999;435;199;236
30;912;436;215;221
30;825;470;232;238
30;738;445;213;232
30;651;434;221;213
30;564;515;263;252
30;477;532;267;265
30;390;522;287;235
30;303;561;310;251
30;216;581;320;261
30;129;593;298;295
30;42;607;321;286
30;1522;300;139;161
30;1435;319;160;159
30;1348;372;193;179
30;1261;398;187;211
30;1174;382;177;205
30;1087;426;192;234
30;1000;435;212;223
30;913;495;246;249
30;826;445;212;233
30;739;424;215;209
30;652;505;259;246
30;565;523;260;263
30;478;509;278;231
30;391;551;304;247
30;304;569;317;252
30;217;590;293;297
30;130;599;319;280
30;43;605;287;318
30;1523;312;155;157
30;1436;359;185;174
30;1349;392;183;209
30;1262;380;176;204
30;1175;425;190;235
30;1088;431;211;220
30;1001;488;239;249
30;914;469;232;237
30;827;408;205;203
30;740;493;253;240
30;653;516;259;257
30;566;495;267;228
30;479;536;298;238
30;392;558;310;248
30;305;580;286;294
30;218;594;314;280
30;131;606;289;317
30;44;532;296;236
30;1524;352;182;170
30;1437;389;179;210
30;1350;372;172;200
30;1263;413;182;231
30;1176;424;210;214
30;1089;486;241;245
30;1002;460;229;231
30;915;442;234;208
30;828;486;247;239
30;741;516;259;257
30;654;485;261;224
30;567;519;287;232
30;480;545;302;243
30;393;582;288;294
30;306;582;307;275
30;219;604;288;316
30;132;528;297;231
30;45;525;272;253
30;1525;389;178;211
30;1438;365;167;198
30;1351;405;178;227
30;1264;416;208;208
30;1177;482;240;242
30;1090;456;227;229
30;1003;435;233;202
30;916;479;245;234
30;829;512;256;256
30;742;471;251;220
30;655;505;275;230
30;568;530;289;241
30;481;569;284;285
30;394;576;303;273
30;307;596;284;312
30;220;523;294;229
30;133;515;267;248
30;46;484;243;241
30;1526;363;168;195
30;1439;403;177;226
30;1352;415;209;206
30;1265;481;239;242
30;1178;448;223;225
30;1091;434;234;200
30;1004;468;237;231
30;917;522;268;254
30;830;465;245;220
30;743;493;266;227
30;656;522;284;238
30;569;555;275;280
30;482;564;299;265
30;395;591;282;309
30;308;511;288;223
30;221;512;263;249
30;134;480;242;238
30;47;465;240;225
30;1527;393;170;223
30;1440;413;208;205
30;1353;469;231;238
30;1266;446;222;224
30;1179;436;234;202
30;1092;466;236;230
30;1005;514;262;252
30;918;462;240;222
30;831;483;261;222
30;744;519;280;239
30;657;547;269;278
30;570;554;294;260
30;483;582;277;305
30;396;499;282;217
30;309;502;258;244
30;222;473;237;236
30;135;469;244;225
30;48;445;219;226
30;1528;406;205;201
30;1441;463;230;233
30;1354;445;223;222
30;1267;436;234;202
30;1180;461;234;227
30;1093;509;258;251
30;1006;449;232;217
30;919;506;272;234
30;832;502;269;233
30;745;533;262;271
30;658;543;285;258
30;571;572;269;303
30;484;488;271;217
30;397;490;251;239
30;310;469;235;234
30;223;471;242;229
30;136;432;210;222
30;49;458;244;214
30;1529;453;221;232
30;1442;439;220;219
30;1355;432;230;202
30;1268;451;227;224
30;1181;504;254;250
30;1094;440;231;209
30;1007;508;272;236
30;920;513;283;230
30;833;524;256;268
30;746;540;286;254
30;659;554;256;298
30;572;485;270;215
30;485;476;244;232
30;398;463;232;231
30;311;465;237;228
30;224;432;209;223
30;137;454;242;212
30;50;490;261;229
30;1530;437;221;216
30;1443;416;219;197
30;1356;451;231;220
30;1269;509;254;255
30;1182;442;232;210
30;1095;495;266;229
30;1008;504;277;227
30;921;538;264;274
30;834;532;283;249
30;747;543;250;293
30;660;480;265;215
30;573;472;240;232
30;486;449;224;225
30;399;462;237;225
30;312;427;207;220
30;225;450;238;212
30;138;482;254;228
30;51;514;255;259
30;1531;405;211;194
30;1444;438;222;216
30;1357;502;251;251
30;1270;443;231;212
30;1183;487;259;228
30;1096;501;274;227
30;1009;530;262;268
30;922;515;269;246
30;835;532;245;287
30;748;471;258;213
30;661;458;232;226
30;574;434;215;219
30;487;449;229;220
30;400;414;198;216
30;313;443;235;208
30;226;478;251;227
30;139;507;251;256
30;52;493;249;244
30;1532;433;221;212
30;1445;491;246;245
30;1358;436;225;211
30;1271;482;258;224
30;1184;496;269;227
30;1097;532;265;267
30;1010;513;266;247
30;923;542;254;288
30;836;463;252;211
30;749;452;228;224
30;662;425;210;215
30;575;442;225;217
30;488;400;192;208
30;401;430;227;203
30;314;465;244;221
30;227;497;244;253
30;140;490;248;242
30;53;413;196;217
30;1533;481;241;240
30;1446;429;221;208
30;1359;472;246;226
30;1272;489;267;222
30;1185;526;260;266
30;1098;507;263;244
30;1011;540;254;286
30;924;442;230;212
30;837;446;223;223
30;750;415;203;212
30;663;438;221;217
30;576;391;185;206
30;489;420;220;200
30;402;454;237;217
30;315;487;236;251
30;228;494;254;240
30;141;411;198;213
30;54;402;194;208
30;1534;428;221;207
30;1447;465;238;227
30;1360;485;264;221
30;1273;520;258;262
30;1186;502;260;242
30;1099;533;251;282
30;1012;435;222;213
30;925;440;219;221
30;838;399;196;203
30;751;430;216;214
30;664;376;173;203
30;577;411;213;198
30;490;438;229;209
30;403;477;229;248
30;316;489;251;238
30;229;410;197;213
30;142;390;190;200
30;55;314;137;177
30;1535;460;235;225
30;1448;481;260;221
30;1361;521;261;260
30;1274;487;250;237
30;1187;531;250;281
30;1100;427;218;209
30;1013;427;212;215
30;926;402;188;214
30;839;418;209;209
30;752;373;172;201
30;665;402;208;194
30;578;434;225;209
30;491;463;222;241
30;404;479;245;234
30;317;402;192;210
30;230;382;185;197
30;143;310;136;174
30;56;461;216;245
30;1536;468;250;218
30;1449;516;258;258
30;1362;472;242;230
30;1275;526;250;276
30;1188;418;213;205
30;1101;422;207;215
30;1014;400;185;215
30;927;400;191;209
30;840;369;170;199
30;753;389;196;193
30;666;427;221;206
30;579;450;214;236
30;492;472;238;234
30;405;389;183;206
30;318;382;186;196
30;231;305;134;171
30;144;450;212;238
30;57;326;139;187
30;1537;509;251;258
30;1450;463;233;230
30;1363;520;244;276
30;1276;407;205;202
30;1189;414;202;212
30;1102;398;183;215
30;1015;397;192;205
30;928;376;171;205
30;841;383;192;191
30;754;411;207;204
30;667;437;208;229
30;580;465;233;232
30;493;377;177;200
30;406;376;182;194
30;319;298;131;167
30;232;445;209;236
30;145;321;136;185
30;58;414;183;231
30;1538;449;226;223
30;1451;517;242;275
30;1364;396;200;196
30;1277;401;191;210
30;1190;399;183;216
30;1103;389;186;203
30;1016;366;161;205
30;929;390;199;191
30;842;403;203;200
30;755;427;199;228
30;668;450;223;227
30;581;371;173;198
30;494;369;179;190
30;407;291;126;165
30;320;442;203;239
30;233;319;136;183
30;146;403;178;225
30;59;498;222;276
30;1539;511;240;271
30;1452;383;192;191
30;1365;394;187;207
30;1278;393;177;216
30;1191;385;181;204
30;1104;359;155;204
30;1017;384;196;188
30;930;423;212;211
30;843;418;194;224
30;756;442;215;227
30;669;358;167;191
30;582;359;169;190
30;495;286;122;164
30;408;427;200;227
30;321;316;132;184
30;234;392;169;223
30;147;488;216;272
30;60;435;191;244
30;1540;378;187;191
30;1453;389;179;210
30;1366;387;169;218
30;1279;386;180;206
30;1192;349;150;199
30;1105;380;192;188
30;1018;418;208;210
30;931;426;197;229
30;844;433;208;225
30;757;348;161;187
30;670;346;161;185
30;583;278;117;161
30;496;419;196;223
30;409;313;130;183
30;322;387;166;221
30;235;482;209;273
30;148;428;189;239
30;61;419;181;238
30;1541;382;175;207
30;1454;379;165;214
30;1367;371;168;203
30;1280;349;149;200
30;1193;374;188;186
30;1106;416;207;209
30;1019;416;191;225
30;932;408;188;220
30;845;341;158;183
30;758;341;158;183
30;671;272;111;161
30;584;405;186;219
30;497;300;123;177
30;410;373;159;214
30;323;471;203;268
30;236;423;187;236
30;149;411;177;234
30;62;426;179;247
30;1542;371;158;213
30;1455;362;164;198
30;1368;342;145;197
30;1281;371;186;185
30;1194;406;198;208
30;1107;413;186;227
30;1020;405;187;218
30;933;353;159;194
30;846;328;148;180
30;759;268;111;157
30;672;400;179;221
30;585;296;121;175
30;498;362;152;210
30;411;458;196;262
30;324;421;186;235
30;237;403;170;233
30;150;428;179;249
30;63;465;199;266
30;1543;354;160;194
30;1456;341;143;198
30;1369;366;184;182
30;1282;397;191;206
30;1195;407;183;224
30;1108;394;178;216
30;1021;350;160;190
30;934;325;139;186
30;847;258;105;153
30;760;394;177;217
30;673;293;116;177
30;586;356;145;211
30;499;449;191;258
30;412;408;177;231
30;325;397;171;226
30;238;420;176;244
30;151;459;195;264
30;64;467;182;285
30;1544;335;138;197
30;1457;358;177;181
30;1370;383;179;204
30;1283;407;184;223
30;1196;385;171;214
30;1109;342;157;185
30;1022;318;135;183
30;935;258;107;151
30;848;380;168;212
30;761;290;114;176
30;674;352;145;207
30;587;440;183;257
30;500;395;171;224
30;413;385;163;222
30;326;415;173;242
30;239;455;192;263
30;152;457;179;278
30;65;515;217;298
30;1545;349;172;177
30;1458;372;172;200
30;1371;396;177;219
30;1284;373;164;209
30;1197;332;151;181
30;1110;307;131;176
30;1023;260;108;152
30;936;382;163;219
30;849;287;113;174
30;762;343;141;202
30;675;430;177;253
30;588;389;169;220
30;501;375;155;220
30;414;400;164;236
30;327;447;186;261
30;240;455;178;277
30;153;508;214;294
30;66;494;170;324
30;1546;361;163;198
30;1459;384;168;216
30;1372;357;157;200
30;1285;323;145;178
30;1198;297;123;174
30;1111;250;103;147
30;1024;379;163;216
30;937;286;103;183
30;850;335;134;201
30;763;413;165;248
30;676;380;162;218
30;589;365;150;215
30;502;386;158;228
30;415;428;175;253
30;328;449;175;274
30;241;508;211;297
30;154;485;166;319
30;67;434;156;278
30;1547;376;162;214
30;1460;349;154;195
30;1373;318;143;175
30;1286;289;121;168
30;1199;247;102;145
30;1112;368;153;215
30;1025;279;97;182
30;938;334;133;201
30;851;397;156;241
30;764;373;157;216
30;677;356;142;214
30;590;379;153;226
30;503;418;172;246
30;416;435;170;265
30;329;502;209;293
30;242;478;163;315
30;155;430;154;276
30;68;504;216;288
30;1548;336;147;189
30;1461;303;135;168
30;1374;283;117;166
30;1287;240;98;142
30;1200;363;150;213
30;1113;272;91;181
30;1026;327;128;199
30;939;398;157;241
30;852;360;147;213
30;765;349;138;211
30;678;371;151;220
30;591;408;163;245
30;504;429;167;262
30;417;483;196;287
30;330;462;153;309
30;243;420;150;270
30;156;495;210;285
30;69;455;178;277
30;1549;290;130;160
30;1462;276;112;164
30;1375;237;96;141
30;1288;349;143;206
30;1201;263;86;177
30;1114;315;120;195
30;1027;391;154;237
30;940;368;150;218
30;853;336;131;205
30;766;357;143;214
30;679;395;154;241
30;592;418;162;256
30;505;470;190;280
30;418;443;143;300
30;331;412;144;268
30;244;491;209;282
30;157;440;171;269
30;70;489;186;303
30;1550;270;109;161
30;1463;229;92;137
30;1376;342;140;202
30;1289;257;82;175
30;1202;300;111;189
30;1115;379;144;235
30;1028;360;143;217
30;941;330;131;199
30;854;349;138;211
30;767;382;145;237
30;680;394;148;246
30;593;465;185;280
30;506;425;133;292
30;419;395;135;260
30;332;467;192;275
30;245;443;174;269
30;158;490;187;303
30;71;431;153;278
30;1551;225;91;134
30;1464;336;136;200
30;1377;244;76;168
30;1290;294;106;188
30;1203;370;139;231
30;1116;353;139;214
30;1029;317;124;193
30;942;346;131;215
30;855;377;141;236
30;768;380;141;239
30;681;443;170;273
30;594;412;131;281
30;507;376;122;254
30;420;452;184;268
30;333;428;163;265
30;246;480;181;299
30;159;424;147;277
30;72;425;163;262
30;1552;325;129;196
30;1465;235;70;165
30;1378;284;101;183
30;1291;358;133;225
30;1204;340;133;207
30;1117;308;118;190
30;1030;334;121;213
30;943;363;128;235
30;856;364;133;231
30;769;430;161;269
30;682;399;127;272
30;595;363;114;249
30;508;432;173;259
30;421;417;158;259
30;334;458;171;287
30;247;410;138;272
30;160;418;160;258
30;73;437;170;267
30;1553;224;65;159
30;1466;275;96;179
30;1379;339;125;214
30;1292;328;123;205
30;1205;303;114;189
30;1118;317;114;203
30;1031;352;123;229
30;944;357;129;228
30;857;421;156;265
30;770;387;125;262
30;683;351;110;241
30;596;415;164;251
30;509;390;141;249
30;422;440;163;277
30;335;395;130;265
30;248;404;155;249
30;161;427;166;261
30;74;404;139;265
30;1554;270;95;175
30;1467;325;116;209
30;1380;317;119;198
30;1293;288;103;185
30;1206;307;107;200
30;1119;338;118;220
30;1032;349;125;224
30;945;414;154;260
30;858;377;120;257
30;771;336;103;233
30;684;394;152;242
30;597;371;130;241
30;510;422;154;268
30;423;384;126;258
30;336;385;142;243
30;249;417;161;256
30;162;401;137;264
30;75;380;102;278
30;1555;311;111;200
30;1468;307;114;193
30;1381;274;95;179
30;1294;291;102;189
30;1207;325;115;210
30;1120;339;120;219
30;1033;396;144;252
30;946;357;111;246
30;859;317;96;221
30;772;381;145;236
30;685;355;122;233
30;598;397;140;257
30;511;371;122;249
30;424;368;133;235
30;337;391;144;247
30;250;389;133;256
30;163;375;101;274
30;76;358;108;250
30;1556;294;107;187
30;1469;263;91;172
30;1382;275;94;181
30;1295;315;109;206
30;1208;326;113;213
30;1121;377;138;239
30;1034;335;101;234
30;947;301;85;216
30;860;357;129;228
30;773;333;113;220
30;686;370;125;245
30;599;353;112;241
30;512;355;126;229
30;425;373;138;235
30;338;368;125;243
30;251;354;94;260
30;164;348;105;243
30;77;306;118;188
30;1557;248;84;164
30;1470;260;86;174
30;1383;295;100;195
30;1296;307;108;199
30;1209;360;130;230
30;1122;324;95;229
30;1035;290;80;210
30;948;323;106;217
30;861;312;101;211
30;774;356;119;237
30;687;323;96;227
30;600;334;118;216
30;513;361;131;230
30;426;349;118;231
30;339;337;86;251
30;252;334;97;237
30;165;289;107;182
30;78;306;91;215
30;1558;251;81;170
30;1471;285;93;192
30;1384;290;99;191
30;1297;335;121;214
30;1210;309;87;222
30;1123;273;73;200
30;1036;303;101;202
30;949;300;89;211
30;862;330;107;223
30;775;298;88;210
30;688;321;114;207
30;601;334;120;214
30;514;324;107;217
30;427;317;79;238
30;340;321;87;234
30;253;276;100;176
30;166;295;87;208
30;79;253;89;164
30;1559;275;89;186
30;1472;275;93;182
30;1385;317;111;206
30;1298;283;75;208
30;1211;255;69;186
30;1124;284;89;195
30;1037;279;81;198
30;950;309;98;211
30;863;280;83;197
30;776;300;107;193
30;689;314;108;206
30;602;304;93;211
30;515;294;68;226
30;428;308;81;227
30;341;256;89;167
30;254;271;78;193
30;167;246;87;159
30;80;245;95;150
30;1560;253;77;176
30;1473;300;101;199
30;1386;262;66;196
30;1299;237;63;174
30;1212;267;85;182
30;1125;256;76;180
30;1038;292;94;198
30;951;258;78;180
30;864;280;98;182
30;777;289;94;195
30;690;280;83;197
30;603;275;61;214
30;516;268;68;200
30;429;239;84;155
30;342;256;72;184
30;255;227;75;152
30;168;228;81;147
30;81;197;70;127
30;1561;279;93;186
30;1474;242;60;182
30;1387;214;53;161
30;1300;250;78;172
30;1213;239;73;166
30;1126;269;81;188
30;1039;245;72;173
30;952;254;86;168
30;865;270;86;184
30;778;253;69;184
30;691;248;54;194
30;604;244;59;185
30;517;225;76;149
30;430;235;70;165
30;343;205;67;138
30;256;216;77;139
30;169;178;64;114
30;82;155;47;108
30;1562;222;53;169
30;1475;199;47;152
30;1388;236;73;163
30;1301;216;64;152
30;1214;253;77;176
30;1127;227;69;158
30;1040;241;81;160
30;953;238;72;166
30;866;229;63;166
30;779;233;49;184
30;692;222;56;166
30;605;198;67;131
30;518;213;61;152
30;431;185;58;127
30;344;196;67;129
30;257;161;58;103
30;170;146;46;100
30;83;101;24;77
30;1563;178;39;139
30;1476;218;68;150
30;1389;197;56;141
30;1302;231;71;160
30;1215;205;61;144
30;1128;217;69;148
30;1041;222;65;157
30;954;205;61;144
30;867;215;48;167
30;780;201;49;152
30;693;176;56;120
30;606;199;58;141
30;519;159;47;112
30;432;181;57;124
30;345;146;49;97
30;258;128;38;90
30;171;92;22;70
30;84;99;37;62
30;1564;207;63;144
30;1477;178;51;127
30;1390;209;62;147
30;1303;182;53;129
30;1216;193;57;136
30;1129;202;58;144
30;1042;184;54;130
30;955;182;39;143
30;868;175;39;136
30;781;164;56;108
30;694;179;45;134
30;607;133;36;97
30;520;156;50;106
30;433;129;47;82
30;346;113;33;80
30;259;79;19;60
30;172;93;34;59
30;85;101;31;70
30;1565;811;201;610
30;1478;842;211;631
30;1391;809;202;607
30;1304;809;196;613
30;1217;778;179;599
30;1130;772;184;588
30;1043;739;177;562
30;956;680;165;515
30;869;617;161;456
30;782;590;162;428
30;695;530;146;384
30;608;519;149;370
30;521;495;135;360
30;434;464;114;350
30;347;449;125;324
30;260;480;140;340
30;173;510;157;353
30;86;517;166;351
30;1566;26778;12817;13961
30;1479;27745;13250;14495
30;1392;28647;13678;14969
30;1305;29559;14068;15491
30;1218;30305;14372;15933
30;1131;31037;14692;16345
30;1044;31722;14995;16727
30;957;32566;15377;17189
30;870;33842;15983;17859
30;783;34777;16464;18313
30;696;35602;16863;18739
30;609;36488;17337;19151
30;522;37383;17827;19556
30;435;38551;18443;20108
30;348;39498;18902;20596
30;261;40178;19263;20915
30;174;40469;19420;21049
30;87;40858;19607;21251
31;1480;1745;927;818
31;1393;1818;967;851
31;1306;1922;1012;910
31;1219;1844;966;878
31;1132;1770;872;898
31;1045;1851;950;901
31;958;1807;917;890
31;871;1901;941;960
31;784;1920;1010;910
31;697;1766;914;852
31;610;1670;878;792
31;523;1640;851;789
31;436;1505;802;703
31;349;1541;785;756
31;262;1468;765;703
31;175;1511;763;748
31;88;1630;855;775
31;1;1693;863;830
31;1481;1895;1009;886
31;1394;1927;1016;911
31;1307;1868;978;890
31;1220;1829;904;925
31;1133;1900;977;923
31;1046;1872;956;916
31;959;1936;960;976
31;872;1997;1067;930
31;785;1763;910;853
31;698;1660;873;787
31;611;1614;836;778
31;524;1484;791;693
31;437;1513;767;746
31;350;1458;756;702
31;263;1486;750;736
31;176;1621;848;773
31;89;1694;861;833
31;2;1682;873;809
31;1482;1937;1023;914
31;1395;1845;955;890
31;1308;1840;915;925
31;1221;1945;1000;945
31;1134;1891;954;937
31;1047;1953;974;979
31;960;2000;1062;938
31;873;1816;943;873
31;786;1699;894;805
31;699;1599;837;762
31;612;1456;777;679
31;525;1473;750;723
31;438;1418;737;681
31;351;1459;739;720
31;264;1605;841;764
31;177;1674;848;826
31;90;1667;864;803
31;3;1752;896;856
31;1483;1806;929;877
31;1396;1809;899;910
31;1309;1924;991;933
31;1222;1881;953;928
31;1135;1931;958;973
31;1048;1978;1058;920
31;961;1822;946;876
31;874;1677;890;787
31;787;1588;825;763
31;700;1467;784;683
31;613;1454;738;716
31;526;1396;733;663
31;439;1419;720;699
31;352;1573;822;751
31;265;1651;835;816
31;178;1646;851;795
31;91;1737;884;853
31;4;1730;871;859
31;1484;1730;851;879
31;1397;1885;971;914
31;1310;1878;955;923
31;1223;1923;944;979
31;1136;1946;1040;906
31;1049;1805;937;868
31;962;1648;876;772
31;875;1580;824;756
31;788;1452;775;677
31;701;1462;747;715
31;614;1364;720;644
31;527;1397;714;683
31;440;1520;791;729
31;353;1618;821;797
31;266;1638;842;796
31;179;1717;872;845
31;92;1717;857;860
31;5;1785;942;843
31;1485;1812;939;873
31;1398;1846;949;897
31;1311;1914;939;975
31;1224;1903;1015;888
31;1137;1777;919;858
31;1050;1637;871;766
31;963;1554;809;745
31;876;1472;776;696
31;789;1442;736;706
31;702;1372;717;655
31;615;1383;710;673
31;528;1497;781;716
31;441;1576;801;775
31;354;1614;828;786
31;267;1698;865;833
31;180;1696;844;852
31;93;1779;937;842
31;6;1865;932;933
31;1486;1841;958;883
31;1399;1906;939;967
31;1312;1907;1014;893
31;1225;1742;899;843
31;1138;1624;863;761
31;1051;1522;799;723
31;964;1458;777;681
31;877;1419;714;705
31;790;1352;703;649
31;703;1388;704;684
31;616;1478;772;706
31;529;1564;796;768
31;442;1579;813;766
31;355;1677;851;826
31;268;1684;838;846
31;181;1764;927;837
31;94;1855;931;924
31;7;1889;965;924
31;1487;1832;910;922
31;1400;1833;965;868
31;1313;1704;883;821
31;1226;1578;846;732
31;1139;1472;768;704
31;1052;1419;751;668
31;965;1394;696;698
31;878;1347;694;653
31;791;1386;707;679
31;704;1470;769;701
31;617;1553;791;762
31;530;1570;805;765
31;443;1634;834;800
31;356;1669;833;836
31;269;1741;916;825
31;182;1836;920;916
31;95;1879;963;916
31;8;2209;1121;1088
31;1488;1755;919;836
31;1401;1633;848;785
31;1314;1543;830;713
31;1227;1444;757;687
31;1140;1401;737;664
31;1053;1367;683;684
31;966;1321;679;642
31;879;1318;683;635
31;792;1459;766;693
31;705;1539;778;761
31;618;1541;788;753
31;531;1613;830;783
31;444;1626;811;815
31;357;1732;905;827
31;270;1823;917;906
31;183;1866;957;909
31;96;2203;1117;1086
31;9;2558;1346;1212
31;1489;1583;827;756
31;1402;1492;802;690
31;1315;1417;738;679
31;1228;1386;731;655
31;1141;1354;671;683
31;1054;1291;664;627
31;967;1299;670;629
31;880;1349;700;649
31;793;1513;765;748
31;706;1514;770;744
31;619;1567;804;763
31;532;1609;805;804
31;445;1709;893;816
31;358;1809;913;896
31;271;1842;942;900
31;184;2185;1109;1076
31;97;2525;1324;1201
31;10;2701;1403;1298
31;1490;1464;777;687
31;1403;1389;725;664
31;1316;1362;712;650
31;1229;1333;661;672
31;1142;1267;650;617
31;1055;1269;661;608
31;968;1335;687;648
31;881;1462;725;737
31;794;1498;758;740
31;707;1553;796;757
31;620;1576;786;790
31;533;1680;884;796
31;446;1780;895;885
31;359;1825;935;890
31;272;2172;1097;1075
31;185;2496;1313;1183
31;98;2674;1391;1283
31;11;2795;1369;1426
31;1491;1346;709;637
31;1404;1308;681;627
31;1317;1302;647;655
31;1230;1258;641;617
31;1143;1250;651;599
31;1056;1294;656;638
31;969;1434;710;724
31;882;1455;707;748
31;795;1548;793;755
31;708;1548;768;780
31;621;1653;866;787
31;534;1755;884;871
31;447;1794;918;876
31;360;2151;1091;1060
31;273;2453;1294;1159
31;186;2657;1382;1275
31;99;2751;1348;1403
31;12;2723;1420;1303
31;1492;1270;661;609
31;1405;1261;625;636
31;1318;1221;626;595
31;1231;1234;637;597
31;1144;1264;636;628
31;1057;1406;700;706
31;970;1426;686;740
31;883;1538;809;729
31;796;1530;765;765
31;709;1627;856;771
31;622;1723;870;853
31;535;1764;905;859
31;448;2107;1075;1032
31;361;2398;1265;1133
31;274;2607;1349;1258
31;187;2699;1323;1376
31;100;2691;1401;1290
31;13;2866;1456;1410
31;1493;1238;615;623
31;1406;1198;610;588
31;1319;1216;626;590
31;1232;1256;640;616
31;1145;1395;696;699
31;1058;1394;672;722
31;971;1519;809;710
31;884;1513;758;755
31;797;1608;848;760
31;710;1698;851;847
31;623;1742;892;850
31;536;2068;1052;1016
31;449;2325;1229;1096
31;362;2581;1333;1248
31;275;2638;1301;1337
31;188;2643;1371;1272
31;101;2813;1427;1386
31;14;2907;1427;1480
31;1494;1183;600;583
31;1407;1199;619;580
31;1320;1237;626;611
31;1233;1363;678;685
31;1146;1399;674;725
31;1059;1492;790;702
31;972;1483;750;733
31;885;1615;843;772
31;798;1669;835;834
31;711;1722;885;837
31;624;2043;1037;1006
31;537;2274;1200;1074
31;450;2488;1286;1202
31;363;2584;1275;1309
31;276;2563;1333;1230
31;189;2764;1393;1371
31;102;2864;1398;1466
31;15;2994;1541;1453
31;1495;1175;603;572
31;1408;1225;623;602
31;1321;1363;685;678
31;1234;1399;675;724
31;1147;1498;789;709
31;1060;1461;744;717
31;973;1587;827;760
31;886;1703;835;868
31;799;1702;875;827
31;712;2019;1028;991
31;625;2233;1170;1063
31;538;2443;1264;1179
31;451;2477;1220;1257
31;364;2504;1297;1207
31;277;2700;1368;1332
31;190;2818;1366;1452
31;103;2952;1511;1441
31;16;2948;1502;1446
31;1496;1185;595;590
31;1409;1324;669;655
31;1322;1375;669;706
31;1235;1458;766;692
31;1148;1450;735;715
31;1061;1575;809;766
31;974;1682;816;866
31;887;1711;841;870
31;800;1984;1010;974
31;713;2208;1156;1052
31;626;2391;1235;1156
31;539;2422;1194;1228
31;452;2392;1239;1153
31;365;2634;1334;1300
31;278;2758;1342;1416
31;191;2906;1487;1419
31;104;2901;1483;1418
31;17;3024;1496;1528
31;1497;1296;656;640
31;1410;1347;657;690
31;1323;1430;750;680
31;1236;1425;712;713
31;1149;1561;801;760
31;1062;1665;809;856
31;975;1679;818;861
31;888;1988;989;999
31;801;2179;1133;1046
31;714;2386;1228;1158
31;627;2379;1174;1205
31;540;2356;1212;1144
31;453;2540;1278;1262
31;366;2703;1308;1395
31;279;2858;1461;1397
31;192;2838;1447;1391
31;105;2973;1466;1507
31;18;3077;1601;1476
31;1498;1320;642;678
31;1411;1402;739;663
31;1324;1411;700;711
31;1237;1542;790;752
31;1150;1641;800;841
31;1063;1663;803;860
31;976;1941;969;972
31;889;2193;1104;1089
31;802;2354;1211;1143
31;715;2353;1159;1194
31;628;2316;1191;1125
31;541;2506;1254;1252
31;454;2607;1261;1346
31;367;2793;1417;1376
31;280;2776;1417;1359
31;193;2925;1437;1488
31;106;3039;1573;1466
31;19;2952;1484;1468
31;1499;1338;710;628
31;1412;1370;676;694
31;1325;1495;763;732
31;1238;1598;779;819
31;1151;1635;790;845
31;1064;1910;955;955
31;977;2114;1078;1036
31;890;2436;1154;1282
31;803;2301;1138;1163
31;716;2297;1179;1118
31;629;2459;1229;1230
31;542;2548;1234;1314
31;455;2639;1339;1300
31;368;2690;1368;1322
31;281;2860;1399;1461
31;194;2983;1546;1437
31;107;2880;1436;1444
31;20;3153;1550;1603
31;1500;1328;651;677
31;1413;1436;732;704
31;1326;1547;748;799
31;1239;1594;769;825
31;1152;1896;945;951
31;1065;2093;1069;1024
31;978;2368;1132;1236
31;891;2439;1118;1321
31;804;2245;1150;1095
31;717;2414;1212;1202
31;630;2507;1219;1288
31;543;2552;1292;1260
31;456;2548;1289;1259
31;369;2769;1352;1417
31;282;2911;1513;1398
31;195;2821;1411;1410
31;108;3060;1500;1560
31;21;3180;1545;1635
31;1501;1413;711;702
31;1414;1516;734;782
31;1327;1527;726;801
31;1240;1862;929;933
31;1153;2073;1060;1013
31;1066;2329;1114;1215
31;979;2360;1072;1288
31;892;2361;1146;1215
31;805;2338;1171;1167
31;718;2423;1185;1238
31;631;2505;1269;1236
31;544;2471;1240;1231
31;457;2601;1271;1330
31;370;2827;1457;1370
31;283;2741;1372;1369
31;196;3006;1482;1524
31;109;3073;1475;1598
31;22;3031;1446;1585
31;1502;1482;719;763
31;1415;1468;702;766
31;1328;1817;888;929
31;1241;2043;1039;1004
31;1154;2301;1103;1198
31;1067;2334;1063;1271
31;980;2289;1114;1175
31;893;2313;1143;1170
31;806;2360;1142;1218
31;719;2441;1243;1198
31;632;2426;1211;1215
31;545;2538;1227;1311
31;458;2657;1369;1288
31;371;2647;1319;1328
31;284;2928;1433;1495
31;197;3015;1456;1559
31;110;2920;1397;1523
31;23;2925;1389;1536
31;1503;1435;687;748
31;1416;1749;868;881
31;1329;1944;971;973
31;1242;2288;1088;1200
31;1155;2323;1060;1263
31;1068;2250;1096;1154
31;981;2212;1104;1108
31;894;2327;1072;1255
31;807;2374;1199;1175
31;720;2397;1193;1204
31;633;2499;1212;1287
31;546;2596;1333;1263
31;459;2521;1251;1270
31;372;2817;1379;1438
31;285;2949;1429;1520
31;198;2879;1369;1510
31;111;2869;1355;1514
31;24;2889;1385;1504
31;1504;1708;834;874
31;1417;1875;947;928
31;1330;2271;1058;1213
31;1243;2315;1052;1263
31;1156;2241;1096;1145
31;1069;2164;1073;1091
31;982;2272;1028;1244
31;895;2356;1131;1225
31;808;2356;1162;1194
31;721;2482;1212;1270
31;634;2542;1303;1239
31;547;2477;1210;1267
31;460;2683;1308;1375
31;373;2869;1384;1485
31;286;2808;1335;1473
31;199;2858;1350;1508
31;112;2811;1350;1461
31;25;2818;1312;1506
31;1505;1847;931;916
31;1418;2255;1050;1205
31;1331;2307;1024;1283
31;1244;2256;1093;1163
31;1157;2204;1081;1123
31;1070;2259;1012;1247
31;983;2298;1100;1198
31;896;2355;1158;1197
31;809;2434;1184;1250
31;722;2523;1290;1233
31;635;2441;1181;1260
31;548;2600;1247;1353
31;461;2702;1313;1389
31;374;2742;1294;1448
31;287;2865;1360;1505
31;200;2820;1357;1463
31;113;2785;1314;1471
31;26;2766;1306;1460
31;1506;2188;1005;1183
31;1419;2284;1023;1261
31;1332;2216;1059;1157
31;1245;2233;1094;1139
31;1158;2263;998;1265
31;1071;2277;1066;1211
31;984;2293;1136;1157
31;897;2430;1198;1232
31;810;2437;1235;1202
31;723;2380;1149;1231
31;636;2588;1234;1354
31;549;2649;1278;1371
31;462;2654;1259;1395
31;375;2839;1338;1501
31;288;2796;1343;1453
31;201;2796;1323;1473
31;114;2731;1289;1442
31;27;2801;1300;1501
31;1507;2259;1009;1250
31;1420;2198;1053;1145
31;1333;2223;1080;1143
31;1246;2285;993;1292
31;1159;2285;1074;1211
31;1072;2279;1112;1167
31;985;2387;1182;1205
31;898;2485;1233;1252
31;811;2335;1120;1215
31;724;2577;1240;1337
31;637;2625;1268;1357
31;550;2639;1241;1398
31;463;2757;1290;1467
31;376;2777;1323;1454
31;289;2813;1332;1481
31;202;2752;1302;1450
31;115;2801;1306;1495
31;28;2848;1441;1407
31;1508;2187;1075;1112
31;1421;2182;1056;1126
31;1334;2288;996;1292
31;1247;2335;1075;1260
31;1160;2324;1131;1193
31;1073;2378;1179;1199
31;986;2451;1207;1244
31;899;2195;1096;1099
31;812;2535;1206;1329
31;725;2618;1248;1370
31;638;2619;1226;1393
31;551;2735;1276;1459
31;464;2709;1284;1425
31;377;2798;1324;1474
31;290;2742;1286;1456
31;203;2803;1295;1508
31;116;2786;1394;1392
31;29;2905;1446;1459
31;1509;2153;1051;1102
31;1422;2265;991;1274
31;1335;2319;1049;1270
31;1248;2319;1132;1187
31;1161;2398;1186;1212
31;1074;2460;1211;1249
31;987;2151;1081;1070
31;900;2236;1144;1092
31;813;2579;1226;1353
31;726;2630;1231;1399
31;639;2699;1254;1445
31;552;2688;1285;1403
31;465;2762;1309;1453
31;378;2712;1271;1441
31;291;2805;1302;1503
31;204;2792;1394;1398
31;117;2856;1419;1437
31;30;2931;1389;1542
31;1510;2227;966;1261
31;1423;2253;1008;1245
31;1336;2305;1116;1189
31;1249;2404;1187;1217
31;1162;2469;1224;1245
31;1075;2147;1099;1048
31;988;2172;1118;1054
31;901;2267;1133;1134
31;814;2617;1212;1405
31;727;2681;1250;1431
31;640;2657;1274;1383
31;553;2732;1287;1445
31;466;2653;1252;1401
31;379;2794;1293;1501
31;292;2771;1381;1390
31;205;2848;1410;1438
31;118;2883;1374;1509
31;31;2861;1356;1505
31;1511;2256;1017;1239
31;1424;2259;1100;1159
31;1337;2409;1189;1220
31;1250;2477;1227;1250
31;1163;2144;1100;1044
31;1076;2152;1116;1036
31;989;2178;1087;1091
31;902;2253;1122;1131
31;815;2619;1219;1400
31;728;2654;1281;1373
31;641;2712;1268;1444
31;554;2636;1234;1402
31;467;2729;1256;1473
31;380;2746;1365;1381
31;293;2823;1396;1427
31;206;2890;1375;1515
31;119;2808;1330;1478
31;32;2932;1400;1532
31;1512;2222;1083;1139
31;1425;2354;1168;1186
31;1338;2449;1213;1236
31;1251;2135;1101;1034
31;1164;2099;1099;1000
31;1077;2129;1076;1053
31;990;2190;1076;1114
31;903;2235;1107;1128
31;816;2613;1252;1361
31;729;2674;1256;1418
31;642;2616;1235;1381
31;555;2696;1256;1440
31;468;2661;1325;1336
31;381;2772;1367;1405
31;294;2834;1344;1490
31;207;2796;1328;1468
31;120;2875;1371;1504
31;33;2935;1410;1525
31;1513;2289;1153;1136
31;1426;2348;1166;1182
31;1339;2115;1095;1020
31;1252;2053;1068;985
31;1165;2094;1066;1028
31;1078;2162;1061;1101
31;991;2171;1058;1113
31;904;2301;1132;1169
31;817;2609;1208;1401
31;730;2590;1216;1374
31;643;2663;1253;1410
31;556;2638;1318;1320
31;469;2692;1334;1358
31;382;2810;1346;1464
31;295;2753;1304;1449
31;208;2858;1372;1486
31;121;2892;1390;1502
31;34;2934;1429;1505
31;1514;2288;1142;1146
31;1427;2075;1093;982
31;1340;2025;1053;972
31;1253;2081;1062;1019
31;1166;2116;1026;1090
31;1079;2110;1035;1075
31;992;2233;1091;1142
31;905;2202;1077;1125
31;818;2530;1186;1344
31;731;2626;1233;1393
31;644;2587;1293;1294
31;557;2631;1305;1326
31;470;2691;1289;1402
31;383;2711;1281;1430
31;296;2803;1336;1467
31;209;2846;1367;1479
31;122;2899;1413;1486
31;35;3026;1518;1508
31;1515;2048;1065;983
31;1428;1933;990;943
31;1341;2036;1021;1015
31;1254;2068;993;1075
31;1167;2060;1005;1055
31;1080;2160;1049;1111
31;993;2156;1063;1093
31;906;2169;1078;1091
31;819;2546;1186;1360
31;732;2514;1250;1264
31;645;2589;1287;1302
31;558;2632;1260;1372
31;471;2621;1237;1384
31;384;2730;1294;1436
31;297;2801;1347;1454
31;210;2862;1389;1473
31;123;2965;1476;1489
31;36;3030;1535;1495
31;1516;1890;974;916
31;1429;1943;971;972
31;1342;2017;962;1055
31;1255;2039;1003;1036
31;1168;2106;1005;1101
31;1081;2120;1060;1060
31;994;2103;1040;1063
31;907;2194;1035;1159
31;820;2435;1202;1233
31;733;2522;1246;1276
31;646;2577;1235;1342
31;559;2565;1209;1356
31;472;2626;1249;1377
31;385;2740;1319;1421
31;298;2811;1371;1440
31;211;2931;1456;1475
31;124;2978;1503;1475
31;37;3205;1584;1621
31;1517;1900;961;939
31;1430;1957;943;1014
31;1343;2002;972;1030
31;1256;2070;992;1078
31;1169;2091;1046;1045
31;1082;2064;1023;1041
31;995;2147;1004;1143
31;908;2143;1071;1072
31;821;2443;1193;1250
31;734;2522;1206;1316
31;647;2518;1186;1332
31;560;2568;1219;1349
31;473;2634;1257;1377
31;386;2760;1352;1408
31;299;2884;1434;1450
31;212;2935;1479;1456
31;125;3135;1540;1595
31;38;3227;1576;1651
31;1518;1927;930;997
31;1431;1946;939;1007
31;1344;2026;965;1061
31;1257;2056;1031;1025
31;1170;2051;1020;1031
31;1083;2084;974;1110
31;996;2062;1023;1039
31;909;2166;1041;1125
31;822;2446;1160;1286
31;735;2453;1150;1303
31;648;2507;1194;1313
31;561;2584;1230;1354
31;474;2641;1288;1353
31;387;2830;1415;1415
31;300;2858;1437;1421
31;213;3087;1515;1572
31;126;3169;1541;1628
31;39;3526;1783;1743
31;1519;1896;929;967
31;1432;1981;928;1053
31;1345;1992;989;1003
31;1258;2015;988;1027
31;1171;2061;970;1091
31;1084;2023;1005;1018
31;997;2091;999;1092
31;910;2248;1057;1191
31;823;2389;1111;1278
31;736;2460;1164;1296
31;649;2538;1214;1324
31;562;2583;1256;1327
31;475;2753;1371;1382
31;388;2795;1406;1389
31;301;3012;1465;1547
31;214;3132;1523;1609
31;127;3448;1737;1711
31;40;3445;1639;1806
31;1520;1924;913;1011
31;1433;1944;968;976
31;1346;1969;952;1017
31;1259;2034;953;1081
31;1172;2017;999;1018
31;1085;2075;994;1081
31;998;2174;1019;1155
31;911;2187;1004;1183
31;824;2410;1130;1280
31;737;2496;1188;1308
31;650;2516;1229;1287
31;563;2682;1336;1346
31;476;2700;1349;1351
31;389;2929;1424;1505
31;302;3065;1490;1575
31;215;3415;1722;1693
31;128;3367;1598;1769
31;41;3385;1598;1787
31;1521;1900;937;963
31;1434;1907;922;985
31;1347;2025;953;1072
31;1260;2001;989;1012
31;1173;2054;984;1070
31;1086;2140;1006;1134
31;999;2126;967;1159
31;912;2200;989;1211
31;825;2443;1159;1284
31;738;2457;1196;1261
31;651;2614;1308;1306
31;564;2628;1310;1318
31;477;2845;1378;1467
31;390;2982;1443;1539
31;303;3361;1702;1659
31;216;3331;1576;1755
31;129;3323;1558;1765
31;42;3491;1617;1874
31;1522;1871;914;957
31;1435;1959;922;1037
31;1348;1973;968;1005
31;1261;2010;963;1047
31;1174;2114;980;1134
31;1087;2094;950;1144
31;1000;2139;961;1178
31;913;2115;953;1162
31;826;2412;1167;1245
31;739;2577;1286;1291
31;652;2578;1278;1300
31;565;2791;1352;1439
31;478;2879;1392;1487
31;391;3289;1656;1633
31;304;3277;1545;1732
31;217;3275;1524;1751
31;130;3429;1584;1845
31;43;3186;1456;1730
31;1523;1907;893;1014
31;1436;1907;935;972
31;1349;1950;930;1020
31;1262;2106;988;1118
31;1175;2065;939;1126
31;1088;2097;935;1162
31;1001;2060;933;1127
31;914;2184;991;1193
31;827;2507;1239;1268
31;740;2538;1248;1290
31;653;2708;1310;1398
31;566;2820;1359;1461
31;479;3182;1603;1579
31;392;3209;1508;1701
31;305;3214;1489;1725
31;218;3402;1572;1830
31;131;3156;1446;1710
31;44;3094;1465;1629
31;1524;1857;910;947
31;1437;1892;894;998
31;1350;2064;960;1104
31;1263;2028;923;1105
31;1176;2074;926;1148
31;1089;2012;912;1100
31;1002;2127;955;1172
31;915;2268;1058;1210
31;828;2473;1205;1268
31;741;2652;1277;1375
31;654;2758;1327;1431
31;567;3104;1555;1549
31;480;3112;1462;1650
31;393;3148;1455;1693
31;306;3312;1519;1793
31;219;3145;1439;1706
31;132;3040;1437;1603
31;45;3103;1430;1673
31;1525;1847;871;976
31;1438;1974;897;1077
31;1351;1969;886;1083
31;1264;2015;894;1121
31;1177;1957;878;1079
31;1090;2083;939;1144
31;1003;2198;1025;1173
31;916;2197;1066;1131
31;829;2588;1241;1347
31;742;2692;1295;1397
31;655;3000;1496;1504
31;568;3034;1423;1611
31;481;3062;1415;1647
31;394;3231;1477;1754
31;307;3091;1413;1678
31;220;3013;1426;1587
31;133;3039;1403;1636
31;46;2902;1337;1565
31;1526;1912;870;1042
31;1439;1917;861;1056
31;1352;1973;870;1103
31;1265;1922;868;1054
31;1178;2044;920;1124
31;1091;2180;1021;1159
31;1004;2151;1037;1114
31;917;2345;1104;1241
31;830;2613;1246;1367
31;743;2952;1472;1480
31;656;2951;1379;1572
31;569;3007;1377;1630
31;482;3125;1417;1708
31;395;3030;1377;1653
31;308;2951;1393;1558
31;221;2990;1376;1614
31;134;2846;1308;1538
31;47;2665;1238;1427
31;1527;1883;841;1042
31;1440;1912;829;1083
31;1353;1871;835;1036
31;1266;2007;894;1113
31;1179;2153;1009;1144
31;1092;2128;1024;1104
31;1005;2288;1070;1218
31;918;2372;1119;1253
31;831;2869;1413;1456
31;744;2906;1347;1559
31;657;2942;1343;1599
31;570;3056;1385;1671
31;483;2952;1332;1620
31;396;2874;1348;1526
31;309;2915;1329;1586
31;222;2804;1280;1524
31;135;2638;1228;1410
31;48;2567;1192;1375
31;1528;1859;812;1047
31;1441;1805;796;1009
31;1354;1949;858;1091
31;1267;2132;1010;1122
31;1180;2093;1005;1088
31;1093;2271;1057;1214
31;1006;2321;1086;1235
31;919;2669;1295;1374
31;832;2858;1317;1541
31;745;2902;1314;1588
31;658;2991;1342;1649
31;571;2893;1297;1596
31;484;2809;1321;1488
31;397;2832;1282;1550
31;310;2736;1240;1496
31;223;2611;1208;1403
31;136;2512;1166;1346
31;49;2650;1165;1485
31;1529;1766;773;993
31;1442;1884;821;1063
31;1355;2075;981;1094
31;1268;2070;1000;1070
31;1181;2227;1027;1200
31;1094;2276;1054;1222
31;1007;2596;1249;1347
31;920;2674;1200;1474
31;833;2836;1276;1560
31;746;2935;1310;1625
31;659;2821;1250;1571
31;572;2748;1285;1463
31;485;2739;1237;1502
31;398;2701;1227;1474
31;311;2547;1172;1375
31;224;2473;1137;1336
31;137;2585;1133;1452
31;50;2581;1192;1389
31;1530;1861;812;1049
31;1443;2017;946;1071
31;1356;2005;957;1048
31;1269;2214;1021;1193
31;1182;2231;1033;1198
31;1095;2556;1223;1333
31;1008;2607;1158;1449
31;921;2747;1259;1488
31;834;2876;1278;1598
31;747;2767;1216;1551
31;660;2670;1243;1427
31;573;2658;1192;1466
31;486;2610;1181;1429
31;399;2485;1140;1345
31;312;2419;1111;1308
31;225;2559;1119;1440
31;138;2529;1158;1371
31;51;2542;1164;1378
31;1531;1954;914;1040
31;1444;1965;936;1029
31;1357;2175;991;1184
31;1270;2204;1019;1185
31;1183;2492;1185;1307
31;1096;2573;1137;1436
31;1009;2685;1220;1465
31;922;2726;1227;1499
31;835;2694;1172;1522
31;748;2624;1211;1413
31;661;2600;1156;1444
31;574;2539;1137;1402
31;487;2400;1088;1312
31;400;2348;1068;1280
31;313;2497;1086;1411
31;226;2487;1139;1348
31;139;2474;1131;1343
31;52;2567;1225;1342
31;1532;1910;900;1010
31;1445;2105;945;1160
31;1358;2147;988;1159
31;1271;2438;1153;1285
31;1184;2539;1118;1421
31;1097;2644;1205;1439
31;1010;2663;1185;1478
31;923;2661;1185;1476
31;836;2557;1165;1392
31;749;2538;1119;1419
31;662;2482;1104;1378
31;575;2342;1047;1295
31;488;2275;1029;1246
31;401;2446;1056;1390
31;314;2417;1103;1314
31;227;2429;1101;1328
31;140;2533;1202;1331
31;53;2223;992;1231
31;1533;2055;915;1140
31;1446;2104;959;1145
31;1359;2406;1133;1273
31;1272;2487;1068;1419
31;1185;2600;1178;1422
31;1098;2612;1158;1454
31;1011;2602;1158;1444
31;924;2541;1166;1375
31;837;2472;1075;1397
31;750;2414;1059;1355
31;663;2291;1017;1274
31;576;2211;991;1220
31;489;2370;1016;1354
31;402;2363;1072;1291
31;315;2373;1069;1304
31;228;2511;1190;1321
31;141;2171;967;1204
31;54;2072;902;1170
31;1534;2080;942;1138
31;1447;2337;1101;1236
31;1360;2446;1035;1411
31;1273;2552;1153;1399
31;1186;2565;1141;1424
31;1099;2567;1136;1431
31;1012;2497;1147;1350
31;925;2318;1028;1290
31;838;2360;1027;1333
31;751;2236;984;1252
31;664;2158;957;1201
31;577;2297;975;1322
31;490;2293;1039;1254
31;403;2321;1038;1283
31;316;2462;1158;1304
31;229;2135;940;1195
31;142;2023;886;1137
31;55;1893;856;1037
31;1535;2292;1071;1221
31;1448;2376;989;1387
31;1361;2497;1120;1377
31;1274;2489;1102;1387
31;1187;2521;1102;1419
31;1100;2461;1126;1335
31;1013;2240;981;1259
31;926;2281;1010;1271
31;839;2174;943;1231
31;752;2098;917;1181
31;665;2257;952;1305
31;578;2237;1012;1225
31;491;2230;995;1235
31;404;2399;1112;1287
31;317;2073;906;1167
31;230;1997;867;1130
31;143;1837;831;1006
31;56;1839;788;1051
31;1536;2337;969;1368
31;1449;2448;1083;1365
31;1362;2433;1061;1372
31;1275;2470;1070;1400
31;1188;2426;1099;1327
31;1101;2191;953;1238
31;1014;2244;982;1262
31;927;2196;951;1245
31;840;2049;888;1161
31;753;2219;931;1288
31;666;2179;976;1203
31;579;2176;966;1210
31;492;2333;1075;1258
31;405;2034;878;1156
31;318;1945;837;1108
31;231;1801;810;991
31;144;1786;761;1025
31;57;1635;694;941
31;1537;2403;1060;1343
31;1450;2361;1018;1343
31;1363;2441;1060;1381
31;1276;2386;1073;1313
31;1189;2149;923;1226
31;1102;2192;951;1241
31;1015;2140;915;1225
31;928;1999;874;1125
31;841;2155;887;1268
31;754;2129;946;1183
31;667;2126;939;1187
31;580;2272;1039;1233
31;493;1966;838;1128
31;406;1889;807;1082
31;319;1752;779;973
31;232;1758;745;1013
31;145;1601;681;920
31;58;1814;772;1042
31;1538;2308;986;1322
31;1451;2394;1038;1356
31;1364;2348;1044;1304
31;1277;2124;906;1218
31;1190;2158;926;1232
31;1103;2100;889;1211
31;1016;1957;851;1106
31;929;2046;855;1191
31;842;2083;918;1165
31;755;2070;897;1173
31;668;2229;1013;1216
31;581;1921;815;1106
31;494;1826;771;1055
31;407;1700;746;954
31;320;1701;711;990
31;233;1572;664;908
31;146;1754;749;1005
31;59;2053;866;1187
31;1539;2349;1005;1344
31;1452;2289;1010;1279
31;1365;2097;884;1213
31;1278;2107;893;1214
31;1191;2054;866;1188
31;1104;1905;819;1086
31;1017;2011;831;1180
31;930;1975;865;1110
31;843;2014;861;1153
31;756;2168;969;1199
31;669;1861;779;1082
31;582;1784;752;1032
31;495;1656;723;933
31;408;1666;694;972
31;321;1525;636;889
31;234;1724;736;988
31;147;2011;845;1166
31;60;2157;902;1255
31;1540;2255;984;1271
31;1453;2050;854;1196
31;1366;2076;870;1206
31;1279;1999;833;1166
31;1192;1877;795;1082
31;1105;1974;804;1170
31;1018;1931;842;1089
31;931;1952;846;1106
31;844;2111;929;1182
31;757;1808;744;1064
31;670;1720;714;1006
31;583;1622;707;915
31;496;1610;666;944
31;409;1483;611;872
31;322;1675;712;963
31;235;1962;812;1150
31;148;2118;881;1237
31;61;2111;902;1209
31;1541;2015;836;1179
31;1454;2036;845;1191
31;1367;1977;809;1168
31;1280;1851;778;1073
31;1193;1949;787;1162
31;1106;1903;818;1085
31;1019;1908;822;1086
31;932;2141;947;1194
31;845;1766;725;1041
31;758;1660;675;985
31;671;1563;667;896
31;584;1564;640;924
31;497;1433;591;842
31;410;1625;682;943
31;323;1919;797;1122
31;236;2073;854;1219
31;149;2074;876;1198
31;62;2323;1020;1303
31;1542;2000;823;1177
31;1455;1929;772;1157
31;1368;1821;755;1066
31;1281;1923;771;1152
31;1194;1859;789;1070
31;1107;1864;790;1074
31;1020;2094;921;1173
31;933;1771;725;1046
31;846;1622;654;968
31;759;1526;644;882
31;672;1531;619;912
31;585;1395;565;830
31;498;1573;652;921
31;411;1855;763;1092
31;324;2027;832;1195
31;237;2042;858;1184
31;150;2295;1012;1283
31;63;2243;973;1270
31;1543;1877;732;1145
31;1456;1783;734;1049
31;1369;1898;758;1140
31;1282;1834;775;1059
31;1195;1818;755;1063
31;1108;2035;889;1146
31;1021;1726;693;1033
31;934;1605;654;951
31;847;1472;611;861
31;760;1475;584;891
31;673;1357;540;817
31;586;1523;617;906
31;499;1798;730;1068
31;412;1976;798;1178
31;325;1994;826;1168
31;238;2258;987;1271
31;151;2209;958;1251
31;64;2244;920;1324
31;1544;1735;701;1034
31;1457;1837;719;1118
31;1370;1788;742;1046
31;1283;1769;719;1050
31;1196;1986;859;1127
31;1109;1690;673;1017
31;1022;1558;623;935
31;935;1508;625;883
31;848;1443;567;876
31;761;1317;515;802
31;674;1483;591;892
31;587;1747;704;1043
31;500;1902;760;1142
31;413;1939;795;1144
31;326;2197;941;1256
31;239;2187;946;1241
31;152;2213;906;1307
31;65;2074;891;1183
31;1545;1792;691;1101
31;1458;1732;709;1023
31;1371;1726;688;1038
31;1284;1956;836;1120
31;1197;1645;648;997
31;1110;1524;595;929
31;1023;1457;590;867
31;936;1431;579;852
31;849;1281;493;788
31;762;1445;569;876
31;675;1695;676;1019
31;588;1858;737;1121
31;501;1882;760;1122
31;414;2125;892;1233
31;327;2137;911;1226
31;240;2186;886;1300
31;153;2045;876;1169
31;66;1993;802;1191
31;1546;1684;680;1004
31;1459;1685;661;1024
31;1372;1894;793;1101
31;1285;1613;626;987
31;1198;1491;580;911
31;1111;1425;567;858
31;1024;1398;557;841
31;937;1258;485;773
31;850;1412;553;859
31;763;1663;655;1008
31;676;1814;715;1099
31;589;1811;721;1090
31;502;2054;854;1200
31;415;2069;876;1193
31;328;2143;861;1282
31;241;2012;854;1158
31;154;1948;775;1173
31;67;1678;651;1027
31;1547;1642;634;1008
31;1460;1857;768;1089
31;1373;1567;597;970
31;1286;1448;550;898
31;1199;1378;546;832
31;1112;1363;540;823
31;1025;1228;463;765
31;938;1358;516;842
31;851;1613;626;987
31;764;1764;687;1077
31;677;1760;703;1057
31;590;1994;818;1176
31;503;2013;841;1172
31;416;2085;826;1259
31;329;1960;821;1139
31;242;1913;747;1166
31;155;1636;630;1006
31;68;1757;678;1079
31;1548;1804;742;1062
31;1461;1517;566;951
31;1374;1408;523;885
31;1287;1339;519;820
31;1200;1337;522;815
31;1113;1195;448;747
31;1026;1321;492;829
31;939;1587;587;1000
31;852;1706;659;1047
31;765;1723;691;1032
31;678;1927;776;1151
31;591;1945;794;1151
31;504;1999;790;1209
31;417;1888;777;1111
31;330;1878;720;1158
31;243;1586;596;990
31;156;1710;656;1054
31;69;1709;669;1040
31;1549;1462;539;923
31;1462;1364;498;866
31;1375;1303;494;809
31;1288;1299;499;800
31;1201;1154;428;726
31;1114;1285;465;820
31;1027;1545;564;981
31;940;1663;608;1055
31;853;1668;665;1003
31;766;1864;737;1127
31;679;1877;756;1121
31;592;1926;743;1183
31;505;1820;734;1086
31;418;1821;688;1133
31;331;1549;568;981
31;244;1673;630;1043
31;157;1669;644;1025
31;70;1611;644;967
31;1550;1320;473;847
31;1463;1264;464;800
31;1376;1251;469;782
31;1289;1115;404;711
31;1202;1237;443;794
31;1115;1489;526;963
31;1028;1620;583;1037
31;941;1634;625;1009
31;854;1796;686;1110
31;767;1822;726;1096
31;680;1857;707;1150
31;593;1758;694;1064
31;506;1764;657;1107
31;419;1486;528;958
31;332;1612;591;1021
31;245;1637;625;1012
31;158;1584;628;956
31;71;1574;613;961
31;1551;1224;447;777
31;1464;1203;439;764
31;1377;1087;388;699
31;1290;1202;422;780
31;1203;1447;496;951
31;1116;1574;554;1020
31;1029;1591;595;996
31;942;1772;657;1115
31;855;1737;680;1057
31;768;1796;669;1127
31;681;1691;657;1034
31;594;1681;622;1059
31;507;1424;495;929
31;420;1554;566;988
31;333;1608;606;1002
31;246;1520;592;928
31;159;1532;584;948
31;72;1532;611;921
31;1552;1173;423;750
31;1465;1044;362;682
31;1378;1167;407;760
31;1291;1404;472;932
31;1204;1537;532;1005
31;1117;1533;564;969
31;1030;1710;621;1089
31;943;1773;696;1077
31;856;1730;637;1093
31;769;1619;612;1007
31;682;1624;586;1038
31;595;1360;474;886
31;508;1488;534;954
31;421;1540;572;968
31;334;1459;561;898
31;247;1491;564;927
31;160;1491;587;904
31;73;1510;551;959
31;1553;1007;344;663
31;1466;1122;380;742
31;1379;1356;444;912
31;1292;1494;506;988
31;1205;1485;541;944
31;1118;1670;596;1074
31;1031;1714;663;1051
31;944;1742;630;1112
31;857;1569;592;977
31;770;1545;545;1000
31;683;1308;449;859
31;596;1422;494;928
31;509;1466;537;929
31;422;1393;527;866
31;335;1441;536;905
31;248;1432;556;876
31;161;1461;523;938
31;74;1348;496;852
31;1554;1082;358;724
31;1467;1302;417;885
31;1380;1444;482;962
31;1293;1444;510;934
31;1206;1609;556;1053
31;1119;1644;615;1029
31;1032;1687;599;1088
31;945;1596;612;984
31;858;1479;512;967
31;771;1258;422;836
31;684;1367;465;902
31;597;1395;504;891
31;510;1321;491;830
31;423;1375;500;875
31;336;1361;512;849
31;249;1419;498;921
31;162;1302;475;827
31;75;1175;362;813
31;1555;1255;397;858
31;1468;1390;446;944
31;1381;1387;476;911
31;1294;1554;527;1027
31;1207;1565;572;993
31;1120;1632;566;1066
31;1033;1535;577;958
31;946;1492;511;981
31;859;1203;394;809
31;772;1300;436;864
31;685;1325;470;855
31;598;1255;456;799
31;511;1312;472;840
31;424;1296;483;813
31;337;1362;463;899
31;250;1258;447;811
31;163;1134;351;783
31;76;1040;295;745
31;1556;1324;413;911
31;1469;1332;444;888
31;1382;1493;497;996
31;1295;1518;543;975
31;1208;1569;531;1038
31;1121;1476;545;931
31;1034;1431;479;952
31;947;1176;389;787
31;860;1241;407;834
31;773;1267;433;834
31;686;1185;424;761
31;599;1235;438;797
31;512;1226;445;781
31;425;1271;413;858
31;338;1191;415;776
31;251;1089;328;761
31;164;991;282;709
31;77;890;256;634
31;1557;1264;409;855
31;1470;1432;473;959
31;1383;1432;498;934
31;1296;1501;496;1005
31;1209;1417;509;908
31;1122;1360;449;911
31;1035;1118;362;756
31;948;1220;404;816
31;861;1205;409;796
31;774;1132;399;733
31;687;1157;404;753
31;600;1159;412;747
31;513;1177;377;800
31;426;1122;384;738
31;339;1038;303;735
31;252;952;267;685
31;165;838;239;599
31;78;817;251;566
31;1558;1376;453;923
31;1471;1360;462;898
31;1384;1430;470;960
31;1297;1336;461;875
31;1210;1288;408;880
31;1123;1077;350;727
31;1036;1171;388;783
31;949;1199;401;798
31;862;1071;372;699
31;775;1080;376;704
31;688;1087;375;712
31;601;1092;348;744
31;514;1042;345;697
31;427;971;278;693
31;340;900;247;653
31;253;788;219;569
31;166;774;234;540
31;79;652;168;484
31;1559;1278;422;856
31;1472;1343;430;913
31;1385;1269;421;848
31;1298;1221;381;840
31;1211;1030;330;700
31;1124;1100;353;747
31;1037;1134;370;764
31;950;1065;374;691
31;863;996;339;657
31;776;1004;338;666
31;689;1011;303;708
31;602;962;307;655
31;515;890;253;637
31;428;842;228;614
31;341;741;198;543
31;254;730;215;515
31;167;619;160;459
31;80;525;165;360
31;1560;1272;398;874
31;1473;1190;381;809
31;1386;1153;349;804
31;1299;966;308;658
31;1212;1043;322;721
31;1125;1061;337;724
31;1038;1001;354;647
31;951;1008;343;665
31;864;938;311;627
31;777;937;276;661
31;690;888;274;614
31;603;818;231;587
31;516;771;204;567
31;429;680;176;504
31;342;674;189;485
31;255;576;148;428
31;168;494;145;349
31;81;413;124;289
31;1561;1123;348;775
31;1474;1069;318;751
31;1387;908;286;622
31;1300;984;299;685
31;1213;985;309;676
31;1126;926;313;613
31;1039;928;307;621
31;952;915;300;615
31;865;859;252;607
31;778;826;250;576
31;691;741;203;538
31;604;711;189;522
31;517;622;157;465
31;430;618;168;450
31;343;539;133;406
31;256;455;133;322
31;169;368;106;262
31;82;337;98;239
31;1562;996;286;710
31;1475;841;257;584
31;1388;920;270;650
31;1301;914;283;631
31;1214;839;273;566
31;1127;859;278;581
31;1040;834;266;568
31;953;857;261;596
31;866;758;224;534
31;779;679;179;500
31;692;650;167;483
31;605;565;137;428
31;518;560;150;410
31;431;489;118;371
31;344;408;109;299
31;257;339;89;250
31;170;317;93;224
31;83;247;61;186
31;1563;776;233;543
31;1476;856;241;615
31;1389;832;250;582
31;1302;789;254;535
31;1215;782;246;536
31;1128;762;238;524
31;1041;792;242;550
31;954;731;215;516
31;867;600;150;450
31;780;592;156;436
31;693;508;119;389
31;606;504;129;375
31;519;432;100;332
31;432;359;93;266
31;345;305;81;224
31;258;284;82;202
31;171;216;50;166
31;84;217;56;161
31;1564;781;209;572
31;1477;755;219;536
31;1390;700;224;476
31;1303;707;218;489
31;1216;689;209;480
31;1129;736;221;515
31;1042;654;185;469
31;955;565;141;424
31;868;526;132;394
31;781;472;110;362
31;694;447;107;340
31;607;365;80;285
31;520;316;84;232
31;433;275;68;207
31;346;250;70;180
31;259;194;46;148
31;172;202;51;151
31;85;192;57;135
31;1565;3422;917;2505
31;1478;3225;850;2375
31;1391;3062;794;2268
31;1304;2896;723;2173
31;1217;2731;663;2068
31;1130;2429;574;1855
31;1043;2207;509;1698
31;956;2013;467;1546
31;869;1702;380;1322
31;782;1526;343;1183
31;695;1371;314;1057
31;608;1253;299;954
31;521;1178;276;902
31;434;1116;241;875
31;347;1081;220;861
31;260;1066;238;828
31;173;1049;246;803
31;86;1071;239;832
31;1566;148908;66953;81955
31;1479;151309;67976;83333
31;1392;154326;69453;84873
31;1305;156141;70563;85578
31;1218;157305;71163;86142
31;1131;158541;71892;86649
31;1044;160142;72654;87488
31;957;162898;74086;88812
31;870;168134;76747;91387
31;783;170699;78207;92492
31;696;172686;79259;93427
31;609;175389;80607;94782
31;522;178380;82126;96254
31;435;183627;84614;99013
31;348;186811;86303;100508
31;261;189526;87745;101781
31;174;190911;88541;102370
31;87;193220;89651;103569
32;1480;593;315;278
32;1393;558;284;274
32;1306;563;287;276
32;1219;558;289;269
32;1132;626;314;312
32;1045;520;284;236
32;958;547;272;275
32;871;655;340;315
32;784;612;324;288
32;697;614;313;301
32;610;603;303;300
32;523;502;251;251
32;436;469;235;234
32;349;477;236;241
32;262;479;252;227
32;175;442;245;197
32;88;466;226;240
32;1;522;285;237
32;1481;559;281;278
32;1394;559;283;276
32;1307;562;293;269
32;1220;608;302;306
32;1133;517;284;233
32;1046;522;255;267
32;959;646;336;310
32;872;675;343;332
32;785;603;307;296
32;698;601;298;303
32;611;514;257;257
32;524;471;236;235
32;437;473;235;238
32;350;478;249;229
32;263;443;246;197
32;176;469;228;241
32;89;518;284;234
32;2;608;324;284
32;1482;560;284;276
32;1395;584;307;277
32;1308;590;299;291
32;1221;510;282;228
32;1134;525;260;265
32;1047;644;336;308
32;960;666;334;332
32;873;654;332;322
32;786;554;274;280
32;699;532;264;268
32;612;495;248;247
32;525;502;254;248
32;438;483;253;230
32;351;444;247;197
32;264;465;228;237
32;177;519;281;238
32;90;614;326;288
32;3;534;291;243
32;1483;612;327;285
32;1396;602;302;300
32;1309;532;294;238
32;1222;523;258;265
32;1135;647;342;305
32;1048;664;331;333
32;961;634;323;311
32;874;606;301;305
32;787;511;253;258
32;700;493;249;244
32;613;518;264;254
32;526;497;259;238
32;439;442;246;196
32;352;470;230;240
32;265;517;282;235
32;178;620;331;289
32;91;534;294;240
32;4;511;255;256
32;1484;638;321;317
32;1397;563;320;243
32;1310;522;256;266
32;1223;649;348;301
32;1136;676;343;333
32;1049;629;323;306
32;962;613;303;310
32;875;573;294;279
32;788;498;254;244
32;701;517;259;258
32;614;518;267;251
32;527;457;248;209
32;440;478;235;243
32;353;526;284;242
32;266;620;333;287
32;179;537;296;241
32;92;520;261;259
32;5;543;263;280
32;1485;602;327;275
32;1398;550;263;287
32;1311;659;353;306
32;1224;681;345;336
32;1137;638;319;319
32;1050;607;299;308
32;963;579;303;276
32;876;560;269;291
32;789;506;252;254
32;702;537;276;261
32;615;469;248;221
32;528;482;235;247
32;441;535;289;246
32;354;621;335;286
32;267;533;295;238
32;180;524;263;261
32;93;546;266;280
32;6;572;320;252
32;1486;542;255;287
32;1399;658;350;308
32;1312;676;346;330
32;1225;638;320;318
32;1138;616;300;316
32;1051;576;302;274
32;964;560;269;291
32;877;547;283;264
32;790;540;283;257
32;703;473;255;218
32;616;494;246;248
32;529;546;294;252
32;442;626;341;285
32;355;535;297;238
32;268;526;265;261
32;181;543;262;281
32;94;573;320;253
32;7;623;324;299
32;1487;696;361;335
32;1400;713;373;340
32;1313;647;321;326
32;1226;622;297;325
32;1139;594;315;279
32;1052;563;272;291
32;965;550;285;265
32;878;559;295;264
32;791;468;252;216
32;704;512;256;256
32;617;559;305;254
32;530;628;345;283
32;443;536;300;236
32;356;533;268;265
32;269;544;263;281
32;182;571;319;252
32;95;632;330;302
32;8;703;372;331
32;1488;770;409;361
32;1401;675;336;339
32;1314;641;306;335
32;1227;618;326;292
32;1140;567;273;294
32;1053;557;290;267
32;966;562;299;263
32;879;506;267;239
32;792;515;251;264
32;705;577;316;261
32;618;656;359;297
32;531;552;311;241
32;444;543;276;267
32;357;548;266;282
32;270;571;319;252
32;183;633;332;301
32;96;707;372;335
32;9;754;407;347
32;1489;683;342;341
32;1402;657;318;339
32;1315;634;334;300
32;1228;581;285;296
32;1141;569;302;267
32;1054;576;309;267
32;967;511;272;239
32;880;551;274;277
32;793;581;318;263
32;706;686;375;311
32;619;572;323;249
32;532;561;284;277
32;445;553;271;282
32;358;567;316;251
32;271;639;335;304
32;184;716;377;339
32;97;760;408;352
32;10;805;452;353
32;1490;654;324;330
32;1403;644;340;304
32;1316;582;280;302
32;1229;578;307;271
32;1142;590;316;274
32;1055;517;274;243
32;968;556;279;277
32;881;631;354;277
32;794;691;379;312
32;707;590;329;261
32;620;586;302;284
32;533;570;284;286
32;446;580;325;255
32;359;645;339;306
32;272;716;378;338
32;185;758;409;349
32;98;812;453;359
32;11;836;406;430
32;1491;663;345;318
32;1404;613;302;311
32;1317;585;317;268
32;1230;592;318;274
32;1143;520;277;243
32;1056;562;286;276
32;969;635;358;277
32;882;709;380;329
32;795;592;332;260
32;708;610;314;296
32;621;586;293;293
32;534;600;334;266
32;447;652;341;311
32;360;724;381;343
32;273;761;413;348
32;186;817;456;361
32;99;834;402;432
32;12;788;386;402
32;1492;632;311;321
32;1405;594;322;272
32;1318;605;324;281
32;1231;524;282;242
32;1144;564;287;277
32;1057;641;359;282
32;970;715;383;332
32;883;647;353;294
32;796;616;313;303
32;709;611;303;308
32;622;622;341;281
32;535;673;346;327
32;448;738;386;352
32;361;774;421;353
32;274;820;462;358
32;187;831;396;435
32;100;789;388;401
32;13;777;402;375
32;1493;599;320;279
32;1406;606;325;281
32;1319;532;288;244
32;1232;573;289;284
32;1145;650;362;288
32;1058;721;382;339
32;971;649;351;298
32;884;610;305;305
32;797;620;308;312
32;710;636;348;288
32;623;702;360;342
32;536;769;404;365
32;449;767;414;353
32;362;826;462;364
32;275;833;400;433
32;188;775;378;397
32;101;773;399;374
32;14;815;431;384
32;1494;615;329;286
32;1407;538;293;245
32;1320;572;285;287
32;1233;666;370;296
32;1146;730;382;348
32;1059;656;359;297
32;972;617;306;311
32;885;619;305;314
32;798;642;352;290
32;711;706;363;343
32;624;783;406;377
32;537;793;430;363
32;450;850;473;377
32;363;833;402;431
32;276;778;379;399
32;189;767;397;370
32;102;811;433;378
32;15;885;442;443
32;1495;542;294;248
32;1408;575;282;293
32;1321;656;369;287
32;1234;714;373;341
32;1147;641;355;286
32;1060;614;305;309
32;973;618;308;310
32;886;675;369;306
32;799;713;367;346
32;712;815;422;393
32;625;809;442;367
32;538;869;484;385
32;451;834;407;427
32;364;790;391;399
32;277;770;402;368
32;190;804;426;378
32;103;880;437;443
32;16;851;431;420
32;1496;587;292;295
32;1409;668;370;298
32;1322;720;368;352
32;1235;673;371;302
32;1148;625;310;315
32;1061;620;312;308
32;974;685;377;308
32;887;722;377;345
32;800;823;424;399
32;713;821;448;373
32;626;893;499;394
32;539;840;413;427
32;452;786;387;399
32;365;774;403;371
32;278;798;428;370
32;191;873;433;440
32;104;849;427;422
32;17;768;399;369
32;1497;683;376;307
32;1410;735;376;359
32;1323;687;380;307
32;1236;640;320;320
32;1149;622;313;309
32;1062;688;375;313
32;975;731;385;346
32;888;819;419;400
32;801;830;453;377
32;714;915;506;409
32;627;849;419;430
32;540;787;387;400
32;453;771;399;372
32;366;800;429;371
32;279;868;438;430
32;192;843;423;420
32;105;768;397;371
32;18;756;383;373
32;1498;744;381;363
32;1411;694;382;312
32;1324;637;323;314
32;1237;625;313;312
32;1150;692;377;315
32;1063;737;390;347
32;976;828;426;402
32;889;855;474;381
32;802;925;510;415
32;715;868;427;441
32;628;795;393;402
32;541;776;402;374
32;454;789;422;367
32;367;866;440;426
32;280;842;426;416
32;193;766;399;367
32;106;746;377;369
32;19;726;354;372
32;1499;659;367;292
32;1412;633;318;315
32;1325;623;312;311
32;1238;692;375;317
32;1151;729;388;341
32;1064;816;425;391
32;977;836;466;370
32;890;799;465;334
32;803;868;427;441
32;716;802;398;404
32;629;789;413;376
32;542;785;419;366
32;455;841;424;417
32;368;844;435;409
32;281;773;404;369
32;194;746;373;373
32;107;723;354;369
32;20;577;303;274
32;1500;610;303;307
32;1413;602;297;305
32;1326;687;372;315
32;1239;719;381;338
32;1152;806;420;386
32;1065;824;457;367
32;978;803;465;338
32;891;736;381;355
32;804;803;399;404
32;717;794;414;380
32;630;785;420;365
32;543;840;425;415
32;456;817;422;395
32;369;785;417;368
32;282;757;379;378
32;195;723;352;371
32;108;579;300;279
32;21;565;305;260
32;1501;590;292;298
32;1414;683;369;314
32;1327;716;383;333
32;1240;814;427;387
32;1153;813;455;358
32;1066;785;461;324
32;979;726;370;356
32;892;680;349;331
32;805;781;408;373
32;718;798;421;377
32;631;842;430;412
32;544;814;418;396
32;457;753;397;356
32;370;758;380;378
32;283;723;354;369
32;196;576;301;275
32;109;560;304;256
32;22;550;284;266
32;1502;657;360;297
32;1415;714;375;339
32;1328;795;415;380
32;1241;801;447;354
32;1154;777;458;319
32;1067;735;379;356
32;980;662;342;320
32;893;637;339;298
32;806;776;413;363
32;719;850;424;426
32;632;822;418;404
32;545;749;389;360
32;458;750;378;372
32;371;721;355;366
32;284;584;310;274
32;197;555;303;252
32;110;549;279;270
32;23;549;271;278
32;1503;681;363;318
32;1416;760;400;360
32;1329;770;438;332
32;1242;747;448;299
32;1155;720;372;348
32;1068;639;327;312
32;981;617;325;292
32;894;639;350;289
32;807;834;413;421
32;720;827;419;408
32;633;753;386;367
32;546;766;383;383
32;459;708;354;354
32;372;605;320;285
32;285;569;304;265
32;198;560;284;276
32;111;552;269;283
32;24;593;297;296
32;1504;725;379;346
32;1417;775;441;334
32;1330;741;440;301
32;1243;713;369;344
32;1156;640;332;308
32;1069;602;326;276
32;982;627;351;276
32;895;674;343;331
32;808;812;410;402
32;721;758;385;373
32;634;794;393;401
32;547;708;348;360
32;460;602;312;290
32;373;585;312;273
32;286;579;291;288
32;199;559;273;286
32;112;593;296;297
32;25;587;282;305
32;1505;760;423;337
32;1418;740;431;309
32;1331;695;352;343
32;1244;643;333;310
32;1157;590;317;273
32;1070;610;344;266
32;983;669;338;331
32;896;685;341;344
32;809;737;374;363
32;722;815;398;417
32;635;727;358;369
32;548;616;326;290
32;461;574;311;263
32;374;579;301;278
32;287;550;270;280
32;200;604;305;299
32;113;580;284;296
32;26;539;276;263
32;1506;735;429;306
32;1419;712;367;345
32;1332;647;330;317
32;1245;583;311;272
32;1158;605;340;265
32;1071;648;337;311
32;984;669;333;336
32;897;615;316;299
32;810;808;395;413
32;723;752;374;378
32;636;620;324;296
32;549;600;314;286
32;462;574;299;275
32;375;562;278;284
32;288;634;322;312
32;201;584;284;300
32;114;544;279;265
32;27;563;293;270
32;1507;701;369;332
32;1420;663;350;313
32;1333;578;304;274
32;1246;597;341;256
32;1159;637;334;303
32;1072;660;326;334
32;985;603;309;294
32;898;668;327;341
32;811;743;373;370
32;724;642;336;306
32;637;632;329;303
32;550;600;305;295
32;463;556;275;281
32;376;651;328;323
32;289;597;285;312
32;202;543;277;266
32;115;561;288;273
32;28;633;314;319
32;1508;691;365;326
32;1421;609;324;285
32;1334;594;335;259
32;1247;635;349;286
32;1160;667;334;333
32;1073;596;306;290
32;986;659;329;330
32;899;667;314;353
32;812;633;330;303
32;725;652;342;310
32;638;617;316;301
32;551;566;277;289
32;464;652;334;318
32;377;596;285;311
32;290;565;286;279
32;203;563;291;272
32;116;633;315;318
32;29;644;348;296
32;1509;629;341;288
32;1422;621;344;277
32;1335;654;366;288
32;1248;686;341;345
32;1161;596;308;288
32;1074;671;339;332
32;987;652;308;344
32;900;665;332;333
32;813;660;349;311
32;726;641;331;310
32;639;590;288;302
32;552;654;332;322
32;465;596;279;317
32;378;581;297;284
32;291;576;296;280
32;204;620;312;308
32;117;644;350;294
32;30;711;351;360
32;1510;684;387;297
32;1423;684;383;301
32;1336;700;348;352
32;1249;616;327;289
32;1162;665;341;324
32;1075;653;307;346
32;988;642;321;321
32;901;683;350;333
32;814;625;332;293
32;727;623;300;323
32;640;678;341;337
32;553;611;287;324
32;466;587;301;286
32;379;593;307;286
32;292;632;321;311
32;205;639;348;291
32;118;697;346;351
32;31;656;324;332
32;1511;726;413;313
32;1424;722;363;359
32;1337;642;343;299
32;1250;669;347;322
32;1163;674;320;354
32;1076;653;328;325
32;989;692;355;337
32;902;668;335;333
32;815;625;304;321
32;728;697;354;343
32;641;647;313;334
32;554;603;311;292
32;467;603;311;292
32;380;631;322;309
32;293;646;354;292
32;206;695;345;350
32;119;648;321;327
32;32;700;369;331
32;1512;770;409;361
32;1425;667;366;301
32;1338;695;370;325
32;1251;695;331;364
32;1164;681;344;337
32;1077;691;349;342
32;990;665;337;328
32;903;686;333;353
32;816;692;355;337
32;729;691;334;357
32;642;643;330;313
32;555;620;316;304
32;468;643;319;324
32;381;671;371;300
32;294;716;358;358
32;207;646;320;326
32;120;699;369;330
32;33;677;359;318
32;1513;706;397;309
32;1426;730;394;336
32;1339;703;343;360
32;1252;698;356;342
32;1165;714;352;362
32;1078;652;342;310
32;991;698;341;357
32;904;721;359;362
32;817;699;346;353
32;730;674;347;327
32;643;642;324;318
32;556;645;317;328
32;469;676;365;311
32;382;726;364;362
32;295;655;322;333
32;208;689;359;330
32;121;676;359;317
32;34;649;333;316
32;1514;795;440;355
32;1427;717;348;369
32;1340;711;371;340
32;1253;725;363;362
32;1166;670;352;318
32;1079;708;346;362
32;992;722;365;357
32;905;757;365;392
32;818;672;342;330
32;731;667;330;337
32;644;666;332;334
32;557;695;365;330
32;470;734;367;367
32;383;661;330;331
32;296;707;367;340
32;209;675;361;314
32;122;639;327;312
32;35;685;363;322
32;1515;751;384;367
32;1428;725;382;343
32;1341;718;366;352
32;1254;691;362;329
32;1167;718;352;366
32;1080;745;378;367
32;993;752;365;387
32;906;710;350;360
32;819;669;324;345
32;732;687;347;340
32;645;720;370;350
32;558;757;378;379
32;471;664;330;334
32;384;735;380;355
32;297;694;370;324
32;210;639;327;312
32;123;681;362;319
32;36;670;342;328
32;1516;763;417;346
32;1429;734;372;362
32;1342;700;361;339
32;1255;730;360;370
32;1168;764;390;374
32;1081;758;370;388
32;994;714;350;364
32;907;675;331;344
32;820;686;348;338
32;733;741;382;359
32;646;774;389;385
32;559;683;335;348
32;472;753;386;367
32;385;696;368;328
32;298;653;331;322
32;211;686;365;321
32;124;667;342;325
32;37;691;348;343
32;1517;790;418;372
32;1430;742;388;354
32;1343;735;368;367
32;1256;763;389;374
32;1169;762;373;389
32;1082;719;355;364
32;995;679;335;344
32;908;732;380;352
32;821;740;382;358
32;734;805;409;396
32;647;704;345;359
32;560;766;399;367
32;473;699;369;330
32;386;667;338;329
32;299;688;366;322
32;212;662;345;317
32;125;689;348;341
32;38;707;353;354
32;1518;774;411;363
32;1431;765;389;376
32;1344;774;398;376
32;1257;787;385;402
32;1170;714;356;358
32;1083;691;344;347
32;996;748;387;361
32;909;788;400;388
32;822;809;407;402
32;735;743;365;378
32;648;787;412;375
32;561;717;375;342
32;474;681;347;334
32;387;693;365;328
32;300;667;349;318
32;213;691;349;342
32;126;699;347;352
32;39;718;346;372
32;1519;815;423;392
32;1432;801;424;377
32;1345;810;404;406
32;1258;742;373;369
32;1171;690;345;345
32;1084;756;394;362
32;997;793;405;388
32;910;830;419;411
32;823;740;361;379
32;736;807;426;381
32;649;733;380;353
32;562;699;352;347
32;475;701;370;331
32;388;682;357;325
32;301;704;363;341
32;214;696;347;349
32;127;719;347;372
32;40;769;386;383
32;1520;835;456;379
32;1433;832;420;412
32;1346;761;392;369
32;1259;709;362;347
32;1172;756;391;365
32;1085;805;410;395
32;998;841;422;419
32;911;792;380;412
32;824;811;426;385
32;737;755;390;365
32;650;712;357;355
32;563;717;377;340
32;476;694;362;332
32;389;720;369;351
32;302;712;355;357
32;215;714;341;373
32;128;760;377;383
32;41;713;368;345
32;1521;860;452;408
32;1434;791;417;374
32;1347;708;365;343
32;1260;778;402;376
32;1173;807;415;392
32;1086;848;421;427
32;999;807;386;421
32;912;808;434;374
32;825;749;387;362
32;738;748;383;365
32;651;739;390;349
32;564;712;374;338
32;477;725;369;356
32;390;717;349;368
32;303;725;348;377
32;216;765;381;384
32;129;719;373;346
32;42;752;379;373
32;1522;825;447;378
32;1435;740;381;359
32;1348;801;414;387
32;1261;827;423;404
32;1174;849;435;414
32;1087;813;388;425
32;1000;810;424;386
32;913;768;395;373
32;826;747;380;367
32;739;747;392;355
32;652;731;383;348
32;565;735;377;358
32;478;730;353;377
32;391;732;348;384
32;304;777;389;388
32;217;728;378;350
32;130;755;379;376
32;43;668;339;329
32;1523;804;428;376
32;1436;822;432;390
32;1349;848;434;414
32;1262;858;436;422
32;1175;819;389;430
32;1088;817;426;391
32;1001;772;393;379
32;914;764;393;371
32;827;757;394;363
32;740;729;384;345
32;653;747;390;357
32;566;733;355;378
32;479;743;351;392
32;392;794;406;388
32;305;741;385;356
32;218;753;379;374
32;131;667;336;331
32;44;685;361;324
32;1524;869;477;392
32;1437;873;460;413
32;1350;875;447;428
32;1263;849;405;444
32;1176;832;436;396
32;1089;779;395;384
32;1002;762;394;368
32;915;761;391;370
32;828;734;384;350
32;741;749;384;365
32;654;738;356;382
32;567;750;349;401
32;480;795;407;388
32;393;765;395;370
32;306;772;390;382
32;219;677;345;332
32;132;690;366;324
32;45;553;283;270
32;1525;916;489;427
32;1438;902;472;430
32;1351;857;407;450
32;1264;843;442;401
32;1177;789;402;387
32;1090;775;405;370
32;1003;755;385;370
32;916;741;382;359
32;829;751;385;366
32;742;754;364;390
32;655;772;365;407
32;568;809;413;396
32;481;784;410;374
32;394;788;402;386
32;307;695;359;336
32;220;688;361;327
32;133;552;279;273
32;46;564;301;263
32;1526;951;504;447
32;1439;881;431;450
32;1352;854;451;403
32;1265;805;409;396
32;1178;785;410;375
32;1091;758;389;369
32;1004;736;381;355
32;917;755;388;367
32;830;754;360;394
32;743;792;374;418
32;656;820;421;399
32;569;801;418;383
32;482;792;406;386
32;395;709;368;341
32;308;709;372;337
32;221;551;275;276
32;134;564;304;260
32;47;556;272;284
32;1527;905;448;457
32;1440;871;463;408
32;1353;814;416;398
32;1266;806;424;382
32;1179;756;382;374
32;1092;738;381;357
32;1005;760;394;366
32;918;776;363;413
32;831;793;375;418
32;744;844;439;405
32;657;814;429;385
32;570;796;403;393
32;483;730;374;356
32;396;730;385;345
32;309;565;282;283
32;222;564;301;263
32;135;563;277;286
32;48;524;246;278
32;1528;914;506;408
32;1441;833;432;401
32;1354;821;431;390
32;1267;773;388;385
32;1180;734;376;358
32;1093;762;398;364
32;1006;775;361;414
32;919;831;406;425
32;832;841;434;407
32;745;827;440;387
32;658;814;410;404
32;571;738;378;360
32;484;738;388;350
32;397;576;292;284
32;310;574;303;271
32;223;559;275;284
32;136;522;248;274
32;49;510;240;270
32;1529;861;459;402
32;1442;841;443;398
32;1355;788;397;391
32;1268;749;383;366
32;1181;775;402;373
32;1094;787;368;419
32;1007;841;413;428
32;920;857;442;415
32;833;825;437;388
32;746;832;418;414
32;659;751;380;371
32;572;754;398;356
32;485;592;291;301
32;398;575;303;272
32;311;573;282;291
32;224;520;248;272
32;137;504;235;269
32;50;487;254;233
32;1530;865;461;404
32;1443;804;409;395
32;1356;766;393;373
32;1269;779;405;374
32;1182;796;373;423
32;1095;845;411;434
32;1008;859;442;417
32;921;802;419;383
32;834;831;416;415
32;747;765;384;381
32;660;771;407;364
32;573;598;289;309
32;486;587;310;277
32;399;592;298;294
32;312;532;259;273
32;225;501;233;268
32;138;485;253;232
32;51;520;242;278
32;1531;837;439;398
32;1444;775;401;374
32;1357;796;419;377
32;1270;815;381;434
32;1183;846;407;439
32;1096;866;444;422
32;1009;807;427;380
32;922;841;415;426
32;835;766;381;385
32;748;786;417;369
32;661;608;293;315
32;574;593;313;280
32;487;606;306;300
32;400;554;272;282
32;313;523;238;285
32;226;484;252;232
32;139;507;232;275
32;52;501;247;254
32;1532;814;433;381
32;1445;828;431;397
32;1358;829;382;447
32;1271;854;404;450
32;1184;873;444;429
32;1097;810;425;385
32;1010;840;418;422
32;923;751;376;375
32;836;795;420;375
32;749;617;290;327
32;662;598;316;282
32;575;612;311;301
32;488;556;271;285
32;401;529;242;287
32;314;491;257;234
32;227;501;228;273
32;140;503;250;253
32;53;488;212;276
32;1533;851;451;400
32;1446;853;397;456
32;1359;859;403;456
32;1272;885;451;434
32;1185;812;423;389
32;1098;842;417;425
32;1011;753;375;378
32;924;775;411;364
32;837;627;292;335
32;750;601;315;286
32;663;622;311;311
32;576;570;275;295
32;489;533;242;291
32;402;500;262;238
32;315;507;231;276
32;228;503;249;254
32;141;482;211;271
32;54;427;202;225
32;1534;857;406;451
32;1447;877;418;459
32;1360;898;460;438
32;1273;826;427;399
32;1186;848;412;436
32;1099;748;372;376
32;1012;764;401;363
32;925;624;288;336
32;838;605;315;290
32;751;628;310;318
32;664;578;278;300
32;577;532;236;296
32;490;500;258;242
32;403;514;239;275
32;316;522;261;261
32;229;481;208;273
32;142;420;194;226
32;55;407;191;216
32;1535;896;429;467
32;1448;910;468;442
32;1361;835;425;410
32;1274;869;421;448
32;1187;760;380;380
32;1100;763;397;366
32;1013;637;295;342
32;926;602;304;298
32;839;628;310;318
32;752;583;277;306
32;665;531;237;294
32;578;500;257;243
32;491;527;243;284
32;404;536;270;266
32;317;500;215;285
32;230;424;197;227
32;143;405;190;215
32;56;439;214;225
32;1536;931;488;443
32;1449;845;426;419
32;1362;873;418;455
32;1275;775;385;390
32;1188;756;393;363
32;1101;639;293;346
32;1014;594;296;298
32;927;577;285;292
32;840;583;274;309
32;753;529;230;299
32;666;502;260;242
32;579;533;244;289
32;492;539;272;267
32;405;501;217;284
32;318;435;204;231
32;231;404;188;216
32;144;429;209;220
32;57;400;155;245
32;1537;859;430;429
32;1450;885;427;458
32;1363;789;390;399
32;1276;763;397;366
32;1189;647;294;353
32;1102;592;292;300
32;1015;577;280;297
32;928;565;257;308
32;841;533;231;302
32;754;500;256;244
32;667;530;243;287
32;580;551;279;272
32;493;510;217;293
32;406;448;210;238
32;319;409;191;218
32;232;426;205;221
32;145;397;157;240
32;58;424;182;242
32;1538;903;432;471
32;1451;800;398;402
32;1364;776;404;372
32;1277;650;294;356
32;1190;588;285;303
32;1103;579;283;296
32;1016;560;250;310
32;929;550;241;309
32;842;502;256;246
32;755;539;250;289
32;668;544;274;270
32;581;510;214;296
32;494;451;208;243
32;407;416;200;216
32;320;437;210;227
32;233;384;144;240
32;146;415;176;239
32;59;470;214;256
32;1539;811;408;403
32;1452;791;411;380
32;1365;649;295;354
32;1278;603;296;307
32;1191;591;286;305
32;1104;573;258;315
32;1017;551;241;310
32;930;515;265;250
32;843;545;252;293
32;756;549;277;272
32;669;518;217;301
32;582;452;206;246
32;495;411;194;217
32;408;432;209;223
32;321;390;147;243
32;234;410;171;239
32;147;465;209;256
32;60;551;251;300
32;1540;801;416;385
32;1453;653;297;356
32;1366;608;303;305
32;1279;603;293;310
32;1192;570;254;316
32;1105;547;238;309
32;1018;516;261;255
32;931;536;241;295
32;844;546;271;275
32;757;516;216;300
32;670;444;202;242
32;583;408;191;217
32;496;435;211;224
32;409;389;146;243
32;322;405;166;239
32;235;456;201;255
32;148;555;254;301
32;61;513;230;283
32;1541;659;297;362
32;1454;602;298;304
32;1367;607;289;318
32;1280;568;249;319
32;1193;537;231;306
32;1106;508;259;249
32;1019;531;238;293
32;932;498;230;268
32;845;518;215;303
32;758;452;205;247
32;671;417;197;220
32;584;433;209;224
32;497;392;144;248
32;410;404;170;234
32;323;458;203;255
32;236;559;258;301
32;149;517;232;285
32;62;533;238;295
32;1542;599;296;303
32;1455;607;288;319
32;1368;563;241;322
32;1281;526;226;300
32;1194;514;262;252
32;1107;524;233;291
32;1020;499;232;267
32;933;504;210;294
32;846;454;203;251
32;759;409;196;213
32;672;421;201;220
32;585;388;140;248
32;498;407;174;233
32;411;463;204;259
32;324;557;256;301
32;237;515;231;284
32;150;540;240;300
32;63;495;221;274
32;1543;611;291;320
32;1456;566;241;325
32;1369;533;228;305
32;1282;509;254;255
32;1195;529;235;294
32;1108;501;228;273
32;1021;493;205;288
32;934;456;205;251
32;847;407;190;217
32;760;421;198;223
32;673;378;133;245
32;586;399;168;231
32;499;461;201;260
32;412;551;252;299
32;325;522;231;291
32;238;542;240;302
32;151;496;221;275
32;64;496;219;277
32;1544;570;242;328
32;1457;543;233;310
32;1370;516;257;259
32;1283;527;234;293
32;1196;503;226;277
32;1109;489;201;288
32;1022;457;206;251
32;935;399;187;212
32;848;411;187;224
32;761;373;129;244
32;674;397;170;227
32;587;457;197;260
32;500;548;248;300
32;413;517;227;290
32;326;550;245;305
32;239;500;223;277
32;152;503;222;281
32;65;478;206;272
32;1545;545;231;314
32;1458;519;260;259
32;1371;518;226;292
32;1284;503;224;279
32;1197;483;196;287
32;1110;452;202;250
32;1023;394;185;209
32;936;398;174;224
32;849;370;126;244
32;762;389;162;227
32;675;452;189;263
32;588;544;240;304
32;501;507;221;286
32;414;550;243;307
32;327;501;230;271
32;240;502;217;285
32;153;483;208;275
32;66;488;216;272
32;1546;514;253;261
32;1459;516;226;290
32;1372;497;218;279
32;1285;479;194;285
32;1198;442;193;249
32;1111;391;180;211
32;1024;399;173;226
32;937;353;118;235
32;850;385;157;228
32;763;448;187;261
32;676;541;234;307
32;589;509;219;290
32;502;543;233;310
32;415;506;227;279
32;328;505;215;290
32;241;480;201;279
32;154;485;214;271
32;67;442;198;244
32;1547;513;225;288
32;1460;489;214;275
32;1373;481;192;289
32;1286;441;193;248
32;1199;393;180;213
32;1112;395;171;224
32;1025;346;114;232
32;938;383;158;225
32;851;444;183;261
32;764;531;228;303
32;677;508;217;291
32;590;533;230;303
32;503;501;224;277
32;416;502;212;290
32;329;482;196;286
32;242;486;213;273
32;155;432;189;243
32;68;443;181;262
32;1548;494;217;277
32;1461;479;190;289
32;1374;442;197;245
32;1287;393;178;215
32;1200;392;171;221
32;1113;348;111;237
32;1026;383;157;226
32;939;422;185;237
32;852;527;221;306
32;765;497;212;285
32;678;534;228;306
32;591;505;227;278
32;504;496;203;293
32;417;473;183;290
32;330;478;201;277
32;243;436;188;248
32;156;445;184;261
32;69;489;201;288
32;1549;477;187;290
32;1462;444;197;247
32;1375;384;171;213
32;1288;388;168;220
32;1201;340;104;236
32;1114;375;155;220
32;1027;412;179;233
32;940;475;202;273
32;853;485;203;282
32;766;525;216;309
32;679;492;219;273
32;592;503;206;297
32;505;464;174;290
32;418;479;202;277
32;331;429;181;248
32;244;436;173;263
32;157;490;201;289
32;70;465;181;284
32;1550;439;192;247
32;1463;379;168;211
32;1376;386;164;222
32;1289;338;103;235
32;1202;369;150;219
32;1115;405;172;233
32;1028;454;190;264
32;941;454;188;266
32;854;513;207;306
32;767;479;213;266
32;680;485;197;288
32;593;460;173;287
32;506;473;197;276
32;419;422;177;245
32;332;427;168;259
32;245;481;193;288
32;158;470;182;288
32;71;410;180;230
32;1551;378;165;213
32;1464;377;160;217
32;1377;325;97;228
32;1290;361;146;215
32;1203;397;170;227
32;1116;442;183;259
32;1029;443;180;263
32;942;455;166;289
32;855;477;213;264
32;768;477;190;287
32;681;461;171;290
32;594;465;190;275
32;507;415;174;241
32;420;415;162;253
32;333;470;184;286
32;246;459;175;284
32;159;397;172;225
32;72;354;145;209
32;1552;373;156;217
32;1465;321;94;227
32;1378;359;144;215
32;1291;387;165;222
32;1204;431;177;254
32;1117;438;178;260
32;1030;452;163;289
32;943;426;182;244
32;856;470;182;288
32;769;451;162;289
32;682;449;181;268
32;595;409;164;245
32;508;403;158;245
32;421;461;176;285
32;334;459;178;281
32;247;390;171;219
32;160;348;143;205
32;73;402;141;261
32;1553;311;88;223
32;1466;359;141;218
32;1379;382;163;219
32;1292;415;170;245
32;1205;432;174;258
32;1118;429;149;280
32;1031;409;170;239
32;944;431;168;263
32;857;436;152;284
32;770;444;176;268
32;683;390;156;234
32;596;387;151;236
32;509;451;167;284
32;422;440;165;275
32;335;390;167;223
32;248;335;136;199
32;161;398;139;259
32;74;317;110;207
32;1554;355;139;216
32;1467;375;159;216
32;1380;407;163;244
32;1293;410;165;245
32;1206;412;144;268
32;1119;388;158;230
32;1032;419;158;261
32;945;382;119;263
32;858;438;173;265
32;771;377;153;224
32;684;376;145;231
32;597;428;152;276
32;510;426;155;271
32;423;380;159;221
32;336;333;133;200
32;249;384;135;249
32;162;315;108;207
32;75;282;111;171
32;1555;365;152;213
32;1468;398;160;238
32;1381;398;159;239
32;1294;404;139;265
32;1207;380;154;226
32;1120;410;154;256
32;1033;374;113;261
32;946;373;143;230
32;859;365;148;217
32;772;363;132;231
32;685;424;150;274
32;598;420;153;267
32;511;376;150;226
32;424;327;123;204
32;337;374;126;248
32;250;315;105;210
32;163;277;110;167
32;76;268;96;172
32;1556;383;152;231
32;1469;383;151;232
32;1382;384;130;254
32;1295;364;143;221
32;1208;398;145;253
32;1121;362;107;255
32;1034;351;126;225
32;947;329;127;202
32;860;349;125;224
32;773;408;138;270
32;686;408;146;262
32;599;359;138;221
32;512;311;110;201
32;425;366;119;247
32;338;307;101;206
32;251;274;107;167
32;164;259;88;171
32;77;254;77;177
32;1557;380;151;229
32;1470;374;123;251
32;1383;354;136;218
32;1296;387;137;250
32;1209;345;97;248
32;1122;334;119;215
32;1035;313;120;193
32;948;310;105;205
32;861;396;134;262
32;774;399;137;262
32;687;347;130;217
32;600;305;103;202
32;513;341;106;235
32;426;297;97;200
32;339;249;95;154
32;252;248;82;166
32;165;240;72;168
32;78;247;91;156
32;1558;365;118;247
32;1471;342;132;210
32;1384;372;125;247
32;1297;339;92;247
32;1210;320;113;207
32;1123;297;108;189
32;1036;294;96;198
32;949;331;106;225
32;862;373;122;251
32;775;328;124;204
32;688;299;99;200
32;601;326;100;226
32;514;282;88;194
32;427;233;87;146
32;340;240;79;161
32;253;227;70;157
32;166;248;90;158
32;79;213;66;147
32;1559;328;131;197
32;1472;360;120;240
32;1385;328;89;239
32;1298;306;107;199
32;1211;281;100;181
32;1124;278;89;189
32;1037;312;94;218
32;950;325;100;225
32;863;316;119;197
32;776;281;89;192
32;689;306;89;217
32;602;263;86;177
32;515;233;85;148
32;428;229;76;153
32;341;217;65;152
32;254;236;82;154
32;167;209;67;142
32;80;168;65;103
32;1560;349;115;234
32;1473;317;84;233
32;1386;294;100;194
32;1299;265;91;174
32;1212;262;81;181
32;1125;299;85;214
32;1038;311;93;218
32;951;267;95;172
32;864;268;84;184
32;777;299;89;210
32;690;251;81;170
32;603;209;73;136
32;516;212;68;144
32;429;206;63;143
32;342;227;76;151
32;255;195;61;134
32;168;156;56;100
32;81;153;42;111
32;1561;298;76;222
32;1474;275;91;184
32;1387;254;82;172
32;1300;249;72;177
32;1213;285;79;206
32;1126;298;87;211
32;1039;240;79;161
32;952;231;77;154
32;865;287;86;201
32;778;227;69;158
32;691;191;61;130
32;604;189;57;132
32;517;191;59;132
32;430;217;70;147
32;343;182;57;125
32;256;147;55;92
32;169;148;40;108
32;82;120;31;89
32;1562;255;81;174
32;1475;237;73;164
32;1388;236;65;171
32;1301;258;69;189
32;1214;276;75;201
32;1127;223;73;150
32;1040;214;70;144
32;953;244;67;177
32;866;210;61;149
32;779;178;54;124
32;692;173;51;122
32;605;184;57;127
32;518;199;63;136
32;431;171;48;123
32;344;133;46;87
32;257;137;35;102
32;170;106;26;80
32;83;64;17;47
32;1563;216;62;154
32;1476;217;56;161
32;1389;240;65;175
32;1302;251;65;186
32;1215;204;63;141
32;1128;195;61;134
32;1041;234;66;168
32;954;178;48;130
32;867;170;50;120
32;780;155;46;109
32;693;174;51;123
32;606;184;54;130
32;519;164;45;119
32;432;124;42;82
32;345;131;30;101
32;258;103;21;82
32;171;63;16;47
32;84;80;30;50
32;1564;197;50;147
32;1477;220;60;160
32;1390;236;59;177
32;1303;183;54;129
32;1216;186;57;129
32;1129;214;58;156
32;1042;154;39;115
32;955;146;39;107
32;868;148;45;103
32;781;156;45;111
32;694;174;52;122
32;607;153;44;109
32;520;118;42;76
32;433;122;28;94
32;346;96;18;78
32;259;53;13;40
32;172;76;28;48
32;85;77;29;48
32;1565;1006;238;768
32;1478;944;228;716
32;1391;868;218;650
32;1304;842;214;628
32;1217;769;196;573
32;1130;707;176;531
32;1043;670;163;507
32;956;630;157;473
32;869;651;158;493
32;782;653;152;501
32;695;568;139;429
32;608;508;131;377
32;521;527;131;396
32;434;479;112;367
32;347;464;124;340
32;260;478;130;348
32;173;489;141;348
32;86;479;132;347
32;1566;56131;28048;28083
32;1479;54635;26934;27701
32;1392;53459;26166;27293
32;1305;52831;25790;27041
32;1218;52110;25376;26734
32;1131;51614;25091;26523
32;1044;51405;24914;26491
32;957;51279;24845;26434
32;870;51843;25122;26721
32;783;51690;25049;26641
32;696;50488;24492;25996
32;609;49293;23891;25402
32;522;48488;23548;24940
32;435;48104;23412;24692
32;348;47367;22995;24372
32;261;46570;22547;24023
32;174;46413;22484;23929
32;87;46179;22381;23798
33;1480;405;205;200
33;1393;394;197;197
33;1306;390;197;193
33;1219;402;199;203
33;1132;396;194;202
33;1045;416;201;215
33;958;414;223;191
33;871;433;234;199
33;784;443;236;207
33;697;432;228;204
33;610;423;220;203
33;523;418;206;212
33;436;424;233;191
33;349;428;205;223
33;262;468;236;232
33;175;423;225;198
33;88;424;196;228
33;1;483;267;216
33;1481;392;197;195
33;1394;387;197;190
33;1307;396;199;197
33;1220;390;192;198
33;1133;416;203;213
33;1046;416;227;189
33;959;421;226;195
33;872;415;216;199
33;785;420;218;202
33;698;421;217;204
33;611;411;203;208
33;524;426;232;194
33;437;426;204;222
33;350;464;232;232
33;263;431;229;202
33;176;424;194;230
33;89;484;269;215
33;2;484;236;248
33;1482;383;196;187
33;1395;391;200;191
33;1308;386;190;196
33;1221;412;201;211
33;1134;421;231;190
33;1047;421;228;193
33;960;412;217;195
33;873;409;214;195
33;786;406;211;195
33;699;404;199;205
33;612;425;235;190
33;525;424;201;223
33;438;459;227;232
33;351;432;231;201
33;264;430;197;233
33;177;490;273;217
33;90;478;231;247
33;3;515;276;239
33;1483;397;199;198
33;1396;387;193;194
33;1309;400;193;207
33;1222;417;227;190
33;1135;423;230;193
33;1048;414;221;193
33;961;415;213;202
33;874;376;192;184
33;787;401;200;201
33;700;420;235;185
33;613;426;205;221
33;526;463;230;233
33;439;428;229;199
33;352;427;196;231
33;265;496;274;222
33;178;482;230;252
33;91;514;276;238
33;4;547;273;274
33;1484;389;195;194
33;1397;399;188;211
33;1310;414;227;187
33;1223;423;229;194
33;1136;405;219;186
33;1049;413;207;206
33;962;369;186;183
33;875;412;193;219
33;788;407;228;179
33;701;422;201;221
33;614;471;235;236
33;527;428;228;200
33;440;420;191;229
33;353;488;269;219
33;266;490;234;256
33;179;513;273;240
33;92;543;271;272
33;5;634;309;325
33;1485;395;184;211
33;1398;408;224;184
33;1311;409;225;184
33;1224;399;213;186
33;1137;407;204;203
33;1050;368;188;180
33;963;411;190;221
33;876;405;212;193
33;789;411;195;216
33;702;469;234;235
33;615;424;230;194
33;528;425;197;228
33;441;484;266;218
33;354;485;233;252
33;267;514;273;241
33;180;543;270;273
33;93;631;308;323
33;6;588;302;286
33;1486;405;225;180
33;1399;410;227;183
33;1312;395;211;184
33;1225;393;196;197
33;1138;360;183;177
33;1051;409;191;218
33;964;405;205;200
33;877;405;196;209
33;790;462;233;229
33;703;421;230;191
33;616;421;196;225
33;529;482;267;215
33;442;482;231;251
33;355;513;273;240
33;268;552;276;276
33;181;633;308;325
33;94;591;300;291
33;7;632;317;315
33;1487;413;232;181
33;1400;382;206;176
33;1313;394;197;197
33;1226;352;180;172
33;1139;400;188;212
33;1052;402;203;199
33;965;409;199;210
33;878;437;217;220
33;791;415;227;188
33;704;423;195;228
33;617;474;262;212
33;530;487;236;251
33;443;510;272;238
33;356;548;274;274
33;269;637;310;327
33;182;594;304;290
33;95;630;315;315
33;8;692;323;369
33;1488;368;198;170
33;1401;400;201;199
33;1314;351;179;172
33;1227;391;185;206
33;1140;405;203;202
33;1053;412;201;211
33;966;429;213;216
33;879;415;228;187
33;792;416;192;224
33;705;478;261;217
33;618;488;234;254
33;531;506;269;237
33;444;543;274;269
33;357;635;312;323
33;270;595;304;291
33;183;632;316;316
33;96;692;324;368
33;9;789;388;401
33;1489;411;205;206
33;1402;348;177;171
33;1315;382;182;200
33;1228;403;197;206
33;1141;407;198;209
33;1054;421;209;212
33;967;408;223;185
33;880;443;206;237
33;793;471;257;214
33;706;495;237;258
33;619;510;272;238
33;532;548;277;271
33;445;631;308;323
33;358;597;307;290
33;271;633;315;318
33;184;698;326;372
33;97;785;385;400
33;10;784;405;379
33;1490;351;175;176
33;1403;377;183;194
33;1316;400;197;203
33;1229;400;191;209
33;1142;412;202;210
33;1055;408;223;185
33;968;442;209;233
33;881;477;257;220
33;794;484;234;250
33;707;510;270;240
33;620;546;277;269
33;533;633;308;325
33;446;599;311;288
33;359;634;315;319
33;272;701;328;373
33;185;788;386;402
33;98;783;403;380
33;11;804;394;410
33;1491;374;181;193
33;1404;389;189;200
33;1317;386;183;203
33;1230;408;201;207
33;1143;398;219;179
33;1056;435;207;228
33;969;475;257;218
33;882;475;233;242
33;795;504;266;238
33;708;551;279;272
33;621;631;309;322
33;534;590;309;281
33;447;630;313;317
33;360;702;325;377
33;273;784;386;398
33;186;784;405;379
33;99;800;393;407
33;12;780;384;396
33;1492;393;193;200
33;1405;376;179;197
33;1318;409;201;208
33;1231;398;221;177
33;1144;426;203;223
33;1057;468;255;213
33;970;464;228;236
33;883;499;255;244
33;796;548;279;269
33;709;626;305;321
33;622;589;307;282
33;535;638;317;321
33;448;697;322;375
33;361;790;386;404
33;274;784;407;377
33;187;800;393;407
33;100;774;379;395
33;13;732;364;368
33;1493;377;178;199
33;1406;404;201;203
33;1319;392;219;173
33;1232;421;201;220
33;1145;460;250;210
33;1058;464;228;236
33;971;500;255;245
33;884;529;267;262
33;797;623;300;323
33;710;592;308;284
33;623;640;320;320
33;536;694;324;370
33;449;771;379;392
33;362;782;408;374
33;275;800;393;407
33;188;763;373;390
33;101;721;360;361
33;14;782;396;386
33;1494;405;201;204
33;1407;389;215;174
33;1320;414;198;216
33;1233;470;254;216
33;1146;455;223;232
33;1059;497;256;241
33;972;524;263;261
33;885;621;301;320
33;798;581;303;278
33;711;644;323;321
33;624;688;323;365
33;537;772;378;394
33;450;777;404;373
33;363;797;388;409
33;276;766;369;397
33;189;715;358;357
33;102;773;389;384
33;15;768;398;370
33;1495;381;211;170
33;1408;407;191;216
33;1321;465;255;210
33;1234;452;221;231
33;1147;496;255;241
33;1060;527;263;264
33;973;622;303;319
33;886;563;294;269
33;799;639;320;319
33;712;687;323;364
33;625;767;376;391
33;538;778;407;371
33;451;784;385;399
33;364;766;373;393
33;277;710;353;357
33;190;759;382;377
33;103;758;393;365
33;16;775;396;379
33;1496;405;191;214
33;1409;465;255;210
33;1322;447;218;229
33;1235;494;258;236
33;1148;521;262;259
33;1061;627;308;319
33;974;564;292;272
33;887;651;329;322
33;800;675;317;358
33;713;765;375;390
33;626;770;403;367
33;539;783;383;400
33;452;746;361;385
33;365;698;346;352
33;278;759;384;375
33;191;747;386;361
33;104;768;390;378
33;17;754;381;373
33;1497;457;251;206
33;1410;448;218;230
33;1323;490;257;233
33;1236;523;265;258
33;1149;625;309;316
33;1062;562;292;270
33;975;648;328;320
33;888;699;328;371
33;801;750;366;384
33;714;770;405;365
33;627;780;386;394
33;540;740;365;375
33;453;678;332;346
33;366;749;378;371
33;279;735;383;352
33;192;753;379;374
33;105;738;370;368
33;18;719;354;365
33;1498;438;212;226
33;1411;480;250;230
33;1324;515;261;254
33;1237;617;308;309
33;1150;560;291;269
33;1063;642;325;317
33;976;694;328;366
33;889;727;370;357
33;802;754;397;357
33;715;779;385;394
33;628;728;358;370
33;541;671;329;342
33;454;731;370;361
33;367;720;376;344
33;280;743;376;367
33;193;735;368;367
33;106;719;355;364
33;19;644;334;310
33;1499;465;241;224
33;1412;504;255;249
33;1325;608;303;305
33;1238;550;284;266
33;1151;632;321;311
33;1064;681;323;358
33;977;714;371;343
33;890;636;345;291
33;803;759;372;387
33;716;731;359;372
33;629;666;327;339
33;542;714;364;350
33;455;691;360;331
33;368;731;367;364
33;281;725;361;364
33;194;716;353;363
33;107;631;331;300
33;20;600;307;293
33;1500;478;242;236
33;1413;603;299;304
33;1326;534;276;258
33;1239;624;317;307
33;1152;667;315;352
33;1065;702;366;336
33;978;628;337;291
33;891;626;321;305
33;804;707;349;358
33;717;657;321;336
33;630;704;360;344
33;543;675;355;320
33;456;690;344;346
33;369;709;353;356
33;282;715;351;364
33;195;627;327;300
33;108;590;300;290
33;21;595;307;288
33;1501;571;275;296
33;1414;528;272;256
33;1327;611;310;301
33;1240;655;309;346
33;1153;686;362;324
33;1066;613;331;282
33;979;607;316;291
33;892;580;306;274
33;805;633;311;322
33;718;698;359;339
33;631;664;350;314
33;544;679;337;342
33;457;667;330;337
33;370;703;344;359
33;283;622;327;295
33;196;579;296;283
33;109;589;309;280
33;22;562;293;269
33;1502;500;261;239
33;1415;587;303;284
33;1328;629;298;331
33;1241;673;352;321
33;1154;598;323;275
33;1067;576;299;277
33;980;562;294;268
33;893;494;256;238
33;806;666;342;324
33;719;654;343;311
33;632;669;326;343
33;545;654;324;330
33;458;666;329;337
33;371;615;318;297
33;284;585;297;288
33;197;592;310;282
33;110;554;288;266
33;23;580;297;283
33;1503;556;289;267
33;1416;608;293;315
33;1329;635;330;305
33;1242;585;320;265
33;1155;557;292;265
33;1068;550;291;259
33;981;464;246;218
33;894;524;275;249
33;807;624;327;297
33;720;657;325;332
33;633;640;324;316
33;546;656;318;338
33;459;585;307;278
33;372;574;288;286
33;285;599;316;283
33;198;551;287;264
33;111;574;291;283
33;24;572;300;272
33;1504;569;275;294
33;1417;618;325;293
33;1330;559;298;261
33;1243;539;286;253
33;1156;524;283;241
33;1069;446;238;208
33;982;500;262;238
33;895;511;274;237
33;808;630;314;316
33;721;641;326;315
33;634;639;310;329
33;547;576;302;274
33;460;552;277;275
33;373;580;310;270
33;286;544;286;258
33;199;580;293;287
33;112;562;293;269
33;25;564;297;267
33;1505;573;306;267
33;1418;536;283;253
33;1331;501;270;231
33;1244;494;278;216
33;1157;430;231;199
33;1070;479;259;220
33;983;485;263;222
33;896;503;262;241
33;809;600;306;294
33;722;638;309;329
33;635;560;294;266
33;548;542;274;268
33;461;548;291;257
33;374;515;277;238
33;287;574;287;287
33;200;557;296;261
33;113;563;297;266
33;26;610;306;304
33;1506;502;262;240
33;1419;465;250;215
33;1332;475;274;201
33;1245;409;214;195
33;1158;455;247;208
33;1071;470;255;215
33;984;460;240;220
33;897;478;248;230
33;810;586;290;296
33;723;544;285;259
33;636;526;264;262
33;549;537;288;249
33;462;495;271;224
33;375;565;278;287
33;288;550;296;254
33;201;559;295;264
33;114;597;299;298
33;27;593;308;285
33;1507;445;252;193
33;1420;455;264;191
33;1333;383;207;176
33;1246;439;236;203
33;1159;461;247;214
33;1072;445;236;209
33;985;452;235;217
33;898;473;239;234
33;811;493;259;234
33;724;512;256;256
33;637;518;278;240
33;550;488;270;218
33;463;555;270;285
33;376;547;293;254
33;289;547;286;261
33;202;594;296;298
33;115;591;305;286
33;28;599;303;296
33;1508;435;253;182
33;1421;372;211;161
33;1334;427;222;205
33;1247;446;244;202
33;1160;430;226;204
33;1073;448;236;212
33;986;458;227;231
33;899;451;224;227
33;812;485;239;246
33;725;508;280;228
33;638;489;270;219
33;551;537;264;273
33;464;533;283;250
33;377;543;289;254
33;290;589;289;300
33;203;585;300;285
33;116;587;294;293
33;29;643;311;332
33;1509;341;201;140
33;1422;414;218;196
33;1335;420;230;190
33;1248;417;222;195
33;1161;446;232;214
33;1074;442;222;220
33;987;433;217;216
33;900;436;215;221
33;813;484;264;220
33;726;482;268;214
33;639;530;264;266
33;552;535;285;250
33;465;527;274;253
33;378;583;286;297
33;291;586;302;284
33;204;581;294;287
33;117;629;301;328
33;30;688;356;332
33;1510;396;212;184
33;1423;421;227;194
33;1336;406;219;187
33;1249;443;230;213
33;1162;416;208;208
33;1075;418;203;215
33;988;430;208;222
33;901;464;245;219
33;814;453;258;195
33;727;520;251;269
33;640;532;281;251
33;553;526;274;252
33;466;581;285;296
33;379;581;301;280
33;292;574;289;285
33;205;629;302;327
33;118;672;348;324
33;31;642;315;327
33;1511;398;217;181
33;1424;392;208;184
33;1337;421;219;202
33;1250;406;204;202
33;1163;408;203;205
33;1076;423;210;213
33;989;442;228;214
33;902;460;238;222
33;815;504;242;262
33;728;531;281;250
33;641;516;273;243
33;554;569;278;291
33;467;570;292;278
33;380;566;287;279
33;293;619;298;321
33;206;670;351;319
33;119;634;308;326
33;32;676;321;355
33;1512;373;197;176
33;1425;408;210;198
33;1338;391;189;202
33;1251;404;201;203
33;1164;412;207;205
33;1077;443;230;213
33;990;445;228;217
33;903;493;237;256
33;816;508;267;241
33;729;510;270;240
33;642;562;273;289
33;555;572;291;281
33;468;554;279;275
33;381;607;285;322
33;294;678;357;321
33;207;631;307;324
33;120;673;316;357
33;33;669;316;353
33;1513;399;200;199
33;1426;381;185;196
33;1339;387;190;197
33;1252;399;204;195
33;1165;428;222;206
33;1078;433;222;211
33;991;486;234;252
33;904;475;243;232
33;817;487;256;231
33;730;565;280;285
33;643;564;288;276
33;556;560;283;277
33;469;596;277;319
33;382;672;350;322
33;295;632;308;324
33;208;669;313;356
33;121;656;310;346
33;34;679;344;335
33;1514;373;185;188
33;1427;370;177;193
33;1340;385;194;191
33;1253;419;218;201
33;1166;426;219;207
33;1079;493;240;253
33;992;464;238;226
33;905;509;256;253
33;818;548;272;276
33;731;552;287;265
33;644;553;281;272
33;557;588;269;319
33;470;667;342;325
33;383;634;312;322
33;296;661;306;355
33;209;663;315;348
33;122;678;338;340
33;35;676;321;355
33;1515;361;172;189
33;1428;374;190;184
33;1341;404;210;194
33;1254;407;203;204
33;1167;479;231;248
33;1080;462;235;227
33;993;493;245;248
33;906;549;269;280
33;819;528;274;254
33;732;544;278;266
33;645;575;263;312
33;558;655;334;321
33;471;616;299;317
33;384;656;302;354
33;297;661;313;348
33;210;672;334;338
33;123;674;319;355
33;36;673;355;318
33;1516;373;187;186
33;1429;400;212;188
33;1342;399;190;209
33;1255;477;229;248
33;1168;440;221;219
33;1081;487;239;248
33;994;539;264;275
33;907;548;276;272
33;820;533;269;264
33;733;568;260;308
33;646;648;328;320
33;559;608;296;312
33;472;645;299;346
33;385;656;309;347
33;298;664;328;336
33;211;678;319;359
33;124;665;351;314
33;37;715;363;352
33;1517;389;204;185
33;1430;393;189;204
33;1343;466;226;240
33;1256;432;211;221
33;1169;482;239;243
33;1082;538;264;274
33;995;530;261;269
33;908;552;282;270
33;821;552;248;304
33;734;641;324;317
33;647;603;290;313
33;560;639;293;346
33;473;641;300;341
33;386;653;320;333
33;299;671;317;354
33;212;665;353;312
33;125;705;357;348
33;38;686;368;318
33;1518;389;187;202
33;1431;461;225;236
33;1344;428;210;218
33;1257;477;233;244
33;1170;531;255;276
33;1083;524;260;264
33;996;543;279;264
33;909;589;279;310
33;822;630;323;307
33;735;600;290;310
33;648;640;294;346
33;561;640;299;341
33;474;648;314;334
33;387;666;314;352
33;300;659;346;313
33;213;709;362;347
33;126;674;362;312
33;39;709;356;353
33;1519;441;215;226
33;1432;416;203;213
33;1345;472;231;241
33;1258;519;253;266
33;1171;519;255;264
33;1084;540;278;262
33;997;582;276;306
33;910;637;331;306
33;823;586;287;299
33;736;633;289;344
33;649;623;291;332
33;562;641;308;333
33;475;650;306;344
33;388;651;342;309
33;301;704;358;346
33;214;673;359;314
33;127;699;349;350
33;40;744;374;370
33;1520;410;196;214
33;1433;457;221;236
33;1346;517;253;264
33;1259;517;250;267
33;1172;534;276;258
33;1085;580;272;308
33;998;629;326;303
33;911;617;303;314
33;824;617;277;340
33;737;620;289;331
33;650;638;308;330
33;563;643;301;342
33;476;635;333;302
33;389;695;349;346
33;302;667;355;312
33;215;698;348;350
33;128;734;365;369
33;41;678;316;362
33;1521;459;223;236
33;1434;506;245;261
33;1347;507;244;263
33;1260;528;272;256
33;1173;581;275;306
33;1086;619;318;301
33;999;613;302;311
33;912;649;302;347
33;825;603;278;325
33;738;633;305;328
33;651;641;301;340
33;564;632;333;299
33;477;682;337;345
33;390;656;348;308
33;303;694;341;353
33;216;729;361;368
33;129;665;312;353
33;42;654;321;333
33;1522;512;250;262
33;1435;500;243;257
33;1348;521;271;250
33;1261;574;270;304
33;1174;606;312;294
33;1087;600;294;306
33;1000;646;304;342
33;913;616;292;324
33;826;620;294;326
33;739;641;301;340
33;652;625;331;294
33;565;671;330;341
33;478;639;334;305
33;391;680;332;348
33;304;723;359;364
33;217;671;315;356
33;130;648;317;331
33;43;664;339;325
33;1523;494;245;249
33;1436;517;270;247
33;1349;573;274;299
33;1262;599;306;293
33;1175;593;287;306
33;1088;641;300;341
33;1001;612;287;325
33;914;626;301;325
33;827;627;292;335
33;740;623;329;294
33;653;662;324;338
33;566;638;334;304
33;479;668;325;343
33;392;723;357;366
33;305;674;317;357
33;218;644;315;329
33;131;657;334;323
33;44;613;307;306
33;1524;502;259;243
33;1437;566;266;300
33;1350;598;306;292
33;1263;591;284;307
33;1176;641;298;343
33;1089;605;284;321
33;1002;623;303;320
33;915;626;292;334
33;828;608;319;289
33;741;653;320;333
33;654;627;325;302
33;567;669;325;344
33;480;714;353;361
33;393;671;315;356
33;306;636;306;330
33;219;659;337;322
33;132;606;302;304
33;45;588;307;281
33;1525;562;264;298
33;1438;583;293;290
33;1351;587;284;303
33;1264;646;300;346
33;1177;601;285;316
33;1090;610;298;312
33;1003;607;278;329
33;916;653;345;308
33;829;629;303;326
33;742;620;321;299
33;655;660;322;338
33;568;713;353;360
33;481;663;317;346
33;394;630;301;329
33;307;653;330;323
33;220;605;301;304
33;133;573;296;277
33;46;567;287;280
33;1526;576;291;285
33;1439;573;279;294
33;1352;634;295;339
33;1265;595;278;317
33;1178;609;297;312
33;1091;600;273;327
33;1004;640;334;306
33;917;650;321;329
33;830;608;314;294
33;743;658;325;333
33;656;704;350;354
33;569;657;310;347
33;482;622;297;325
33;395;648;327;321
33;308;599;298;301
33;221;567;290;277
33;134;564;286;278
33;47;549;260;289
33;1527;571;283;288
33;1440;622;289;333
33;1353;589;274;315
33;1266;609;296;313
33;1179;589;270;319
33;1092;636;331;305
33;1005;645;316;329
33;918;604;304;300
33;831;637;312;325
33;744;698;347;351
33;657;650;310;340
33;570;614;296;318
33;483;643;323;320
33;396;597;299;298
33;309;573;295;278
33;222;564;285;279
33;135;547;260;287
33;48;518;248;270
33;1528;622;286;336
33;1441;590;274;316
33;1354;607;292;315
33;1267;593;271;322
33;1180;639;332;307
33;1093;639;313;326
33;1006;594;298;296
33;919;636;316;320
33;832;687;340;347
33;745;643;304;339
33;658;606;292;314
33;571;645;324;321
33;484;598;298;300
33;397;567;292;275
33;310;556;278;278
33;223;548;260;288
33;136;506;243;263
33;49;514;267;247
33;1529;590;275;315
33;1442;614;296;318
33;1355;586;266;320
33;1268;630;326;304
33;1181;633;306;327
33;1094;595;299;296
33;1007;631;311;320
33;920;653;310;343
33;833;630;297;333
33;746;602;289;313
33;659;645;324;321
33;572;599;297;302
33;485;561;287;274
33;398;552;276;276
33;311;552;258;294
33;224;505;241;264
33;137;500;259;241
33;50;508;240;268
33;1530;604;291;313
33;1443;578;259;319
33;1356;631;327;304
33;1269;621;299;322
33;1182;591;292;299
33;1095;635;313;322
33;1008;645;307;338
33;921;621;282;339
33;834;594;283;311
33;747;644;320;324
33;660;592;292;300
33;573;552;279;273
33;486;547;273;274
33;399;542;255;287
33;312;496;234;262
33;225;491;252;239
33;138;508;237;271
33;51;485;229;256
33;1531;569;255;314
33;1444;631;324;307
33;1357;619;300;319
33;1270;587;287;300
33;1183;629;309;320
33;1096;631;297;334
33;1009;609;269;340
33;922;594;285;309
33;835;638;312;326
33;748;587;284;303
33;661;550;275;275
33;574;542;269;273
33;487;531;246;285
33;400;487;229;258
33;313;490;250;240
33;226;498;231;267
33;139;478;227;251
33;52;491;252;239
33;1532;626;321;305
33;1445;622;302;320
33;1358;586;289;297
33;1271;622;307;315
33;1184;623;293;330
33;1097;606;264;342
33;1010;590;284;306
33;923;626;293;333
33;836;574;280;294
33;749;541;270;271
33;662;537;263;274
33;575;525;241;284
33;488;481;226;255
33;401;485;244;241
33;314;503;233;270
33;227;470;219;251
33;140;490;249;241
33;53;461;219;242
33;1533;618;302;316
33;1446;579;281;298
33;1359;615;297;318
33;1272;628;288;340
33;1185;600;260;340
33;1098;587;279;308
33;1011;625;294;331
33;924;577;275;302
33;837;531;263;268
33;750;532;258;274
33;663;521;239;282
33;576;476;223;253
33;489;471;237;234
33;402;498;228;270
33;315;463;212;251
33;228;489;246;243
33;141;464;221;243
33;54;425;182;243
33;1534;578;283;295
33;1447;601;291;310
33;1360;617;285;332
33;1273;603;260;343
33;1186;577;270;307
33;1099;620;286;334
33;1012;570;272;298
33;925;531;259;272
33;838;523;250;273
33;751;521;236;285
33;664;469;219;250
33;577;466;234;232
33;490;489;218;271
33;403;459;211;248
33;316;485;243;242
33;229;466;219;247
33;142;417;179;238
33;55;408;195;213
33;1535;600;290;310
33;1448;604;279;325
33;1361;596;256;340
33;1274;571;264;307
33;1187;608;274;334
33;1100;560;263;297
33;1013;526;252;274
33;926;511;244;267
33;839;502;224;278
33;752;464;218;246
33;665;458;225;233
33;578;479;212;267
33;491;454;206;248
33;404;479;237;242
33;317;463;215;248
33;230;414;176;238
33;143;404;190;214
33;56;423;195;228
33;1536;602;274;328
33;1449;585;254;331
33;1362;562;256;306
33;1275;610;278;332
33;1188;561;266;295
33;1101;522;250;272
33;1014;505;241;264
33;927;499;230;269
33;840;456;213;243
33;753;451;223;228
33;666;470;204;266
33;579;450;204;246
33;492;475;233;242
33;405;452;205;247
33;318;409;173;236
33;231;401;187;214
33;144;413;187;226
33;57;406;200;206
33;1537;573;247;326
33;1450;555;255;300
33;1363;610;278;332
33;1276;558;266;292
33;1189;522;250;272
33;1102;502;239;263
33;1015;490;225;265
33;928;470;210;260
33;841;441;215;226
33;754;464;196;268
33;667;445;203;242
33;580;463;222;241
33;493;448;203;245
33;406;407;172;235
33;319;394;181;213
33;232;410;183;227
33;145;399;197;202
33;58;463;209;254
33;1538;551;253;298
33;1451;604;273;331
33;1364;549;260;289
33;1277;522;253;269
33;1190;498;235;263
33;1103;482;219;263
33;1016;460;202;258
33;929;450;215;235
33;842;463;198;265
33;755;439;197;242
33;668;454;217;237
33;581;448;203;245
33;494;399;168;231
33;407;389;178;211
33;320;407;179;228
33;233;388;187;201
33;146;457;206;251
33;59;501;221;280
33;1539;601;267;334
33;1452;550;262;288
33;1365;518;248;270
33;1278;491;230;261
33;1191;481;215;266
33;1104;459;198;261
33;1017;444;211;233
33;930;448;194;254
33;843;436;198;238
33;756;441;208;233
33;669;442;199;243
33;582;393;164;229
33;495;383;177;206
33;408;405;179;226
33;321;379;180;199
33;234;451;205;246
33;147;490;212;278
33;60;488;202;286
33;1540;539;253;286
33;1453;514;247;267
33;1366;488;227;261
33;1279;477;210;267
33;1192;456;196;260
33;1105;438;205;233
33;1018;446;191;255
33;931;440;197;243
33;844;433;203;230
33;757;430;193;237
33;670;383;154;229
33;583;376;171;205
33;496;400;177;223
33;409;378;178;200
33;322;441;202;239
33;235;487;210;277
33;148;478;193;285
33;61;482;220;262
33;1541;505;240;265
33;1454;481;220;261
33;1367;476;206;270
33;1280;450;191;259
33;1193;439;204;235
33;1106;451;192;259
33;1019;441;196;245
33;932;449;208;241
33;845;420;184;236
33;758;381;153;228
33;671;369;165;204
33;584;391;169;222
33;497;369;169;200
33;410;435;196;239
33;323;488;208;280
33;236;477;193;284
33;149;484;223;261
33;62;436;190;246
33;1542;481;220;261
33;1455;465;198;267
33;1368;442;184;258
33;1281;431;199;232
33;1194;447;190;257
33;1107;444;199;245
33;1020;447;206;241
33;933;428;186;242
33;846;368;149;219
33;759;363;163;200
33;672;386;163;223
33;585;362;164;198
33;498;426;188;238
33;411;478;200;278
33;324;470;184;286
33;237;480;218;262
33;150;429;186;243
33;63;491;223;268
33;1543;459;196;263
33;1456;436;182;254
33;1369;423;194;229
33;1282;437;184;253
33;1195;441;197;244
33;1108;440;202;238
33;1021;419;182;237
33;934;379;151;228
33;847;355;158;197
33;760;386;162;224
33;673;351;158;193
33;586;412;176;236
33;499;474;199;275
33;412;465;181;284
33;325;475;212;263
33;238;429;182;247
33;151;484;215;269
33;64;472;189;283
33;1544;433;180;253
33;1457;420;191;229
33;1370;425;176;249
33;1283;436;196;240
33;1196;440;202;238
33;1109;409;173;236
33;1022;378;150;228
33;935;356;151;205
33;848;376;154;222
33;761;348;153;195
33;674;409;174;235
33;587;467;189;278
33;500;462;178;284
33;413;466;205;261
33;326;425;177;248
33;239;477;210;267
33;152;472;188;284
33;65;487;206;281
33;1545;423;191;232
33;1458;415;170;245
33;1371;424;190;234
33;1284;432;201;231
33;1197;403;167;236
33;1110;371;146;225
33;1023;351;152;199
33;936;366;142;224
33;849;341;149;192
33;762;408;175;233
33;675;461;184;277
33;588;454;175;279
33;501;452;193;259
33;414;415;169;246
33;327;472;205;267
33;240;468;185;283
33;153;477;197;280
33;66;530;199;331
33;1546;406;165;241
33;1459;416;185;231
33;1372;411;184;227
33;1285;403;165;238
33;1198;362;143;219
33;1111;347;148;199
33;1024;356;137;219
33;937;354;149;205
33;850;385;157;228
33;763;449;177;272
33;676;438;165;273
33;589;444;189;255
33;502;404;163;241
33;415;467;197;270
33;328;464;179;285
33;241;479;198;281
33;154;517;188;329
33;67;413;165;248
33;1547;413;182;231
33;1460;397;173;224
33;1373;395;162;233
33;1286;356;139;217
33;1199;339;143;196
33;1112;344;129;215
33;1025;351;147;204
33;938;375;148;227
33;851;436;168;268
33;764;428;157;271
33;677;438;182;256
33;590;396;157;239
33;503;455;187;268
33;416;459;177;282
33;329;468;191;277
33;242;516;183;333
33;155;402;160;242
33;68;458;191;267
33;1548;391;169;222
33;1461;392;159;233
33;1374;352;136;216
33;1287;336;143;193
33;1200;338;125;213
33;1113;338;136;202
33;1026;373;146;227
33;939;423;167;256
33;852;418;152;266
33;765;424;172;252
33;678;383;147;236
33;591;441;178;263
33;504;457;173;284
33;417;456;183;273
33;330;507;174;333
33;243;401;159;242
33;156;452;184;268
33;69;397;174;223
33;1549;389;157;232
33;1462;343;131;212
33;1375;333;140;193
33;1288;331;122;209
33;1201;331;133;198
33;1114;369;147;222
33;1027;412;161;251
33;940;419;154;265
33;853;417;168;249
33;766;376;142;234
33;679;435;175;260
33;592;450;169;281
33;505;454;180;274
33;418;489;164;325
33;331;400;158;242
33;244;448;180;268
33;157;388;164;224
33;70;398;164;234
33;1550;332;124;208
33;1463;319;131;188
33;1376;325;119;206
33;1289;323;128;195
33;1202;366;145;221
33;1115;406;154;252
33;1028;414;151;263
33;941;414;169;245
33;854;371;139;232
33;767;419;164;255
33;680;435;161;274
33;593;441;170;271
33;506;478;160;318
33;419;394;154;240
33;332;436;172;264
33;245;387;163;224
33;158;391;158;233
33;71;439;171;268
33;1551;311;126;185
33;1464;322;119;203
33;1377;311;118;193
33;1290;360;142;218
33;1203;397;151;246
33;1116;407;146;261
33;1029;406;166;240
33;942;370;141;229
33;855;400;152;248
33;768;424;156;268
33;681;430;163;267
33;594;461;150;311
33;507;382;150;232
33;420;432;171;261
33;333;392;163;229
33;246;385;154;231
33;159;437;169;268
33;72;358;132;226
33;1552;313;116;197
33;1465;305;113;192
33;1378;349;136;213
33;1291;386;145;241
33;1204;396;138;258
33;1117;395;157;238
33;1030;364;137;227
33;943;397;150;247
33;856;407;147;260
33;769;417;155;262
33;682;443;139;304
33;595;379;151;228
33;508;418;162;256
33;421;379;154;225
33;334;377;147;230
33;247;426;162;264
33;160;356;129;227
33;73;385;135;250
33;1553;295;106;189
33;1466;331;125;206
33;1379;375;141;234
33;1292;392;136;256
33;1205;381;150;231
33;1118;360;134;226
33;1031;385;144;241
33;944;387;131;256
33;857;414;148;266
33;770;435;137;298
33;683;371;149;222
33;596;405;155;250
33;509;365;142;223
33;422;365;139;226
33;335;409;152;257
33;248;343;119;224
33;161;378;130;248
33;74;365;138;227
33;1554;323;118;205
33;1467;360;135;225
33;1380;377;128;249
33;1293;370;141;229
33;1206;350;131;219
33;1119;376;140;236
33;1032;374;121;253
33;945;400;141;259
33;858;419;127;292
33;771;357;140;217
33;684;384;143;241
33;597;357;135;222
33;510;347;129;218
33;423;396;145;251
33;336;337;113;224
33;249;362;119;243
33;162;354;131;223
33;75;346;125;221
33;1555;344;125;219
33;1468;358;117;241
33;1381;358;133;225
33;1294;344;128;216
33;1207;368;135;233
33;1120;363;111;252
33;1033;387;127;260
33;946;388;113;275
33;859;342;132;210
33;772;369;136;233
33;685;335;125;210
33;598;334;120;214
33;511;386;139;247
33;424;320;102;218
33;337;361;117;244
33;250;341;124;217
33;163;339;120;219
33;76;318;116;202
33;1556;348;111;237
33;1469;352;128;224
33;1382;336;123;213
33;1295;357;133;224
33;1208;349;102;247
33;1121;372;117;255
33;1034;374;105;269
33;947;325;124;201
33;860;361;132;229
33;773;328;120;208
33;686;320;113;207
33;599;380;136;244
33;512;308;96;212
33;425;351;114;237
33;338;330;121;209
33;251;324;114;210
33;164;313;117;196
33;77;274;97;177
33;1557;332;117;215
33;1470;326;117;209
33;1383;346;127;219
33;1296;341;99;242
33;1209;363;113;250
33;1122;361;98;263
33;1035;308;116;192
33;948;336;121;215
33;861;319;112;207
33;774;300;103;197
33;687;365;127;238
33;600;289;84;205
33;513;325;102;223
33;426;315;111;204
33;339;313;109;204
33;252;302;111;191
33;165;262;92;170
33;78;297;103;194
33;1558;310;113;197
33;1471;328;120;208
33;1384;324;94;230
33;1297;349;104;245
33;1210;351;93;258
33;1123;297;112;185
33;1036;311;111;200
33;949;288;98;190
33;862;294;101;193
33;775;351;123;228
33;688;279;79;200
33;601;312;95;217
33;514;293;95;198
33;427;296;101;195
33;340;290;104;186
33;253;254;87;167
33;166;290;102;188
33;79;227;68;159
33;1559;311;111;200
33;1472;311;89;222
33;1385;329;99;230
33;1298;339;91;248
33;1211;284;105;179
33;1124;297;103;194
33;1037;276;90;186
33;950;275;91;184
33;863;333;118;215
33;776;275;77;198
33;689;293;89;204
33;602;280;88;192
33;515;285;94;191
33;428;279;97;182
33;341;247;85;162
33;254;274;94;180
33;167;217;65;152
33;80;235;65;170
33;1560;289;77;212
33;1473;300;88;212
33;1386;322;84;238
33;1299;264;95;169
33;1212;274;95;179
33;1125;264;86;178
33;1038;252;79;173
33;951;297;104;193
33;864;248;68;180
33;777;275;82;193
33;690;269;88;181
33;603;270;85;185
33;516;266;88;178
33;429;228;77;151
33;342;254;78;176
33;255;204;57;147
33;168;229;65;164
33;81;189;61;128
33;1561;286;85;201
33;1474;301;76;225
33;1387;244;91;153
33;1300;253;85;168
33;1213;249;81;168
33;1126;242;72;170
33;1039;270;91;179
33;952;219;63;156
33;865;249;71;178
33;778;251;79;172
33;691;254;78;176
33;604;254;81;173
33;517;208;69;139
33;430;235;69;166
33;343;195;53;142
33;256;207;58;149
33;169;182;60;122
33;82;142;43;99
33;1562;281;70;211
33;1475;227;83;144
33;1388;236;77;159
33;1301;224;65;159
33;1214;222;62;160
33;1127;261;88;173
33;1040;204;55;149
33;953;239;71;168
33;866;235;75;160
33;779;237;71;166
33;692;243;75;168
33;605;198;64;134
33;518;216;64;152
33;431;168;43;125
33;344;184;50;134
33;257;164;53;111
33;170;120;35;85
33;83;95;31;64
33;1563;216;77;139
33;1476;213;67;146
33;1389;209;62;147
33;1302;207;61;146
33;1215;235;80;155
33;1128;192;55;137
33;1041;212;58;154
33;954;206;64;142
33;867;217;66;151
33;780;230;69;161
33;693;175;56;119
33;606;189;55;134
33;519;150;39;111
33;432;168;44;124
33;345;151;48;103
33;258;108;29;79
33;171;84;25;59
33;84;75;23;52
33;1564;192;60;132
33;1477;187;57;130
33;1390;187;52;135
33;1303;212;73;139
33;1216;177;50;127
33;1129;190;50;140
33;1042;175;48;127
33;955;193;59;134
33;868;207;64;143
33;781;155;46;109
33;694;159;44;115
33;607;131;35;96
33;520;158;44;114
33;433;136;43;93
33;346;102;27;75
33;259;76;23;53
33;172;61;19;42
33;85;83;33;50
33;1565;937;260;677
33;1478;955;268;687
33;1391;926;267;659
33;1304;874;236;638
33;1217;839;224;615
33;1130;797;225;572
33;1043;747;216;531
33;956;702;194;508
33;869;612;167;445
33;782;587;155;432
33;695;549;165;384
33;608;542;169;373
33;521;485;145;340
33;434;465;136;329
33;347;463;136;327
33;260;476;149;327
33;173;519;167;352
33;86;546;176;370
33;1566;37945;17766;20179
33;1479;38558;18035;20523
33;1392;39121;18290;20831
33;1305;39758;18584;21174
33;1218;40133;18763;21370
33;1131;40595;18985;21610
33;1044;40880;19126;21754
33;957;41461;19423;22038
33;870;42607;19971;22636
33;783;43573;20451;23122
33;696;43786;20564;23222
33;609;44187;20733;23454
33;522;44423;20857;23566
33;435;45119;21236;23883
33;348;45454;21447;24007
33;261;45419;21503;23916
33;174;45438;21534;23904
33;87;45723;21749;23974
34;1480;136;68;68
34;1393;139;64;75
34;1306;178;80;98
34;1219;156;82;74
34;1132;170;87;83
34;1045;156;74;82
34;958;138;70;68
34;871;126;70;56
34;784;164;77;87
34;697;182;90;92
34;610;161;71;90
34;523;193;74;119
34;436;193;98;95
34;349;187;91;96
34;262;201;102;99
34;175;195;100;95
34;88;236;109;127
34;1;262;136;126
34;1481;136;61;75
34;1394;181;85;96
34;1307;151;83;68
34;1220;169;89;80
34;1133;155;75;80
34;1046;137;69;68
34;959;125;67;58
34;872;147;63;84
34;785;178;88;90
34;698;161;72;89
34;611;191;73;118
34;524;190;97;93
34;437;185;89;96
34;350;200;103;97
34;263;193;101;92
34;176;233;107;126
34;89;263;137;126
34;2;237;121;116
34;1482;177;81;96
34;1395;148;82;66
34;1308;169;89;80
34;1221;152;72;80
34;1134;134;65;69
34;1047;117;66;51
34;960;143;60;83
34;873;160;82;78
34;786;155;69;86
34;699;189;72;117
34;612;190;97;93
34;525;181;87;94
34;438;194;101;93
34;351;191;99;92
34;264;228;107;121
34;177;257;134;123
34;90;242;124;118
34;3;255;125;130
34;1483;144;80;64
34;1396;160;84;76
34;1309;142;63;79
34;1222;135;66;69
34;1135;112;63;49
34;1048;144;61;83
34;961;152;79;73
34;874;133;63;70
34;787;184;71;113
34;700;185;92;93
34;613;177;86;91
34;526;188;97;91
34;439;190;99;91
34;352;227;107;120
34;265;256;133;123
34;178;240;122;118
34;91;262;130;132
34;4;241;132;109
34;1484;159;80;79
34;1397;137;63;74
34;1310;130;63;67
34;1223;104;61;43
34;1136;139;59;80
34;1049;147;75;72
34;962;128;61;67
34;875;186;70;116
34;788;185;92;93
34;701;173;85;88
34;614;186;93;93
34;527;187;96;91
34;440;224;107;117
34;353;255;133;122
34;266;237;119;118
34;179;258;129;129
34;92;241;131;110
34;5;305;148;157
34;1485;135;63;72
34;1398;129;63;66
34;1311;103;60;43
34;1224;138;61;77
34;1137;144;70;74
34;1050;123;60;63
34;963;188;69;119
34;876;167;77;90
34;789;176;85;91
34;702;184;91;93
34;615;187;97;90
34;528;222;106;116
34;441;255;133;122
34;354;238;119;119
34;267;258;129;129
34;180;241;130;111
34;93;308;150;158
34;6;286;155;131
34;1486;128;62;66
34;1399;109;62;47
34;1312;140;61;79
34;1225;142;72;70
34;1138;128;63;65
34;1051;183;67;116
34;964;164;75;89
34;877;172;83;89
34;790;178;87;91
34;703;186;96;90
34;616;220;105;115
34;529;250;132;118
34;442;237;119;118
34;355;256;128;128
34;268;240;131;109
34;181;306;148;158
34;94;286;155;131
34;7;310;150;160
34;1487;107;59;48
34;1400;134;58;76
34;1313;138;73;65
34;1226;131;62;69
34;1139;179;65;114
34;1052;163;75;88
34;965;175;84;91
34;878;169;87;82
34;791;177;93;84
34;704;213;102;111
34;617;245;128;117
34;530;236;118;118
34;443;255;126;129
34;356;239;130;109
34;269;304;149;155
34;182;281;153;128
34;95;311;150;161
34;8;373;187;186
34;1488;128;55;73
34;1401;134;70;64
34;1314;126;58;68
34;1227;179;67;112
34;1140;161;73;88
34;1053;174;84;90
34;966;168;86;82
34;879;175;94;81
34;792;213;103;110
34;705;242;127;115
34;618;230;114;116
34;531;250;122;128
34;444;236;128;108
34;357;301;149;152
34;270;277;148;129
34;183;307;150;157
34;96;373;186;187
34;9;401;196;205
34;1489;130;69;61
34;1402;122;56;66
34;1315;174;66;108
34;1228;161;73;88
34;1141;172;81;91
34;1054;165;83;82
34;967;173;94;79
34;880;222;105;117
34;793;235;123;112
34;706;229;113;116
34;619;241;116;125
34;532;236;127;109
34;445;301;149;152
34;358;275;147;128
34;271;306;151;155
34;184;369;184;185
34;97;402;196;206
34;10;394;204;190
34;1490;122;56;66
34;1403;170;64;106
34;1316;162;75;87
34;1229;169;79;90
34;1142;164;85;79
34;1055;169;92;77
34;968;223;105;118
34;881;245;134;111
34;794;227;112;115
34;707;240;115;125
34;620;233;126;107
34;533;301;147;154
34;446;274;148;126
34;359;307;152;155
34;272;368;183;185
34;185;400;197;203
34;98;396;205;191
34;11;383;190;193
34;1491;164;61;103
34;1404;158;73;85
34;1317;170;79;91
34;1230;162;85;77
34;1143;167;90;77
34;1056;223;104;119
34;969;241;130;111
34;882;231;114;117
34;795;233;112;121
34;708;229;124;105
34;621;293;142;151
34;534;271;146;125
34;447;306;151;155
34;360;365;183;182
34;273;398;195;203
34;186;394;203;191
34;99;383;191;192
34;12;424;220;204
34;1492;157;73;84
34;1405;169;78;91
34;1318;164;85;79
34;1231;166;88;78
34;1144;222;104;118
34;1057;238;127;111
34;970;235;116;119
34;883;231;116;115
34;796;230;124;106
34;709;287;138;149
34;622;272;146;126
34;535;306;152;154
34;448;362;180;182
34;361;395;194;201
34;274;387;197;190
34;187;377;190;187
34;100;420;220;200
34;13;394;194;200
34;1493;168;78;90
34;1406;164;84;80
34;1319;160;83;77
34;1232;222;103;119
34;1145;238;126;112
34;1058;232;113;119
34;971;229;116;113
34;884;211;106;105
34;797;285;138;147
34;710;272;145;127
34;623;300;149;151
34;536;359;178;181
34;449;383;186;197
34;362;386;197;189
34;275;376;188;188
34;188;414;216;198
34;101;387;191;196
34;14;421;205;216
34;1494;158;84;74
34;1407;159;83;76
34;1320;221;103;118
34;1233;234;124;110
34;1146;227;111;116
34;1059;228;115;113
34;972;211;107;104
34;885;292;139;153
34;798;271;145;126
34;711;298;146;152
34;624;357;176;181
34;537;382;184;198
34;450;380;196;184
34;363;372;186;186
34;276;411;216;195
34;189;381;188;193
34;102;417;203;214
34;15;394;205;189
34;1495;157;81;76
34;1408;217;101;116
34;1321;235;124;111
34;1234;229;112;117
34;1147;226;114;112
34;1060;210;107;103
34;973;291;138;153
34;886;271;145;126
34;799;292;141;151
34;712;355;177;178
34;625;374;180;194
34;538;376;194;182
34;451;361;179;182
34;364;405;214;191
34;277;373;186;187
34;190;410;202;208
34;103;394;204;190
34;16;403;198;205
34;1496;219;102;117
34;1409;234;125;109
34;1322;227;111;116
34;1235;224;114;110
34;1148;209;107;102
34;1061;291;138;153
34;974;270;146;124
34;887;281;139;142
34;800;352;175;177
34;713;372;177;195
34;626;370;188;182
34;539;353;176;177
34;452;390;206;184
34;365;366;180;186
34;278;401;198;203
34;191;387;200;187
34;104;399;198;201
34;17;401;215;186
34;1497;232;124;108
34;1410;226;112;114
34;1323;219;112;107
34;1236;210;107;103
34;1149;289;138;151
34;1062;270;146;124
34;975;282;140;142
34;888;348;169;179
34;801;370;175;195
34;714;367;189;178
34;627;351;173;178
34;540;382;204;178
34;453;353;173;180
34;366;394;194;200
34;279;380;196;184
34;192;394;195;199
34;105;392;210;182
34;18;366;193;173
34;1498;218;107;111
34;1411;211;108;103
34;1324;207;106;101
34;1237;286;135;151
34;1150;268;147;121
34;1063;280;138;142
34;976;345;169;176
34;889;365;173;192
34;802;360;183;177
34;715;348;171;177
34;628;376;200;176
34;541;345;169;176
34;454;384;187;197
34;367;371;191;180
34;280;382;189;193
34;193;384;204;180
34;106;359;188;171
34;19;283;134;149
34;1499;201;100;101
34;1412;199;102;97
34;1325;281;134;147
34;1238;263;145;118
34;1151;271;137;134
34;1064;339;168;171
34;977;353;167;186
34;890;289;158;131
34;803;341;168;173
34;716;371;197;174
34;629;335;164;171
34;542;376;183;193
34;455;358;182;176
34;368;369;183;186
34;281;377;204;173
34;194;357;184;173
34;107;276;131;145
34;20;203;123;80
34;1500;193;99;94
34;1413;275;130;145
34;1326;257;143;114
34;1239;260;135;125
34;1152;330;163;167
34;1065;345;164;181
34;978;279;152;127
34;891;290;148;142
34;804;364;193;171
34;717;329;163;166
34;630;370;181;189
34;543;343;173;170
34;456;351;175;176
34;369;362;197;165
34;282;350;181;169
34;195;275;131;144
34;108;202;123;79
34;21;204;127;77
34;1501;265;128;137
34;1414;256;142;114
34;1327;258;133;125
34;1240;330;166;164
34;1153;327;153;174
34;1066;272;150;122
34;979;280;142;138
34;892;293;154;139
34;805;313;154;159
34;718;360;177;183
34;631;336;171;165
34;544;339;167;172
34;457;341;187;154
34;370;344;179;165
34;283;270;126;144
34;196;205;126;79
34;109;201;125;76
34;22;215;116;99
34;1502;245;140;105
34;1415;253;129;124
34;1328;315;157;158
34;1241;318;152;166
34;1154;264;146;118
34;1067;270;140;130
34;980;273;145;128
34;893;236;129;107
34;806;343;167;176
34;719;327;168;159
34;632;327;162;165
34;545;329;179;150
34;458;326;170;156
34;371;257;120;137
34;284;204;127;77
34;197;208;128;80
34;110;229;117;112
34;23;273;163;110
34;1503;229;118;111
34;1416;299;155;144
34;1329;305;147;158
34;1242;258;142;116
34;1155;266;139;127
34;1068;258;139;119
34;981;217;125;92
34;894;253;133;120
34;807;316;161;155
34;720;324;157;167
34;633;322;174;148
34;546;318;164;154
34;459;239;113;126
34;372;203;123;80
34;285;211;131;80
34;198;226;115;111
34;111;280;165;115
34;24;206;123;83
34;1504;282;148;134
34;1417;285;139;146
34;1330;243;133;110
34;1243;248;134;114
34;1156;247;136;111
34;1069;200;121;79
34;982;247;134;113
34;895;219;120;99
34;808;315;155;160
34;721;313;170;143
34;634;308;156;152
34;547;229;105;124
34;460;182;110;72
34;373;200;122;78
34;286;219;113;106
34;199;278;163;115
34;112;198;121;77
34;25;240;121;119
34;1505;261;131;130
34;1418;224;121;103
34;1331;231;126;105
34;1244;239;129;110
34;1157;193;116;77
34;1070;231;130;101
34;983;196;109;87
34;896;225;123;102
34;809;298;162;136
34;722;299;153;146
34;635;213;98;115
34;548;174;105;69
34;461;187;112;75
34;374;213;111;102
34;287;276;165;111
34;200;203;127;76
34;113;236;118;118
34;26;255;112;143
34;1506;190;110;80
34;1419;210;121;89
34;1332;218;121;97
34;1245;183;110;73
34;1158;217;123;94
34;1071;185;105;80
34;984;193;112;81
34;897;206;118;88
34;810;277;144;133
34;723;204;98;106
34;636;164;100;64
34;549;174;107;67
34;462;200;102;98
34;375;256;153;103
34;288;194;123;71
34;201;227;112;115
34;114;257;113;144
34;27;231;124;107
34;1507;183;113;70
34;1420;187;112;75
34;1333;169;107;62
34;1246;199;109;90
34;1159;176;101;75
34;1072;193;112;81
34;985;187;109;78
34;898;189;102;87
34;811;189;89;100
34;724;151;94;57
34;637;170;106;64
34;550;188;98;90
34;463;249;146;103
34;376;175;113;62
34;289;212;103;109
34;202;249;111;138
34;115;224;119;105
34;28;253;120;133
34;1508;164;100;64
34;1421;138;90;48
34;1334;196;104;92
34;1247;172;99;73
34;1160;179;106;73
34;1073;171;102;69
34;986;161;89;72
34;899;165;79;86
34;812;131;89;42
34;725;157;99;58
34;638;177;92;85
34;551;238;141;97
34;464;163;103;60
34;377;206;102;104
34;290;242;109;133
34;203;223;119;104
34;116;249;119;130
34;29;265;135;130
34;1509;115;80;35
34;1422;168;92;76
34;1335;159;93;66
34;1248;164;97;67
34;1161;159;94;65
34;1074;154;87;67
34;987;147;70;77
34;900;151;77;74
34;813;143;91;52
34;726;169;89;80
34;639;230;136;94
34;552;157;99;58
34;465;196;99;97
34;378;233;105;128
34;291;216;113;103
34;204;242;114;128
34;117;259;133;126
34;30;316;154;162
34;1510;147;83;64
34;1423;135;87;48
34;1336;154;90;64
34;1249;152;91;61
34;1162;145;88;57
34;1075;140;68;72
34;988;144;73;71
34;901;170;92;78
34;814;152;79;73
34;727;218;128;90
34;640;155;97;58
34;553;190;95;95
34;466;220;100;120
34;379;215;111;104
34;292;234;111;123
34;205;257;133;124
34;118;305;150;155
34;31;336;171;165
34;1511;120;83;37
34;1424;128;75;53
34;1337;140;83;57
34;1250;132;82;50
34;1163;133;66;67
34;1076;134;65;69
34;989;166;92;74
34;902;179;79;100
34;815;204;122;82
34;728;151;95;56
34;641;190;96;94
34;554;217;97;120
34;467;208;104;104
34;380;228;107;121
34;293;245;126;119
34;206;300;146;154
34;119;334;170;164
34;32;343;157;186
34;1512;116;71;45
34;1425;122;74;48
34;1338;121;78;43
34;1251;126;64;62
34;1164;129;63;66
34;1077;154;87;67
34;990;170;73;97
34;903;215;121;94
34;816;147;93;54
34;729;186;96;90
34;642;215;96;119
34;555;206;104;102
34;468;219;101;118
34;381;239;121;118
34;294;291;141;150
34;207;328;168;160
34;120;339;153;186
34;33;321;158;163
34;1513;110;68;42
34;1426;108;75;33
34;1339;121;65;56
34;1252;117;55;62
34;1165;143;83;60
34;1078;167;68;99
34;991;216;123;93
34;904;176;104;72
34;817;181;95;86
34;730;207;95;112
34;643;200;100;100
34;556;217;98;119
34;469;237;121;116
34;382;288;140;148
34;295;321;165;156
34;208;332;150;182
34;121;321;158;163
34;34;374;179;195
34;1514;101;67;34
34;1427;114;62;52
34;1340;111;51;60
34;1253;133;73;60
34;1166;162;66;96
34;1079;220;126;94
34;992;169;97;72
34;905;200;91;109
34;818;199;90;109
34;731;201;98;103
34;644;209;95;114
34;557;236;123;113
34;470;277;136;141
34;383;314;161;153
34;296;325;147;178
34;209;318;157;161
34;122;371;176;195
34;35;359;170;189
34;1515;104;55;49
34;1428;109;50;59
34;1341;121;66;55
34;1254;163;65;98
34;1167;223;129;94
34;1080;165;96;69
34;993;189;83;106
34;906;215;93;122
34;819;199;99;100
34;732;205;91;114
34;645;236;121;115
34;558;276;135;141
34;471;306;157;149
34;384;316;142;174
34;297;309;152;157
34;210;362;170;192
34;123;353;168;185
34;36;345;179;166
34;1516;103;46;57
34;1429;116;64;52
34;1342;157;63;94
34;1255;215;126;89
34;1168;165;96;69
34;1081;186;82;104
34;994;203;89;114
34;907;223;119;104
34;820;198;84;114
34;733;231;117;114
34;646;270;132;138
34;559;298;150;148
34;472;306;136;170
34;385;301;149;152
34;298;360;169;191
34;211;345;164;181
34;124;339;175;164
34;37;382;205;177
34;1517;110;60;50
34;1430;157;63;94
34;1343;203;120;83
34;1256;158;91;67
34;1169;178;75;103
34;1082;197;88;109
34;995;217;114;103
34;908;211;102;109
34;821;225;112;113
34;734;263;129;134
34;647;295;149;146
34;560;308;133;175
34;473;289;144;145
34;386;347;159;188
34;299;345;169;176
34;212;331;168;163
34;125;379;204;175
34;38;365;167;198
34;1518;151;61;90
34;1431;202;119;83
34;1344;160;93;67
34;1257;178;75;103
34;1170;196;89;107
34;1083;216;116;100
34;996;205;98;107
34;909;245;120;125
34;822;256;124;132
34;735;287;144;143
34;648;306;130;176
34;561;284;139;145
34;474;342;156;186
34;387;340;167;173
34;300;327;165;162
34;213;376;203;173
34;126;359;165;194
34;39;359;195;164
34;1519;195;114;81
34;1432;153;87;66
34;1345;170;72;98
34;1258;191;87;104
34;1171;214;117;97
34;1084;202;100;102
34;997;244;118;126
34;910;278;130;148
34;823;281;141;140
34;736;302;127;175
34;649;281;138;143
34;562;337;152;185
34;475;334;165;169
34;388;323;163;160
34;301;368;198;170
34;214;359;167;192
34;127;350;189;161
34;40;415;204;211
34;1520;148;85;63
34;1433;168;70;98
34;1346;184;84;100
34;1259;215;119;96
34;1172;200;97;103
34;1085;245;117;128
34;998;274;128;146
34;911;300;144;156
34;824;295;124;171
34;737;279;139;140
34;650;336;150;186
34;563;328;161;167
34;476;318;158;160
34;389;358;190;168
34;302;353;168;185
34;215;348;186;162
34;128;413;205;208
34;41;366;172;194
34;1521;163;64;99
34;1434;182;84;98
34;1347;214;118;96
34;1260;200;97;103
34;1173;244;119;125
34;1086;271;128;143
34;999;296;141;155
34;912;309;134;175
34;825;271;135;136
34;738;327;145;182
34;651;321;159;162
34;564;314;155;159
34;477;353;188;165
34;390;348;164;184
34;303;340;182;158
34;216;415;208;207
34;129;364;172;192
34;42;369;191;178
34;1522;174;80;94
34;1435;208;113;95
34;1348;199;99;100
34;1261;243;118;125
34;1174;268;127;141
34;1087;292;139;153
34;1000;306;130;176
34;913;291;143;148
34;826;322;143;179
34;739;316;157;159
34;652;308;152;156
34;565;347;185;162
34;478;340;159;181
34;391;339;181;158
34;304;403;202;201
34;217;364;172;192
34;130;366;190;176
34;43;336;153;183
34;1523;203;108;95
34;1436;197;101;96
34;1349;240;114;126
34;1262;263;122;141
34;1175;287;136;151
34;1088;303;128;175
34;1001;287;140;147
34;914;329;156;173
34;827;304;148;156
34;740;306;152;154
34;653;338;176;162
34;566;335;156;179
34;479;334;181;153
34;392;395;198;197
34;305;364;173;191
34;218;363;189;174
34;131;328;147;181
34;44;337;171;166
34;1524;191;97;94
34;1437;237;112;125
34;1350;259;120;139
34;1263;286;135;151
34;1176;301;126;175
34;1089;288;141;147
34;1002;328;156;172
34;915;321;146;175
34;828;301;147;154
34;741;332;172;160
34;654;329;151;178
34;567;330;179;151
34;480;394;195;199
34;393;358;170;188
34;306;356;183;173
34;219;332;150;182
34;132;333;167;166
34;45;300;150;150
34;1525;238;114;124
34;1438;256;116;140
34;1351;284;135;149
34;1264;298;123;175
34;1177;290;144;146
34;1090;323;151;172
34;1003;319;147;172
34;916;329;170;159
34;829;321;163;158
34;742;325;150;175
34;655;322;174;148
34;568;380;186;194
34;481;347;163;184
34;394;354;182;172
34;307;327;148;179
34;220;331;163;168
34;133;296;148;148
34;46;294;134;160
34;1526;254;115;139
34;1439;284;135;149
34;1352;291;120;171
34;1265;291;144;147
34;1178;324;152;172
34;1091;315;144;171
34;1004;321;162;159
34;917;347;177;170
34;830;320;149;171
34;743;321;173;148
34;656;374;185;189
34;569;347;163;184
34;482;354;183;171
34;395;327;148;179
34;308;324;158;166
34;221;294;147;147
34;134;295;134;161
34;47;310;155;155
34;1527;272;130;142
34;1440;292;119;173
34;1353;292;145;147
34;1266;325;153;172
34;1179;313;143;170
34;1092;313;158;155
34;1005;343;173;170
34;918;322;145;177
34;831;317;168;149
34;744;372;183;189
34;657;345;162;183
34;570;346;177;169
34;483;324;147;177
34;396;312;149;163
34;309;288;144;144
34;222;292;132;160
34;135;311;157;154
34;48;268;135;133
34;1528;285;115;170
34;1441;283;139;144
34;1354;324;155;169
34;1267;308;139;169
34;1180;310;155;155
34;1093;344;174;170
34;1006;316;139;177
34;919;325;169;156
34;832;367;182;185
34;745;343;162;181
34;658;344;178;166
34;571;323;148;175
34;484;309;147;162
34;397;285;143;142
34;310;291;134;157
34;223;303;151;152
34;136;261;130;131
34;49;266;155;111
34;1529;280;136;144
34;1442;318;151;167
34;1355;301;134;167
34;1268;304;153;151
34;1181;342;174;168
34;1094;313;137;176
34;1007;322;167;155
34;920;376;187;189
34;833;334;155;179
34;746;337;173;164
34;659;316;142;174
34;572;304;144;160
34;485;284;142;142
34;398;287;130;157
34;311;300;149;151
34;224;259;128;131
34;137;257;151;106
34;50;280;140;140
34;1530;312;150;162
34;1443;308;140;168
34;1356;300;150;150
34;1269;341;172;169
34;1182;307;138;169
34;1095;314;161;153
34;1008;372;185;187
34;921;322;145;177
34;834;326;164;162
34;747;309;136;173
34;660;298;140;158
34;573;281;140;141
34;486;280;126;154
34;399;295;143;152
34;312;256;127;129
34;225;258;151;107
34;138;277;137;140
34;51;287;143;144
34;1531;304;138;166
34;1444;300;153;147
34;1357;337;171;166
34;1270;304;133;171
34;1183;309;160;149
34;1096;367;179;188
34;1009;317;142;175
34;922;323;169;154
34;835;306;135;171
34;748;290;134;156
34;661;271;133;138
34;574;279;125;154
34;487;284;136;148
34;400;248;125;123
34;313;254;147;107
34;226;276;137;139
34;139;285;143;142
34;52;277;133;144
34;1532;299;153;146
34;1445;328;165;163
34;1358;301;130;171
34;1271;305;155;150
34;1184;362;178;184
34;1097;310;138;172
34;1010;319;167;152
34;923;282;126;156
34;836;287;131;156
34;749;268;128;140
34;662;270;118;152
34;575;279;131;148
34;488;248;125;123
34;401;247;141;106
34;314;273;137;136
34;227;279;138;141
34;140;275;133;142
34;53;276;135;141
34;1533;328;165;163
34;1446;294;127;167
34;1359;301;154;147
34;1272;361;178;183
34;1185;311;139;172
34;1098;312;163;149
34;1011;281;126;155
34;924;295;143;152
34;837;264;126;138
34;750;265;117;148
34;663;270;127;143
34;576;241;120;121
34;489;237;135;102
34;402;272;137;135
34;315;279;137;142
34;228;273;134;139
34;141;273;132;141
34;54;225;119;106
34;1534;290;124;166
34;1447;292;150;142
34;1360;352;172;180
34;1273;308;138;170
34;1186;311;162;149
34;1099;273;120;153
34;1012;291;140;151
34;925;270;129;141
34;838;256;112;144
34;751;263;125;138
34;664;234;114;120
34;577;233;131;102
34;490;264;131;133
34;403;275;136;139
34;316;259;122;137
34;229;271;130;141
34;142;221;117;104
34;55;240;117;123
34;1535;284;145;139
34;1448;344;163;181
34;1361;306;136;170
34;1274;311;162;149
34;1187;274;120;154
34;1100;292;142;150
34;1013;267;127;140
34;926;257;117;140
34;839;258;120;138
34;752;227;109;118
34;665;225;126;99
34;578;257;128;129
34;491;272;133;139
34;404;258;122;136
34;317;265;127;138
34;230;215;113;102
34;143;237;113;124
34;56;269;133;136
34;1536;337;160;177
34;1449;301;134;167
34;1362;305;158;147
34;1275;268;115;153
34;1188;287;138;149
34;1101;264;124;140
34;1014;255;116;139
34;927;257;119;138
34;840;224;108;116
34;753;221;123;98
34;666;256;127;129
34;579;266;126;140
34;492;254;121;133
34;405;262;125;137
34;318;210;109;101
34;231;234;113;121
34;144;260;129;131
34;57;241;110;131
34;1537;300;134;166
34;1450;304;156;148
34;1363;263;113;150
34;1276;283;136;147
34;1189;258;123;135
34;1102;254;115;139
34;1015;255;117;138
34;928;216;101;115
34;841;216;120;96
34;754;251;122;129
34;667;256;120;136
34;580;250;119;131
34;493;259;123;136
34;406;205;107;98
34;319;231;110;121
34;232;258;128;130
34;145;237;108;129
34;58;305;130;175
34;1538;298;153;145
34;1451;263;116;147
34;1364;282;136;146
34;1277;256;121;135
34;1190;251;113;138
34;1103;253;116;137
34;1016;207;95;112
34;929;234;127;107
34;842;245;117;128
34;755;250;115;135
34;668;243;116;127
34;581;253;118;135
34;494;203;106;97
34;407;229;108;121
34;320;256;126;130
34;233;236;104;132
34;146;298;124;174
34;59;323;153;170
34;1539;261;115;146
34;1452;274;135;139
34;1365;251;116;135
34;1278;250;113;137
34;1191;246;112;134
34;1104;203;92;111
34;1017;230;124;106
34;930;250;119;131
34;843;244;111;133
34;756;234;110;124
34;669;244;111;133
34;582;200;104;96
34;495;225;104;121
34;408;249;120;129
34;321;235;102;133
34;234;292;118;174
34;147;314;146;168
34;60;315;121;194
34;1540;270;133;137
34;1453;248;114;134
34;1366;247;112;135
34;1279;239;107;132
34;1192;197;87;110
34;1105;226;121;105
34;1018;245;115;130
34;931;237;104;133
34;844;232;110;122
34;757;235;104;131
34;670;200;101;99
34;583;222;102;120
34;496;244;119;125
34;409;230;101;129
34;322;288;113;175
34;235;308;142;166
34;148;316;121;195
34;61;260;118;142
34;1541;241;108;133
34;1454;241;108;133
34;1367;241;106;135
34;1280;194;87;107
34;1193;224;118;106
34;1106;241;112;129
34;1019;237;104;133
34;932;233;106;127
34;845;229;99;130
34;758;201;100;101
34;671;220;102;118
34;584;244;119;125
34;497;227;98;129
34;410;283;111;172
34;323;301;139;162
34;236;310;120;190
34;149;257;118;139
34;62;290;120;170
34;1542;241;109;132
34;1455;233;99;134
34;1368;190;87;103
34;1281;218;113;105
34;1194;238;108;130
34;1107;234;102;132
34;1020;231;104;127
34;933;221;98;123
34;846;199;98;101
34;759;216;97;119
34;672;237;113;124
34;585;220;95;125
34;498;277;108;169
34;411;297;137;160
34;324;304;114;190
34;237;255;118;137
34;150;287;117;170
34;63;299;139;160
34;1543;227;97;130
34;1456;188;87;101
34;1369;213;108;105
34;1282;234;105;129
34;1195;229;98;131
34;1108;223;96;127
34;1021;221;96;125
34;934;193;94;99
34;847;215;97;118
34;760;224;103;121
34;673;208;89;119
34;586;269;105;164
34;499;292;133;159
34;412;304;112;192
34;325;253;116;137
34;238;287;119;168
34;151;299;141;158
34;64;300;133;167
34;1544;186;84;102
34;1457;202;99;103
34;1370;231;103;128
34;1283;225;94;131
34;1196;216;89;127
34;1109;217;94;123
34;1022;190;94;96
34;935;207;87;120
34;848;214;96;118
34;761;205;88;117
34;674;259;100;159
34;587;281;124;157
34;500;302;108;194
34;413;255;114;141
34;326;287;120;167
34;239;297;142;155
34;152;296;130;166
34;65;342;152;190
34;1545;199;97;102
34;1458;229;100;129
34;1371;219;90;129
34;1284;208;81;127
34;1197;215;92;123
34;1110;185;88;97
34;1023;203;85;118
34;936;214;93;121
34;849;200;85;115
34;762;251;94;157
34;675;274;120;154
34;588;295;104;191
34;501;247;109;138
34;414;286;119;167
34;327;291;137;154
34;240;293;129;164
34;153;343;150;193
34;66;306;139;167
34;1546;223;96;127
34;1459;213;85;128
34;1372;202;77;125
34;1285;207;86;121
34;1198;183;86;97
34;1111;201;83;118
34;1024;205;90;115
34;937;198;81;117
34;850;243;87;156
34;763;268;114;154
34;676;293;103;190
34;589;242;107;135
34;502;282;116;166
34;415;282;130;152
34;328;291;126;165
34;241;335;144;191
34;154;302;136;166
34;67;298;116;182
34;1547;209;81;128
34;1460;193;69;124
34;1373;205;84;121
34;1286;175;80;95
34;1199;197;79;118
34;1112;199;86;113
34;1025;189;77;112
34;938;245;88;157
34;851;260;107;153
34;764;284;96;188
34;677;238;103;135
34;590;276;110;166
34;503;274;124;150
34;416;286;125;161
34;329;331;136;195
34;242;297;133;164
34;155;297;115;182
34;68;265;111;154
34;1548;186;65;121
34;1461;200;81;119
34;1374;171;76;95
34;1287;190;75;115
34;1200;197;84;113
34;1113;183;74;109
34;1026;238;84;154
34;939;254;110;144
34;852;275;89;186
34;765;232;101;131
34;678;267;105;162
34;591;271;122;149
34;504;281;119;162
34;417;319;130;189
34;330;288;127;161
34;243;288;109;179
34;156;265;112;153
34;69;314;120;194
34;1549;198;79;119
34;1462;167;74;93
34;1375;187;72;115
34;1288;189;76;113
34;1201;178;70;108
34;1114;233;81;152
34;1027;248;104;144
34;940;268;84;184
34;853;225;95;130
34;766;258;100;158
34;679;261;116;145
34;592;276;118;158
34;505;312;123;189
34;418;284;122;162
34;331;280;106;174
34;244;263;107;156
34;157;312;117;195
34;70;251;92;159
34;1550;161;69;92
34;1463;182;69;113
34;1376;183;74;109
34;1289;170;64;106
34;1202;228;79;149
34;1115;241;98;143
34;1028;259;81;178
34;941;210;88;122
34;854;249;95;154
34;767;250;110;140
34;680;264;109;155
34;593;298;113;185
34;506;277;117;160
34;419;276;105;171
34;332;249;104;145
34;245;304;112;192
34;158;249;91;158
34;71;272;83;189
34;1551;174;62;112
34;1464;178;71;107
34;1377;164;59;105
34;1290;225;78;147
34;1203;230;90;140
34;1116;252;75;177
34;1029;201;83;118
34;942;237;88;149
34;855;244;105;139
34;768;255;103;152
34;681;294;111;183
34;594;271;115;156
34;507;268;99;169
34;420;234;100;134
34;333;288;102;186
34;246;246;87;159
34;159;273;84;189
34;72;234;86;148
34;1552;175;70;105
34;1465;165;58;107
34;1378;215;72;143
34;1291;223;87;136
34;1204;246;72;174
34;1117;197;80;117
34;1030;230;85;145
34;943;233;96;137
34;856;244;100;144
34;769;287;107;180
34;682;266;109;157
34;595;260;95;165
34;508;228;93;135
34;421;278;97;181
34;334;231;79;152
34;247;263;77;186
34;160;228;83;145
34;73;235;81;154
34;1553;164;57;107
34;1466;210;68;142
34;1379;211;81;130
34;1292;244;73;171
34;1205;187;72;115
34;1118;225;81;144
34;1031;225;90;135
34;944;230;92;138
34;857;277;102;175
34;770;251;101;150
34;683;256;95;161
34;596;219;86;133
34;509;264;87;177
34;422;217;71;146
34;335;252;76;176
34;248;224;79;145
34;161;226;79;147
34;74;232;91;141
34;1554;207;65;142
34;1467;201;75;126
34;1380;226;63;163
34;1293;181;68;113
34;1206;212;74;138
34;1119;221;88;133
34;1032;214;81;133
34;945;256;92;164
34;858;235;90;145
34;771;250;90;160
34;684;208;80;128
34;597;256;81;175
34;510;210;66;144
34;423;243;75;168
34;336;211;76;135
34;249;214;70;144
34;162;223;85;138
34;75;205;53;152
34;1555;191;70;121
34;1468;216;60;156
34;1381;176;67;109
34;1294;205;72;133
34;1207;211;81;130
34;1120;199;73;126
34;1033;250;87;163
34;946;223;86;137
34;859;240;86;154
34;772;195;74;121
34;685;250;77;173
34;598;198;63;135
34;511;233;68;165
34;424;203;74;129
34;337;206;67;139
34;250;215;82;133
34;163;196;48;148
34;76;209;65;144
34;1556;212;58;154
34;1469;165;59;106
34;1382;197;64;133
34;1295;203;76;127
34;1208;192;69;123
34;1121;230;75;155
34;1034;213;80;133
34;947;227;80;147
34;860;190;73;117
34;773;243;73;170
34;686;186;60;126
34;599;226;64;162
34;512;190;66;124
34;425;195;62;133
34;338;194;73;121
34;251;187;43;144
34;164;196;59;137
34;77;223;66;157
34;1557;159;55;104
34;1470;184;57;127
34;1383;190;66;124
34;1296;181;62;119
34;1209;220;71;149
34;1122;207;77;130
34;1035;217;74;143
34;948;184;70;114
34;861;225;64;161
34;774;176;55;121
34;687;219;58;161
34;600;178;60;118
34;513;187;58;129
34;426;185;67;118
34;339;179;43;136
34;252;184;51;133
34;165;215;61;154
34;78;191;57;134
34;1558;178;53;125
34;1471;174;60;114
34;1384;170;56;114
34;1297;213;68;145
34;1210;199;71;128
34;1123;202;65;137
34;1036;172;62;110
34;949;210;56;154
34;862;168;51;117
34;775;209;52;157
34;688;169;56;113
34;601;181;55;126
34;514;177;63;114
34;427;171;39;132
34;340;178;49;129
34;253;201;53;148
34;166;188;57;131
34;79;190;47;143
34;1559;162;54;108
34;1472;161;53;108
34;1385;198;61;137
34;1298;186;68;118
34;1211;195;62;133
34;1124;161;55;106
34;1037;193;50;143
34;950;145;42;103
34;863;201;51;150
34;776;158;52;106
34;689;172;52;120
34;602;162;55;107
34;515;164;37;127
34;428;165;44;121
34;341;193;53;140
34;254;176;50;126
34;167;182;45;137
34;80;188;63;125
34;1560;154;50;104
34;1473;184;56;128
34;1386;174;63;111
34;1299;186;60;126
34;1212;150;47;103
34;1125;185;47;138
34;1038;135;40;95
34;951;188;47;141
34;864;150;49;101
34;777;159;44;115
34;690;159;51;108
34;603;147;36;111
34;516;156;42;114
34;429;183;51;132
34;342;167;42;125
34;255;175;40;135
34;168;179;61;118
34;81;141;42;99
34;1561;169;50;119
34;1474;164;57;107
34;1387;172;52;120
34;1300;141;46;95
34;1213;179;46;133
34;1126;129;40;89
34;1039;171;43;128
34;952;147;47;100
34;865;152;39;113
34;778;147;44;103
34;691;138;31;107
34;604;155;46;109
34;517;168;44;124
34;430;157;40;117
34;343;165;37;128
34;256;162;54;108
34;169;122;34;88
34;82;94;32;62
34;1562;155;51;104
34;1475;163;47;116
34;1388;133;41;92
34;1301;161;41;120
34;1214;125;38;87
34;1127;157;40;117
34;1040;147;47;100
34;953;141;36;105
34;866;136;41;95
34;779;125;30;95
34;692;138;36;102
34;605;157;42;115
34;518;151;36;115
34;431;148;33;115
34;344;146;47;99
34;257;116;32;84
34;170;86;28;58
34;83;74;15;59
34;1563;156;44;112
34;1476;128;40;88
34;1389;150;38;112
34;1302;109;36;73
34;1215;141;34;107
34;1128;137;44;93
34;1041;129;32;97
34;954;119;36;83
34;867;113;28;85
34;780;123;30;93
34;693;145;39;106
34;606;143;30;113
34;519;139;30;109
34;432;127;41;86
34;345;105;30;75
34;258;85;28;57
34;171;69;13;56
34;84;67;22;45
34;1564;117;32;85
34;1477;144;37;107
34;1390;98;30;68
34;1303;132;33;99
34;1216;122;39;83
34;1129;116;24;92
34;1042;104;30;74
34;955;96;21;75
34;868;109;26;83
34;781;129;37;92
34;694;133;30;103
34;607;127;28;99
34;520;118;39;79
34;433;97;28;69
34;346;78;26;52
34;259;60;10;50
34;172;65;21;44
34;85;60;19;41
34;1565;602;145;457
34;1478;565;131;434
34;1391;570;127;443
34;1304;551;124;427
34;1217;531;111;420
34;1130;526;123;403
34;1043;525;118;407
34;956;524;128;396
34;869;524;138;386
34;782;462;112;350
34;695;435;110;325
34;608;400;104;296
34;521;376;93;283
34;434;355;86;269
34;347;373;86;287
34;260;373;95;278
34;173;388;97;291
34;86;405;103;302
34;1566;17097;7834;9263
34;1479;17670;8097;9573
34;1392;18225;8342;9883
34;1305;18678;8565;10113
34;1218;19058;8732;10326
34;1131;19425;8897;10528
34;1044;19835;9084;10751
34;957;20355;9337;11018
34;870;21064;9664;11400
34;783;21596;9943;11653
34;696;22052;10171;11881
34;609;22509;10428;12081
34;522;22920;10672;12248
34;435;23422;10958;12464
34;348;23865;11165;12700
34;261;24240;11326;12914
34;174;24492;11456;13036
34;87;24622;11526;13096
35;1480;156;94;62
35;1393;157;81;76
35;1306;186;87;99
35;1219;181;85;96
35;1132;216;103;113
35;1045;214;110;104
35;958;191;106;85
35;871;154;73;81
35;784;213;109;104
35;697;190;96;94
35;610;200;105;95
35;523;218;116;102
35;436;240;105;135
35;349;209;105;104
35;262;213;107;106
35;175;236;114;122
35;88;265;128;137
35;1;265;130;135
35;1481;152;79;73
35;1394;178;83;95
35;1307;182;88;94
35;1220;210;101;109
35;1133;210;109;101
35;1046;184;101;83
35;959;153;74;79
35;872;188;101;87
35;785;181;93;88
35;698;199;106;93
35;611;222;115;107
35;524;236;102;134
35;437;205;104;101
35;350;203;101;102
35;263;232;112;120
35;176;261;126;135
35;89;264;132;132
35;2;253;139;114
35;1482;163;79;84
35;1395;176;83;93
35;1308;212;103;109
35;1221;205;107;98
35;1134;181;104;77
35;1047;145;71;74
35;960;187;101;86
35;873;169;90;79
35;786;194;104;90
35;699;214;111;103
35;612;232;99;133
35;525;198;100;98
35;438;201;100;101
35;351;232;111;121
35;264;260;126;134
35;177;264;131;133
35;90;254;140;114
35;3;291;151;140
35;1483;169;79;90
35;1396;204;101;103
35;1309;209;111;98
35;1222;173;100;73
35;1135;135;61;74
35;1048;179;93;86
35;961;167;88;79
35;874;160;89;71
35;787;224;117;107
35;700;228;99;129
35;613;194;97;97
35;526;198;98;100
35;439;227;109;118
35;352;252;124;128
35;265;261;128;133
35;178;248;138;110
35;91;294;155;139
35;4;261;147;114
35;1484;185;89;96
35;1397;202;107;95
35;1310;173;102;71
35;1223;130;58;72
35;1136;174;91;83
35;1049;157;82;75
35;962;159;89;70
35;875;173;91;82
35;788;233;100;133
35;701;189;93;96
35;614;196;97;99
35;527;224;108;116
35;440;252;123;129
35;353;263;132;131
35;266;248;136;112
35;179;292;153;139
35;92;261;146;115
35;5;304;164;140
35;1485;200;106;94
35;1398;175;104;71
35;1311;132;59;73
35;1224;174;90;84
35;1137;149;79;70
35;1050;157;90;67
35;963;173;91;82
35;876;205;95;110
35;789;186;94;92
35;702;191;94;97
35;615;226;108;118
35;528;247;119;128
35;441;256;125;131
35;354;245;135;110
35;267;290;153;137
35;180;259;144;115
35;93;300;164;136
35;6;318;164;154
35;1486;175;104;71
35;1399;125;58;67
35;1312;170;89;81
35;1225;144;74;70
35;1138;152;89;63
35;1051;170;91;79
35;964;203;96;107
35;877;173;81;92
35;790;188;92;96
35;703;226;107;119
35;616;245;118;127
35;529;254;123;131
35;442;241;131;110
35;355;288;153;135
35;268;260;144;116
35;181;299;163;136
35;94;316;160;156
35;7;349;170;179
35;1487;117;55;62
35;1400;165;88;77
35;1313;145;73;72
35;1226;150;86;64
35;1139;164;89;75
35;1052;198;93;105
35;965;170;77;93
35;878;186;94;92
35;791;222;103;119
35;704;239;116;123
35;617;251;121;130
35;530;241;129;112
35;443;285;152;133
35;356;261;144;117
35;269;298;163;135
35;182;313;157;156
35;95;350;170;180
35;8;351;180;171
35;1488;162;87;75
35;1401;140;72;68
35;1314;149;85;64
35;1227;158;88;70
35;1140;197;93;104
35;1053;165;76;89
35;966;184;94;90
35;879;190;82;108
35;792;239;116;123
35;705;249;120;129
35;618;239;127;112
35;531;285;152;133
35;444;256;142;114
35;357;295;161;134
35;270;316;160;156
35;183;347;168;179
35;96;348;178;170
35;9;419;215;204
35;1489;135;68;67
35;1402;149;86;63
35;1315;159;89;70
35;1228;191;90;101
35;1141;163;76;87
35;1054;183;94;89
35;967;183;77;106
35;880;207;103;104
35;793;244;118;126
35;706;242;131;111
35;619;283;152;131
35;532;252;139;113
35;445;292;159;133
35;358;314;160;154
35;271;347;169;178
35;184;348;177;171
35;97;418;214;204
35;10;416;230;186
35;1490;148;85;63
35;1403;151;86;65
35;1316;194;91;103
35;1229;159;73;86
35;1142;182;94;88
35;1055;182;77;105
35;968;203;101;102
35;881;252;115;137
35;794;240;128;112
35;707;278;151;127
35;620;253;139;114
35;533;289;158;131
35;446;311;158;153
35;359;346;168;178
35;272;345;177;168
35;185;416;213;203
35;98;416;229;187
35;11;444;243;201
35;1491;149;85;64
35;1404;187;89;98
35;1317;160;74;86
35;1230;180;93;87
35;1143;181;77;104
35;1056;201;99;102
35;969;251;113;138
35;882;233;115;118
35;795;278;149;129
35;708;253;140;113
35;621;283;155;128
35;534;313;159;154
35;447;344;168;176
35;360;340;175;165
35;273;409;207;202
35;186;412;228;184
35;99;440;239;201
35;12;432;228;204
35;1492;185;88;97
35;1405;161;75;86
35;1318;180;93;87
35;1231;180;76;104
35;1144;197;98;99
35;1057;251;112;139
35;970;226;109;117
35;883;278;148;130
35;796;247;135;112
35;709;285;155;130
35;622;311;158;153
35;535;347;170;177
35;448;338;174;164
35;361;404;206;198
35;274;406;225;181
35;187;435;237;198
35;100;430;226;204
35;13;427;234;193
35;1493;158;74;84
35;1406;176;91;85
35;1319;183;78;105
35;1232;196;98;98
35;1145;250;110;140
35;1058;227;109;118
35;971;275;146;129
35;884;246;139;107
35;797;285;156;129
35;710;310;159;151
35;623;345;168;177
35;536;332;171;161
35;449;393;199;194
35;362;399;222;177
35;275;426;233;193
35;188;424;223;201
35;101;419;231;188
35;14;437;209;228
35;1494;179;92;87
35;1407;182;78;104
35;1320;197;102;95
35;1233;250;109;141
35;1146;231;112;119
35;1059;275;146;129
35;972;241;136;105
35;885;275;143;132
35;798;310;160;150
35;711;346;168;178
35;624;332;171;161
35;537;389;196;193
35;450;391;219;172
35;363;419;226;193
35;276;416;217;199
35;189;412;228;184
35;102;430;203;227
35;15;443;218;225
35;1495;178;76;102
35;1408;192;98;94
35;1321;251;110;141
35;1234;233;113;120
35;1147;273;146;127
35;1060;240;136;104
35;973;273;142;131
35;886;300;156;144
35;799;346;169;177
35;712;328;169;159
35;625;384;192;192
35;538;387;217;170
35;451;409;222;187
35;364;413;216;197
35;277;404;224;180
35;190;424;200;224
35;103;437;215;222
35;16;421;216;205
35;1496;190;96;94
35;1409;251;109;142
35;1322;235;114;121
35;1235;272;145;127
35;1148;240;134;106
35;1061;274;142;132
35;974;295;154;141
35;887;334;161;173
35;800;325;168;157
35;713;381;191;190
35;626;381;214;167
35;539;404;220;184
35;452;400;208;192
35;365;397;219;178
35;278;419;198;221
35;191;433;212;221
35;104;418;215;203
35;17;386;196;190
35;1497;248;108;140
35;1410;225;108;117
35;1323;268;142;126
35;1236;242;135;107
35;1149;271;140;131
35;1062;295;154;141
35;975;330;162;168
35;888;327;171;156
35;801;379;191;188
35;714;384;217;167
35;627;400;219;181
35;540;394;207;187
35;453;383;207;176
35;366;414;194;220
35;279;423;208;215
35;192;409;210;199
35;105;380;192;188
35;18;388;195;193
35;1498;218;104;114
35;1411;270;143;127
35;1324;237;133;104
35;1237;272;141;131
35;1150;292;154;138
35;1063;329;162;167
35;976;326;170;156
35;889;379;195;184
35;802;381;219;162
35;715;399;218;181
35;628;387;203;184
35;541;373;201;172
35;454;400;188;212
35;367;416;207;209
35;280;399;205;194
35;193;379;192;187
35;106;374;190;184
35;19;309;167;142
35;1499;262;140;122
35;1412;239;132;107
35;1325;268;138;130
35;1238;285;149;136
35;1151;326;163;163
35;1064;323;167;156
35;977;378;196;182
35;890;342;200;142
35;803;405;221;184
35;716;383;202;181
35;629;364;196;168
35;542;388;184;204
35;455;398;196;202
35;368;389;201;188
35;281;372;191;181
35;194;369;189;180
35;107;288;161;127
35;20;262;153;109
35;1500;228;124;104
35;1413;263;133;130
35;1326;280;149;131
35;1239;327;164;163
35;1152;314;165;149
35;1065;374;191;183
35;978;336;193;143
35;891;340;193;147
35;804;377;199;178
35;717;360;196;164
35;630;382;180;202
35;543;387;190;197
35;456;368;189;179
35;369;361;184;177
35;282;368;187;181
35;195;286;161;125
35;108;260;152;108
35;21;239;132;107
35;1501;250;126;124
35;1414;269;145;124
35;1327;322;162;160
35;1240;316;164;152
35;1153;371;191;180
35;1066;325;191;134
35;979;327;189;138
35;892;314;175;139
35;805;352;192;160
35;718;380;178;202
35;631;375;187;188
35;544;346;179;167
35;457;346;174;172
35;370;361;188;173
35;283;281;157;124
35;196;257;150;107
35;109;236;127;109
35;22;255;160;95
35;1502;242;134;108
35;1415;308;157;151
35;1328;301;158;143
35;1241;359;187;172
35;1154;321;189;132
35;1067;319;182;137
35;980;302;172;130
35;893;304;174;130
35;806;367;171;196
35;719;365;182;183
35;632;333;171;162
35;545;338;171;167
35;458;341;182;159
35;371;271;153;118
35;284;253;152;101
35;197;239;126;113
35;110;254;156;98
35;23;263;142;121
35;1503;285;145;140
35;1416;291;155;136
35;1329;352;184;168
35;1242;316;183;133
35;1155;304;179;125
35;1068;287;166;121
35;981;294;170;124
35;894;279;136;143
35;807;356;178;178
35;720;321;163;158
35;633;328;169;159
35;546;326;175;151
35;459;258;150;108
35;372;248;149;99
35;285;231;123;108
35;198;260;156;104
35;111;262;141;121
35;24;274;138;136
35;1504;269;147;122
35;1417;338;184;154
35;1330;303;171;132
35;1243;300;178;122
35;1156;272;157;115
35;1069;291;169;122
35;982;266;130;136
35;895;290;151;139
35;808;305;155;150
35;721;317;162;155
35;634;316;170;146
35;547;249;143;106
35;460;228;140;88
35;373;221;121;100
35;286;262;153;109
35;199;258;136;122
35;112;266;130;136
35;25;286;140;146
35;1505;297;160;137
35;1418;280;163;117
35;1331;281;168;113
35;1244;266;153;113
35;1157;276;160;116
35;1070;253;126;127
35;983;277;144;133
35;896;225;129;96
35;809;304;158;146
35;722;299;163;136
35;635;235;138;97
35;548;217;130;87
35;461;200;111;89
35;374;239;140;99
35;287;247;130;117
35;200;258;129;129
35;113;284;140;144
35;26;307;159;148
35;1506;251;150;101
35;1419;251;155;96
35;1332;258;150;108
35;1245;261;155;106
35;1158;237;118;119
35;1071;248;134;114
35;984;213;124;89
35;897;202;103;99
35;810;277;151;126
35;723;221;127;94
35;636;205;121;84
35;549;187;104;83
35;462;218;131;87
35;375;226;122;104
35;288;252;123;129
35;201;276;135;141
35;114;301;154;147
35;27;320;167;153
35;1507;229;147;82
35;1420;232;138;94
35;1333;247;150;97
35;1246;213;107;106
35;1159;231;124;107
35;1072;187;112;75
35;985;184;99;85
35;898;197;114;83
35;811;205;118;87
35;724;194;115;79
35;637;176;102;74
35;550;207;123;84
35;463;207;115;92
35;376;240;115;125
35;289;263;128;135
35;202;294;152;142
35;115;318;165;153
35;28;307;172;135
35;1508;203;119;84
35;1421;223;139;84
35;1334;206;109;97
35;1247;225;126;99
35;1160;175;110;65
35;1073;169;90;79
35;986;186;113;73
35;899;193;109;84
35;812;185;108;77
35;725;170;97;73
35;638;195;117;78
35;551;205;113;92
35;464;225;110;115
35;377;250;124;126
35;290;282;145;137
35;203;310;160;150
35;116;304;168;136
35;29;346;195;151
35;1509;198;124;74
35;1422;187;100;87
35;1335;213;125;88
35;1248;165;108;57
35;1161;155;81;74
35;1074;176;110;66
35;987;187;106;81
35;900;194;101;93
35;813;162;92;70
35;726;185;114;71
35;639;190;100;90
35;552;216;106;110
35;465;239;113;126
35;378;275;143;132
35;291;308;157;151
35;204;302;166;136
35;117;336;184;152
35;30;325;168;157
35;1510;168;94;74
35;1423;201;127;74
35;1336;158;107;51
35;1249;139;77;62
35;1162;169;111;58
35;1075;186;110;76
35;988;177;92;85
35;901;195;97;98
35;814;173;110;63
35;727;177;93;84
35;640;209;102;107
35;553;229;109;120
35;466;259;137;122
35;379;297;150;147
35;292;291;162;129
35;205;331;180;151
35;118;317;163;154
35;31;343;183;160
35;1511;179;112;67
35;1424;146;96;50
35;1337;121;68;53
35;1250;170;113;57
35;1163;179;110;69
35;1076;169;88;81
35;989;190;92;98
35;902;199;96;103
35;815;174;91;83
35;728;203;97;106
35;641;218;102;116
35;554;251;133;118
35;467;288;143;145
35;380;275;150;125
35;293;316;173;143
35;206;314;162;152
35;119;331;177;154
35;32;354;197;157
35;1512;141;94;47
35;1425;105;67;38
35;1338;158;106;52
35;1251;167;105;62
35;1164;160;83;77
35;1077;190;94;96
35;990;194;92;102
35;903;205;102;103
35;816;201;97;104
35;729;212;98;114
35;642;238;126;112
35;555;277;137;140
35;468;259;144;115
35;381;304;165;139
35;294;305;158;147
35;207;324;169;155
35;120;346;190;156
35;33;390;215;175
35;1513;94;59;35
35;1426;147;97;50
35;1339;158;95;63
35;1252;161;80;81
35;1165;190;96;94
35;1078;188;90;98
35;991;189;95;94
35;904;221;106;115
35;817;204;93;111
35;730;230;118;112
35;643;267;133;134
35;556;252;137;115
35;469;290;155;135
35;382;298;156;142
35;295;314;164;150
35;208;339;184;155
35;121;385;210;175
35;34;396;204;192
35;1514;133;89;44
35;1427;141;87;54
35;1340;148;74;74
35;1253;187;94;93
35;1166;181;87;94
35;1079;188;93;95
35;992;222;108;114
35;905;222;113;109
35;818;227;119;108
35;731;266;135;131
35;644;250;135;115
35;557;281;150;131
35;470;282;148;134
35;383;305;161;144
35;296;328;176;152
35;209;383;207;176
35;122;387;199;188
35;35;374;201;173
35;1515;131;78;53
35;1428;143;75;68
35;1341;185;93;92
35;1254;169;82;87
35;1167;178;90;88
35;1080;217;104;113
35;993;217;111;106
35;906;254;136;118
35;819;256;132;124
35;732;245;136;109
35;645;271;142;129
35;558;279;144;135
35;471;288;151;137
35;384;325;172;153
35;297;378;205;173
35;210;383;197;186
35;123;363;195;168
35;36;353;183;170
35;1516;137;73;64
35;1429;169;84;85
35;1342;169;83;86
35;1255;172;86;86
35;1168;216;104;112
35;1081;210;106;104
35;994;243;132;111
35;907;278;139;139
35;820;239;135;104
35;733;269;140;129
35;646;272;139;133
35;559;284;146;138
35;472;316;166;150
35;385;371;203;168
35;298;380;194;186
35;211;361;194;167
35;124;349;181;168
35;37;378;222;156
35;1517;166;84;82
35;1430;159;76;83
35;1343;161;80;81
35;1256;214;105;109
35;1169;211;108;103
35;1082;238;128;110
35;995;273;135;138
35;908;266;149;117
35;821;263;138;125
35;734;271;136;135
35;647;280;144;136
35;560;316;167;149
35;473;364;197;167
35;386;372;188;184
35;299;359;194;165
35;212;341;176;165
35;125;373;215;158
35;38;375;201;174
35;1518;152;72;80
35;1431;152;72;80
35;1344;203;98;105
35;1257;202;104;98
35;1170;230;123;107
35;1083;267;128;139
35;996;263;149;114
35;909;304;159;145
35;822;272;136;136
35;735;273;141;132
35;648;307;162;145
35;561;363;198;165
35;474;365;185;180
35;387;359;197;162
35;300;334;174;160
35;213;371;214;157
35;126;369;196;173
35;39;400;223;177
35;1519;144;68;76
35;1432;198;97;101
35;1345;201;105;96
35;1258;228;119;109
35;1171;263;128;135
35;1084;255;142;113
35;997;300;156;144
35;910;298;142;156
35;823;268;141;127
35;736;305;158;147
35;649;358;195;163
35;562;358;181;177
35;475;349;190;159
35;388;332;170;162
35;301;360;211;149
35;214;370;197;173
35;127;388;213;175
35;40;366;188;178
35;1520;195;96;99
35;1433;195;101;94
35;1346;218;110;108
35;1259;258;124;134
35;1172;254;142;112
35;1085;293;151;142
35;998;289;134;155
35;911;284;151;133
35;824;295;150;145
35;737;355;191;164
35;650;359;180;179
35;563;338;181;157
35;476;325;164;161
35;389;358;207;151
35;302;369;196;173
35;215;384;213;171
35;128;360;185;175
35;41;391;225;166
35;1521;189;103;86
35;1434;208;107;101
35;1347;261;126;135
35;1260;253;141;112
35;1173;286;145;141
35;1086;291;132;159
35;999;274;146;128
35;912;319;160;159
35;825;351;190;161
35;738;352;170;182
35;651;332;179;153
35;564;326;165;161
35;477;343;192;151
35;390;364;193;171
35;303;383;213;170
35;216;360;185;175
35;129;386;221;165
35;42;352;189;163
35;1522;199;100;99
35;1435;257;124;133
35;1348;251;139;112
35;1261;283;143;140
35;1174;288;130;158
35;1087;270;142;128
35;1000;311;154;157
35;913;356;195;161
35;826;348;168;180
35;739;330;177;153
35;652;317;160;157
35;565;339;188;151
35;478;359;189;170
35;391;379;210;169
35;304;354;181;173
35;217;381;218;163
35;130;351;187;164
35;43;347;187;160
35;1523;253;125;128
35;1436;245;134;111
35;1349;276;141;135
35;1262;283;127;156
35;1175;265;140;125
35;1088;310;152;158
35;1001;355;194;161
35;914;365;180;185
35;827;328;174;154
35;740;318;160;158
35;653;335;188;147
35;566;356;189;167
35;479;373;203;170
35;392;352;178;174
35;305;377;215;162
35;218;347;185;162
35;131;347;188;159
35;44;333;193;140
35;1524;234;131;103
35;1437;267;134;133
35;1350;282;129;153
35;1263;257;134;123
35;1176;308;148;160
35;1089;352;189;163
35;1002;364;179;185
35;915;354;196;158
35;828;314;160;154
35;741;329;187;142
35;654;342;177;165
35;567;362;197;165
35;480;342;172;170
35;393;370;207;163
35;306;349;187;162
35;219;343;185;158
35;132;328;190;138
35;45;292;159;133
35;1525;270;136;134
35;1438;276;128;148
35;1351;253;130;123
35;1264;302;146;156
35;1177;350;188;162
35;1090;354;171;183
35;1003;353;193;160
35;916;326;164;162
35;829;324;184;140
35;742;335;170;165
35;655;356;191;165
35;568;335;170;165
35;481;362;200;162
35;394;342;184;158
35;307;342;185;157
35;220;328;190;138
35;133;287;158;129
35;46;282;130;152
35;1526;275;125;150
35;1439;249;127;122
35;1352;304;147;157
35;1265;343;184;159
35;1178;354;171;183
35;1091;349;189;160
35;1004;320;161;159
35;917;350;198;152
35;830;329;164;165
35;743;352;188;164
35;656;333;169;164
35;569;361;198;163
35;482;334;178;156
35;395;339;184;155
35;308;326;189;137
35;221;284;154;130
35;134;279;128;151
35;47;285;156;129
35;1527;242;125;117
35;1440;300;146;154
35;1353;344;183;161
35;1266;352;169;183
35;1179;343;185;158
35;1092;319;160;159
35;1005;345;194;151
35;918;348;177;171
35;831;349;187;162
35;744;331;167;164
35;657;352;194;158
35;570;338;178;160
35;483;336;180;156
35;396;317;182;135
35;309;281;152;129
35;222;277;128;149
35;135;286;158;128
35;48;266;140;126
35;1528;298;143;155
35;1441;344;180;164
35;1354;347;167;180
35;1267;343;184;159
35;1180;313;157;156
35;1093;344;193;151
35;1006;343;174;169
35;919;381;208;173
35;832;332;169;163
35;745;349;190;159
35;658;331;172;159
35;571;332;174;158
35;484;310;178;132
35;397;286;155;131
35;310;271;125;146
35;223;287;158;129
35;136;263;137;126
35;49;288;164;124
35;1529;331;173;158
35;1442;349;166;183
35;1355;334;178;156
35;1268;308;153;155
35;1181;339;189;150
35;1094;341;173;168
35;1007;382;212;170
35;920;350;177;173
35;833;344;187;157
35;746;333;176;157
35;659;326;171;155
35;572;308;176;132
35;485;284;152;132
35;398;268;123;145
35;311;281;154;127
35;224;262;136;126
35;137;280;157;123
35;50;257;146;111
35;1530;341;162;179
35;1443;333;177;156
35;1356;310;156;154
35;1269;335;187;148
35;1182;339;172;167
35;1095;378;208;170
35;1008;349;174;175
35;921;335;179;156
35;834;328;172;156
35;747;322;167;155
35;660;303;173;130
35;573;279;150;129
35;486;263;120;143
35;399;278;152;126
35;312;253;127;126
35;225;279;156;123
35;138;256;145;111
35;51;265;129;136
35;1531;329;176;153
35;1444;305;152;153
35;1357;333;183;150
35;1270;335;168;167
35;1183;373;204;169
35;1096;353;177;176
35;1009;335;180;155
35;922;342;181;161
35;835;315;164;151
35;748;304;175;129
35;661;276;149;127
35;574;264;119;145
35;487;276;151;125
35;400;252;128;124
35;313;275;150;125
35;226;253;144;109
35;139;257;127;130
35;52;279;154;125
35;1532;299;147;152
35;1445;335;184;151
35;1358;330;167;163
35;1271;368;202;166
35;1184;351;174;177
35;1097;335;179;156
35;1010;343;183;160
35;923;317;159;158
35;836;304;175;129
35;749;276;150;126
35;662;262;117;145
35;575;270;146;124
35;488;240;118;122
35;401;275;150;125
35;314;250;145;105
35;227;255;126;129
35;140;277;151;126
35;53;251;122;129
35;1533;334;185;149
35;1446;326;164;162
35;1359;364;200;164
35;1272;349;173;176
35;1185;333;175;158
35;1098;341;182;159
35;1011;308;152;156
35;924;316;177;139
35;837;272;146;126
35;750;253;110;143
35;663;266;143;123
35;576;234;113;121
35;489;268;142;126
35;402;244;141;103
35;315;253;123;130
35;228;281;152;129
35;141;250;121;129
35;54;208;99;109
35;1534;317;157;160
35;1447;367;201;166
35;1360;344;171;173
35;1273;324;169;155
35;1186;341;183;158
35;1099;302;146;156
35;1012;317;179;138
35;925;277;148;129
35;838;252;110;142
35;751;263;143;120
35;664;228;107;121
35;577;260;135;125
35;490;240;138;102
35;403;247;124;123
35;316;276;149;127
35;229;246;118;128
35;142;205;97;108
35;55;259;128;131
35;1535;365;199;166
35;1448;343;169;174
35;1361;321;168;153
35;1274;338;180;158
35;1187;300;145;155
35;1100;320;179;141
35;1013;277;147;130
35;926;259;120;139
35;839;257;138;119
35;752;223;100;123
35;665;254;133;121
35;578;228;129;99
35;491;242;119;123
35;404;273;148;125
35;317;244;113;131
35;230;200;91;109
35;143;255;127;128
35;56;254;129;125
35;1536;339;166;173
35;1449;324;170;154
35;1362;333;179;154
35;1275;286;136;150
35;1188;314;171;143
35;1101;274;143;131
35;1014;265;124;141
35;927;249;131;118
35;840;218;100;118
35;753;255;135;120
35;666;225;127;98
35;579;237;115;122
35;492;267;143;124
35;405;235;107;128
35;318;199;91;108
35;231;246;122;124
35;144;247;125;122
35;57;240;122;118
35;1537;319;165;154
35;1450;330;178;152
35;1363;284;131;153
35;1276;311;166;145
35;1189;271;140;131
35;1102;262;122;140
35;1015;251;132;119
35;928;233;110;123
35;841;250;130;120
35;754;220;124;96
35;667;232;111;121
35;580;265;141;124
35;493;228;103;125
35;406;195;88;107
35;319;239;117;122
35;232;247;123;124
35;145;234;119;115
35;58;309;127;182
35;1538;331;177;154
35;1451;277;126;151
35;1364;311;166;145
35;1277;271;139;132
35;1190;263;121;142
35;1103;249;131;118
35;1016;230;110;120
35;929;250;122;128
35;842;215;118;97
35;755;230;110;120
35;668;254;131;123
35;581;223;100;123
35;494;188;84;104
35;407;232;111;121
35;320;242;119;123
35;233;227;111;116
35;146;305;124;181
35;59;313;141;172
35;1539;278;127;151
35;1452;302;159;143
35;1365;269;135;134
35;1278;259;119;140
35;1191;250;132;118
35;1104;231;111;120
35;1017;245;118;127
35;930;233;127;106
35;843;226;109;117
35;756;248;128;120
35;669;223;101;122
35;582;182;81;101
35;495;231;109;122
35;408;236;115;121
35;321;219;105;114
35;234;301;122;179
35;147;307;136;171
35;60;330;146;184
35;1540;298;155;143
35;1453;263;131;132
35;1366;255;115;140
35;1279;247;129;118
35;1192;228;108;120
35;1105;238;116;122
35;1018;232;126;106
35;931;233;106;127
35;844;244;125;119
35;757;221;100;121
35;670;178;78;100
35;583;228;108;120
35;496;225;107;118
35;409;213;99;114
35;322;294;119;175
35;235;302;132;170
35;148;325;142;183
35;61;349;149;200
35;1541;257;125;132
35;1454;248;110;138
35;1367;247;127;120
35;1280;225;104;121
35;1193;240;116;124
35;1106;229;123;106
35;1019;228;101;127
35;932;243;126;117
35;845;220;96;124
35;758;177;77;100
35;671;219;105;114
35;584;221;104;117
35;497;207;95;112
35;410;287;115;172
35;323;296;127;169
35;236;316;135;181
35;149;343;148;195
35;62;287;114;173
35;1542;245;105;140
35;1455;242;122;120
35;1368;224;104;120
35;1281;240;117;123
35;1194;225;120;105
35;1107;230;103;127
35;1020;239;124;115
35;933;220;91;129
35;846;173;73;100
35;759;212;100;112
35;672;215;101;114
35;585;202;93;109
35;498;277;109;168
35;411;287;120;167
35;324;304;127;177
35;237;345;146;199
35;150;286;111;175
35;63;342;157;185
35;1543;243;122;121
35;1456;223;102;121
35;1369;240;118;122
35;1282;220;115;105
35;1195;224;98;126
35;1108;233;119;114
35;1021;218;87;131
35;934;185;78;107
35;847;204;95;109
35;760;213;100;113
35;673;199;93;106
35;586;271;104;167
35;499;283;119;164
35;412;302;126;176
35;325;337;137;200
35;238;283;109;174
35;151;330;148;182
35;64;333;157;176
35;1544;219;99;120
35;1457;230;109;121
35;1370;217;111;106
35;1283;222;97;125
35;1196;229;116;113
35;1109;218;88;130
35;1022;180;74;106
35;935;210;100;110
35;848;211;97;114
35;761;187;83;104
35;674;267;102;165
35;587;274;112;162
35;500;295;120;175
35;413;328;132;196
35;326;282;107;175
35;239;326;146;180
35;152;331;156;175
35;65;358;146;212
35;1545;228;108;120
35;1458;213;108;105
35;1371;218;94;124
35;1284;227;114;113
35;1197;214;85;129
35;1110;182;75;107
35;1023;207;96;111
35;936;206;92;114
35;849;189;84;105
35;762;262;96;166
35;675;270;109;161
35;588;285;115;170
35;501;329;129;200
35;414;273;101;172
35;327;328;145;183
35;240;334;158;176
35;153;360;146;214
35;66;406;163;243
35;1546;210;106;104
35;1459;216;93;123
35;1372;219;109;110
35;1285;207;78;129
35;1198;179;71;108
35;1111;201;92;109
35;1024;204;91;113
35;937;205;92;113
35;850;253;90;163
35;763;264;105;159
35;676;283;115;168
35;589;319;120;199
35;502;266;96;170
35;415;316;137;179
35;328;326;148;178
35;241;353;140;213
35;154;406;162;244
35;67;326;136;190
35;1547;214;91;123
35;1460;215;104;111
35;1373;205;76;129
35;1286;176;67;109
35;1199;196;90;106
35;1112;202;89;113
35;1025;199;86;113
35;938;251;90;161
35;851;255;100;155
35;764;281;115;166
35;677;314;115;199
35;590;259;92;167
35;503;309;132;177
35;416;324;145;179
35;329;346;133;213
35;242;397;159;238
35;155;322;132;190
35;68;354;148;206
35;1548;208;101;107
35;1461;204;75;129
35;1374;171;64;107
35;1287;189;84;105
35;1200;199;89;110
35;1113;192;79;113
35;1026;250;89;161
35;939;262;107;155
35;852;271;107;164
35;765;306;114;192
35;678;254;90;164
35;591;295;125;170
35;504;315;140;175
35;417;340;127;213
35;330;391;154;237
35;243;318;131;187
35;156;351;144;207
35;69;388;165;223
35;1549;201;74;127
35;1462;172;64;108
35;1375;186;82;104
35;1288;200;90;110
35;1201;189;76;113
35;1114;238;85;153
35;1027;256;103;153
35;940;263;106;157
35;853;298;110;188
35;766;251;89;162
35;679;283;116;167
35;592;303;132;171
35;505;331;120;211
35;418;383;151;232
35;331;310;123;187
35;244;342;138;204
35;157;384;158;226
35;70;364;152;212
35;1550;164;58;106
35;1463;184;80;104
35;1376;190;82;108
35;1289;185;74;111
35;1202;233;83;150
35;1115;248;98;150
35;1028;250;98;152
35;941;279;98;181
35;854;242;82;160
35;767;276;113;163
35;680;297;127;170
35;593;318;114;204
35;506;376;147;229
35;419;300;117;183
35;332;341;136;205
35;245;374;152;222
35;158;360;151;209
35;71;374;132;242
35;1551;176;74;102
35;1464;182;75;107
35;1377;183;73;110
35;1290;228;79;149
35;1203;239;94;145
35;1116;241;91;150
35;1029;275;95;180
35;942;226;76;150
35;855;272;112;160
35;768;290;124;166
35;681;309;112;197
35;594;363;138;225
35;507;294;114;180
35;420;332;133;199
35;333;369;149;220
35;246;352;145;207
35;159;373;130;243
35;72;353;124;229
35;1552;179;73;106
35;1465;179;70;109
35;1378;224;77;147
35;1291;230;88;142
35;1204;233;82;151
35;1117;267;93;174
35;1030;218;69;149
35;943;257;100;157
35;856;284;119;165
35;769;288;104;184
35;682;348;128;220
35;595;285;110;175
35;508;321;130;191
35;421;356;141;215
35;334;342;140;202
35;247;365;123;242
35;160;344;119;225
35;73;359;122;237
35;1553;176;69;107
35;1466;217;72;145
35;1379;221;83;138
35;1292;226;80;146
35;1205;260;91;169
35;1118;212;62;150
35;1031;248;95;153
35;944;271;108;163
35;857;272;97;175
35;770;335;122;213
35;683;278;104;174
35;596;299;116;183
35;509;344;133;211
35;422;327;133;194
35;335;352;118;234
35;248;328;109;219
35;161;358;120;238
35;74;323;115;208
35;1554;214;70;144
35;1467;211;77;134
35;1380;221;79;142
35;1293;252;86;166
35;1206;206;61;145
35;1119;239;93;146
35;1032;263;103;160
35;945;249;86;163
35;858;326;117;209
35;771;266;97;169
35;684;292;113;179
35;597;328;122;206
35;510;320;129;191
35;423;340;112;228
35;336;314;98;216
35;249;344;109;235
35;162;329;119;210
35;75;288;93;195
35;1555;204;72;132
35;1468;211;73;138
35;1381;244;81;163
35;1294;197;57;140
35;1207;232;88;144
35;1120;256;98;158
35;1033;234;78;156
35;946;294;102;192
35;859;253;91;162
35;772;285;110;175
35;685;318;115;203
35;598;301;120;181
35;511;322;103;219
35;424;295;89;206
35;337;332;102;230
35;250;310;108;202
35;163;279;86;193
35;76;274;79;195
35;1556;201;67;134
35;1469;229;76;153
35;1382;187;52;135
35;1295;225;83;142
35;1208;246;96;150
35;1121;225;75;150
35;1034;280;96;184
35;947;244;86;158
35;860;270;101;169
35;773;309;111;198
35;686;291;111;180
35;599;301;90;211
35;512;276;80;196
35;425;316;93;223
35;338;299;103;196
35;251;271;85;186
35;164;268;79;189
35;77;284;94;190
35;1557;218;70;148
35;1470;178;46;132
35;1383;213;80;133
35;1296;234;90;144
35;1209;222;74;148
35;1122;272;92;180
35;1035;233;79;154
35;948;259;96;163
35;861;301;106;195
35;774;281;109;172
35;687;287;81;206
35;600;259;68;191
35;513;300;86;214
35;426;287;92;195
35;339;258;75;183
35;252;255;71;184
35;165;276;92;184
35;78;273;84;189
35;1558;175;47;128
35;1471;202;75;127
35;1384;222;81;141
35;1297;212;71;141
35;1210;262;83;179
35;1123;225;78;147
35;1036;248;92;156
35;949;282;96;186
35;862;257;97;160
35;775;276;74;202
35;688;250;64;186
35;601;291;81;210
35;514;274;87;187
35;427;240;68;172
35;340;238;66;172
35;253;260;85;175
35;166;258;74;184
35;79;251;82;169
35;1559;187;65;122
35;1472;206;77;129
35;1385;204;69;135
35;1298;248;74;174
35;1211;213;74;139
35;1124;231;83;148
35;1037;272;91;181
35;950;234;83;151
35;863;260;68;192
35;776;239;59;180
35;689;278;75;203
35;602;263;83;180
35;515;223;59;164
35;428;225;62;163
35;341;246;70;176
35;254;246;69;177
35;167;239;76;163
35;80;183;72;111
35;1560;195;70;125
35;1473;196;65;131
35;1386;240;71;169
35;1299;201;67;134
35;1212;217;77;140
35;1125;257;84;173
35;1038;224;75;149
35;951;238;68;170
35;864;220;53;167
35;777;255;65;190
35;690;252;76;176
35;603;214;56;158
35;516;207;56;151
35;429;230;64;166
35;342;230;62;168
35;255;216;66;150
35;168;172;65;107
35;81;145;48;97
35;1561;183;59;124
35;1474;226;67;159
35;1387;190;61;129
35;1300;202;70;132
35;1213;246;76;170
35;1126;206;66;140
35;1039;216;61;155
35;952;201;48;153
35;865;231;54;177
35;778;234;71;163
35;691;195;49;146
35;604;192;49;143
35;517;201;55;146
35;430;216;53;163
35;343;202;60;142
35;256;162;57;105
35;169;138;46;92
35;82;124;43;81
35;1562;213;65;148
35;1475;179;57;122
35;1388;189;65;124
35;1301;230;65;165
35;1214;190;57;133
35;1127;200;56;144
35;1040;185;41;144
35;953;198;45;153
35;866;215;64;151
35;779;187;49;138
35;692;169;39;130
35;605;187;52;135
35;518;201;49;152
35;431;189;54;135
35;344;148;49;99
35;257;131;42;89
35;170;116;41;75
35;83;105;41;64
35;1563;170;56;114
35;1476;178;59;119
35;1389;207;59;148
35;1302;170;50;120
35;1215;185;52;133
35;1128;172;41;131
35;1041;178;38;140
35;954;195;55;140
35;867;170;42;128
35;780;155;36;119
35;693;165;43;122
35;606;180;45;135
35;519;170;42;128
35;432;137;44;93
35;345;124;39;85
35;258;107;40;67
35;171;101;39;62
35;84;86;19;67
35;1564;164;53;111
35;1477;194;56;138
35;1390;155;41;114
35;1303;169;42;127
35;1216;163;37;126
35;1129;158;35;123
35;1042;172;48;124
35;955;141;32;109
35;868;138;30;108
35;781;150;37;113
35;694;156;41;115
35;607;150;34;116
35;520;121;38;83
35;433;111;37;74
35;346;100;35;65
35;259;91;32;59
35;172;76;16;60
35;85;85;25;60
35;1565;809;192;617
35;1478;783;178;605
35;1391;782;175;607
35;1304;751;168;583
35;1217;732;157;575
35;1130;713;159;554
35;1043;691;147;544
35;956;668;143;525
35;869;611;152;459
35;782;552;139;413
35;695;496;131;365
35;608;468;135;333
35;521;467;142;325
35;434;469;136;333
35;347;473;127;346
35;260;478;137;341
35;173;510;158;352
35;86;540;161;379
35;1566;19115;9151;9964
35;1479;19821;9467;10354
35;1392;20438;9731;10707
35;1305;20813;9884;10929
35;1218;21254;10099;11155
35;1131;21639;10262;11377
35;1044;22064;10447;11617
35;957;22509;10636;11873
35;870;23078;10913;12165
35;783;23507;11109;12398
35;696;23902;11295;12607
35;609;24430;11568;12862
35;522;24977;11872;13105
35;435;25694;12279;13415
35;348;26221;12534;13687
35;261;26631;12795;13836
35;174;26926;12983;13943
35;87;27182;13146;14036
36;1480;542;279;263
36;1393;583;301;282
36;1306;578;298;280
36;1219;603;313;290
36;1132;588;293;295
36;1045;593;304;289
36;958;576;308;268
36;871;584;304;280
36;784;639;341;298
36;697;628;331;297
36;610;586;309;277
36;523;618;322;296
36;436;577;311;266
36;349;635;318;317
36;262;674;334;340
36;175;634;330;304
36;88;691;345;346
36;1;705;351;354
36;1481;590;302;288
36;1394;562;285;277
36;1307;614;316;298
36;1220;591;296;295
36;1133;593;304;289
36;1046;576;306;270
36;959;582;304;278
36;872;611;328;283
36;785;619;330;289
36;698;577;303;274
36;611;608;316;292
36;524;571;309;262
36;437;623;311;312
36;350;657;323;334
36;263;639;332;307
36;176;685;341;344
36;89;695;347;348
36;2;811;427;384
36;1482;559;281;278
36;1395;604;311;293
36;1308;580;293;287
36;1221;599;307;292
36;1134;573;300;273
36;1047;577;305;272
36;960;603;325;278
36;873;590;309;281
36;786;567;295;272
36;699;598;313;285
36;612;566;307;259
36;525;602;302;300
36;438;649;319;330
36;351;634;328;306
36;264;681;336;345
36;177;693;347;346
36;90;806;423;383
36;3;849;435;414
36;1483;594;307;287
36;1396;569;279;290
36;1309;601;314;287
36;1222;564;294;270
36;1135;575;301;274
36;1048;594;320;274
36;961;574;298;276
36;874;565;292;273
36;787;583;306;277
36;700;565;307;258
36;613;598;297;301
36;526;648;316;332
36;439;617;320;297
36;352;672;331;341
36;265;693;344;349
36;178;801;421;380
36;91;846;434;412
36;4;865;460;405
36;1484;566;278;288
36;1397;583;304;279
36;1310;560;289;271
36;1223;578;302;276
36;1136;574;309;265
36;1049;559;291;268
36;962;546;282;264
36;875;577;308;269
36;788;559;304;255
36;701;597;296;301
36;614;643;311;332
36;527;616;320;296
36;440;659;326;333
36;353;689;343;346
36;266;804;422;382
36;179;843;432;411
36;92;854;456;398
36;5;840;413;427
36;1485;565;293;272
36;1398;545;281;264
36;1311;574;303;271
36;1224;574;306;268
36;1137;551;292;259
36;1050;533;276;257
36;963;563;301;262
36;876;520;285;235
36;789;590;294;296
36;702;636;310;326
36;615;615;323;292
36;528;650;326;324
36;441;675;338;337
36;354;795;414;381
36;267;837;427;410
36;180;859;461;398
36;93;833;410;423
36;6;903;466;437
36;1486;538;277;261
36;1399;567;298;269
36;1312;566;304;262
36;1225;546;295;251
36;1138;525;271;254
36;1051;565;308;257
36;964;511;274;237
36;877;571;289;282
36;790;625;305;320
36;703;620;326;294
36;616;646;325;321
36;529;678;340;338
36;442;780;408;372
36;355;830;423;407
36;268;865;467;398
36;181;834;413;421
36;94;904;468;436
36;7;927;458;469
36;1487;563;293;270
36;1400;549;294;255
36;1313;545;297;248
36;1226;521;268;253
36;1139;556;304;252
36;1052;508;272;236
36;965;561;288;273
36;878;611;299;312
36;791;617;323;294
36;704;642;325;317
36;617;674;338;336
36;530;769;401;368
36;443;823;420;403
36;356;850;456;394
36;269;833;410;423
36;182;903;471;432
36;95;921;458;463
36;8;971;502;469
36;1488;541;291;250
36;1401;537;288;249
36;1314;515;262;253
36;1227;553;303;250
36;1140;504;273;231
36;1053;548;284;264
36;966;607;303;304
36;879;615;324;291
36;792;639;323;316
36;705;662;336;326
36;618;759;397;362
36;531;820;419;401
36;444;837;452;385
36;357;825;407;418
36;270;904;472;432
36;183;919;458;461
36;96;970;503;467
36;9;1145;590;555
36;1489;530;281;249
36;1402;508;257;251
36;1315;549;300;249
36;1228;498;269;229
36;1141;538;278;260
36;1054;610;306;304
36;967;616;326;290
36;880;626;324;302
36;793;655;337;318
36;706;758;394;364
36;619;808;414;394
36;532;837;448;389
36;445;815;406;409
36;358;896;466;430
36;271;916;456;460
36;184;976;503;473
36;97;1134;583;551
36;10;1172;604;568
36;1490;507;259;248
36;1403;530;289;241
36;1316;501;272;229
36;1229;536;277;259
36;1142;603;300;303
36;1055;604;319;285
36;968;631;328;303
36;881;626;317;309
36;794;753;389;364
36;707;808;413;395
36;620;831;446;385
36;533;804;396;408
36;446;896;466;430
36;359;911;454;457
36;272;970;500;470
36;185;1128;579;549
36;98;1167;602;565
36;11;1214;612;602
36;1491;522;283;239
36;1404;487;266;221
36;1317;523;265;258
36;1230;590;291;299
36;1143;595;311;284
36;1056;614;322;292
36;969;614;307;307
36;882;723;379;344
36;795;800;411;389
36;708;830;448;382
36;621;796;391;405
36;534;889;462;427
36;447;902;450;452
36;360;965;496;469
36;273;1118;573;545
36;186;1163;603;560
36;99;1202;603;599
36;12;1150;582;568
36;1492;479;263;216
36;1405;522;267;255
36;1318;584;285;299
36;1231;591;308;283
36;1144;616;325;291
36;1057;600;300;300
36;970;714;378;336
36;883;772;409;363
36;796;828;445;383
36;709;793;389;404
36;622;883;460;423
36;535;899;450;449
36;448;953;495;458
36;361;1110;570;540
36;274;1144;590;554
36;187;1184;596;588
36;100;1133;571;562
36;13;1205;609;596
36;1493;510;262;248
36;1406;579;281;298
36;1319;584;303;281
36;1232;615;325;290
36;1145;596;296;300
36;1058;704;376;328
36;971;763;407;356
36;884;797;412;385
36;797;790;386;404
36;710;885;465;420
36;623;896;447;449
36;536;952;497;455
36;449;1088;562;526
36;362;1136;586;550
36;275;1173;592;581
36;188;1117;562;555
36;101;1185;600;585
36;14;1222;626;596
36;1494;570;277;293
36;1407;580;299;281
36;1320;603;316;287
36;1233;592;295;297
36;1146;701;375;326
36;1059;759;404;355
36;972;790;408;382
36;885;776;365;411
36;798;887;465;422
36;711;896;452;444
36;624;940;491;449
36;537;1085;563;522
36;450;1127;584;543
36;363;1155;583;572
36;276;1098;552;546
36;189;1170;590;580
36;102;1209;617;592
36;15;1294;674;620
36;1495;567;297;270
36;1408;601;313;288
36;1321;585;290;295
36;1234;694;373;321
36;1147;752;398;354
36;1060;777;399;378
36;973;773;364;409
36;886;876;453;423
36;799;886;447;439
36;712;941;492;449
36;625;1081;560;521
36;538;1123;582;541
36;451;1121;569;552
36;364;1081;542;539
36;277;1152;580;572
36;190;1192;607;585
36;103;1272;663;609
36;16;1213;610;603
36;1496;589;307;282
36;1409;575;288;287
36;1322;675;363;312
36;1235;746;396;350
36;1148;771;397;374
36;1061;769;362;407
36;974;865;447;418
36;887;871;448;423
36;800;931;487;444
36;713;1075;556;519
36;626;1117;580;537
36;539;1112;562;550
36;452;1039;522;517
36;365;1134;567;567
36;278;1177;603;574
36;191;1248;648;600
36;104;1196;602;594
36;17;1195;617;578
36;1497;568;281;287
36;1410;662;356;306
36;1323;739;392;347
36;1236;761;389;372
36;1149;767;357;410
36;1062;852;441;411
36;975;861;440;421
36;888;921;469;452
36;801;1067;551;516
36;714;1113;575;538
36;627;1101;558;543
36;540;1022;513;509
36;453;1102;552;550
36;366;1148;586;562
36;279;1220;635;585
36;192;1174;589;585
36;105;1170;604;566
36;18;1226;655;571
36;1498;646;344;302
36;1411;711;376;335
36;1324;741;381;360
36;1237;750;350;400
36;1150;836;431;405
36;1063;846;434;412
36;976;906;458;448
36;889;1073;556;517
36;802;1105;572;533
36;715;1093;550;543
36;628;997;500;497
36;541;1084;542;542
36;454;1115;571;544
36;367;1201;621;580
36;280;1151;577;574
36;193;1156;595;561
36;106;1209;639;570
36;19;1007;496;511
36;1499;653;350;303
36;1412;690;353;337
36;1325;701;323;378
36;1238;814;417;397
36;1151;814;413;401
36;1064;885;451;434
36;977;1020;537;483
36;890;948;495;453
36;803;1071;543;528
36;716;985;493;492
36;629;1062;530;532
36;542;1090;558;532
36;455;1138;587;551
36;368;1123;563;560
36;281;1137;588;549
36;194;1190;630;560
36;107;987;483;504
36;20;947;490;457
36;1500;648;331;317
36;1413;681;328;353
36;1326;788;399;389
36;1239;802;410;392
36;1152;868;436;432
36;1065;1003;519;484
36;978;926;484;442
36;891;918;471;447
36;804;963;483;480
36;717;1052;525;527
36;630;1072;549;523
36;543;1109;574;535
36;456;1069;538;531
36;369;1107;570;537
36;282;1161;614;547
36;195;965;475;490
36;108;935;479;456
36;21;957;490;467
36;1501;628;303;325
36;1414;766;389;377
36;1327;790;400;390
36;1240;864;432;432
36;1153;975;505;470
36;1066;917;478;439
36;979;893;459;434
36;892;826;423;403
36;805;1028;516;512
36;718;1060;540;520
36;631;1083;557;526
36;544;1047;526;521
36;457;1050;542;508
36;370;1109;584;525
36;283;936;456;480
36;196;916;473;443
36;109;923;473;450
36;22;963;502;461
36;1502;716;366;350
36;1415;777;387;390
36;1328;831;410;421
36;1241;957;502;455
36;1154;886;458;428
36;1067;864;441;423
36;980;805;413;392
36;893;875;471;404
36;806;1027;521;506
36;719;1056;542;514
36;632;1021;516;505
36;545;1015;522;493
36;458;1055;565;490
36;371;894;441;453
36;284;884;463;421
36;197;894;468;426
36;110;925;487;438
36;23;938;469;469
36;1503;715;351;364
36;1416;788;392;396
36;1329;905;474;431
36;1242;859;448;411
36;1155;849;434;415
36;1068;781;399;382
36;981;825;456;369
36;894;852;439;413
36;807;1018;519;499
36;720;988;503;485
36;633;997;512;485
36;546;1033;548;485
36;459;852;423;429
36;372;852;456;396
36;285;878;463;415
36;198;912;487;425
36;111;916;457;459
36;24;943;458;485
36;1504;725;361;364
36;1417;851;448;403
36;1330;819;416;403
36;1243;834;420;414
36;1156;766;390;376
36;1069;803;438;365
36;982;795;417;378
36;895;886;468;418
36;808;951;487;464
36;721;974;499;475
36;634;1013;535;478
36;547;834;411;423
36;460;808;433;375
36;373;852;452;400
36;286;899;480;419
36;199;897;450;447
36;112;918;445;473
36;25;910;470;440
36;1505;802;429;373
36;1418;757;389;368
36;1331;797;402;395
36;1244;741;375;366
36;1157;785;424;361
36;1070;762;399;363
36;983;841;442;399
36;896;777;418;359
36;809;933;479;454
36;722;985;528;457
36;635;814;403;411
36;548;789;424;365
36;461;799;419;380
36;374;836;462;374
36;287;864;434;430
36;200;913;441;472
36;113;893;462;431
36;26;922;491;431
36;1506;706;357;349
36;1419;736;384;352
36;1332;703;359;344
36;1245;754;411;343
36;1158;745;391;354
36;1071;815;440;375
36;984;735;408;327
36;897;783;425;358
36;810;941;503;438
36;723;781;393;388
36;636;767;416;351
36;549;777;407;370
36;462;808;443;365
36;375;837;421;416
36;288;905;437;468
36;201;887;457;430
36;114;912;483;429
36;27;975;495;480
36;1507;682;367;315
36;1420;658;336;322
36;1333;738;400;338
36;1246;713;385;328
36;1159;782;433;349
36;1072;690;386;304
36;985;738;399;339
36;898;797;448;349
36;811;739;372;367
36;724;736;398;338
36;637;757;395;362
36;550;810;445;365
36;463;807;402;405
36;376;881;423;458
36;289;868;444;424
36;202;903;475;428
36;115;957;482;475
36;28;995;499;496
36;1508;625;327;298
36;1421;687;376;311
36;1334;693;371;322
36;1247;762;429;333
36;1160;661;372;289
36;1073;712;380;332
36;986;739;410;329
36;899;777;417;360
36;812;707;383;324
36;725;745;386;359
36;638;783;433;350
36;551;791;396;395
36;464;864;415;449
36;377;843;432;411
36;290;883;457;426
36;203;961;479;482
36;116;979;491;488
36;29;1060;548;512
36;1509;656;375;281
36;1422;656;347;309
36;1335;731;413;318
36;1248;637;368;269
36;1161;696;379;317
36;1074;716;398;318
36;987;749;399;350
36;900;743;402;341
36;813;722;377;345
36;726;759;420;339
36;639;786;393;393
36;552;837;402;435
36;465;829;427;402
36;378;876;455;421
36;291;950;466;484
36;204;966;486;480
36;117;1038;530;508
36;30;1033;516;517
36;1510;638;328;310
36;1423;670;374;296
36;1336;614;349;265
36;1249;678;363;315
36;1162;698;396;302
36;1075;712;382;330
36;988;719;397;322
36;901;728;388;340
36;814;748;412;336
36;727;771;383;388
36;640;818;396;422
36;553;822;424;398
36;466;858;448;410
36;379;925;455;470
36;292;959;482;477
36;205;1028;529;499
36;118;1011;508;503
36;31;1105;560;545
36;1511;642;367;275
36;1424;586;333;253
36;1337;650;344;306
36;1250;686;392;294
36;1163;694;379;315
36;1076;688;383;305
36;989;709;378;331
36;902;779;442;337
36;815;753;371;382
36;728;811;398;413
36;641;806;417;389
36;554;858;445;413
36;467;911;452;459
36;380;939;469;470
36;293;1006;517;489
36;206;1007;509;498
36;119;1083;551;532
36;32;1039;517;522
36;1512;570;323;247
36;1425;605;327;278
36;1338;670;387;283
36;1251;690;379;311
36;1164;661;370;291
36;1077;694;366;328
36;990;761;434;327
36;903;713;355;358
36;816;783;384;399
36;729;791;412;379
36;642;849;438;411
36;555;902;449;453
36;468;928;465;463
36;381;988;503;485
36;294;984;494;490
36;207;1066;540;526
36;120;1016;506;510
36;33;1058;515;543
36;1513;578;314;264
36;1426;624;372;252
36;1339;680;373;307
36;1252;652;371;281
36;1165;672;357;315
36;1078;749;427;322
36;991;690;347;343
36;904;764;374;390
36;817;774;406;368
36;730;844;434;410
36;643;887;442;445
36;556;912;455;457
36;469;962;487;475
36;382;963;481;482
36;295;1050;525;525
36;208;1008;502;506
36;121;1037;504;533
36;34;1136;537;599
36;1514;605;365;240
36;1427;638;351;287
36;1340;645;361;284
36;1253;666;354;312
36;1166;733;417;316
36;1079;673;338;335
36;992;747;369;378
36;905;764;392;372
36;818;830;421;409
36;731;879;440;439
36;644;896;449;447
36;557;945;472;473
36;470;943;476;467
36;383;1029;517;512
36;296;986;491;495
36;209;1030;500;530
36;122;1118;528;590
36;35;1086;532;554
36;1515;619;343;276
36;1428;610;338;272
36;1341;634;338;296
36;1254;731;419;312
36;1167;655;326;329
36;1080;725;358;367
36;993;750;389;361
36;906;760;400;360
36;819;854;428;426
36;732;877;439;438
36;645;925;460;465
36;558;921;464;457
36;471;1002;502;500
36;384;969;479;490
36;297;1014;490;524
36;210;1101;522;579
36;123;1074;523;551
36;36;1101;542;559
36;1516;605;342;263
36;1429;613;329;284
36;1342;721;416;305
36;1255;641;324;317
36;1168;707;347;360
36;1081;713;364;349
36;994;752;397;355
36;907;776;389;387
36;820;856;423;433
36;733;901;450;451
36;646;908;459;449
36;559;986;493;493
36;472;940;464;476
36;385;996;477;519
36;298;1087;509;578
36;211;1066;521;545
36;124;1084;537;547
36;37;1193;606;587
36;1517;600;329;271
36;1430;708;407;301
36;1343;622;317;305
36;1256;693;341;352
36;1169;706;360;346
36;1082;743;393;350
36;995;763;380;383
36;908;815;394;421
36;821;882;436;446
36;734;896;453;443
36;647;979;491;488
36;560;928;460;468
36;473;972;461;511
36;386;1063;493;570
36;299;1047;507;540
36;212;1066;527;539
36;125;1174;594;580
36;38;1177;587;590
36;1518;701;403;298
36;1431;614;311;303
36;1344;675;332;343
36;1257;703;359;344
36;1170;736;389;347
36;1083;744;366;378
36;996;806;393;413
36;909;845;419;426
36;822;877;441;436
36;735;972;487;485
36;648;914;452;462
36;561;948;445;503
36;474;1039;482;557
36;387;1021;493;528
36;300;1046;519;527
36;213;1162;588;574
36;126;1159;577;582
36;39;1181;582;599
36;1519;591;301;290
36;1432;659;325;334
36;1345;695;360;335
36;1258;726;385;341
36;1171;741;365;376
36;1084;792;389;403
36;997;826;405;421
36;910;824;401;423
36;823;948;469;479
36;736;901;447;454
36;649;931;435;496
36;562;1022;474;548
36;475;996;481;515
36;388;1032;516;516
36;301;1150;582;568
36;214;1147;570;577
36;127;1156;569;587
36;40;1296;650;646
36;1520;661;332;329
36;1433;676;348;328
36;1346;711;376;335
36;1259;733;357;376
36;1172;784;384;400
36;1085;815;399;416
36;998;815;399;416
36;911;971;491;480
36;824;875;431;444
36;737;921;433;488
36;650;1005;464;541
36;563;974;465;509
36;476;1011;502;509
36;389;1127;570;557
36;302;1132;558;574
36;215;1146;567;579
36;128;1276;638;638
36;41;1214;607;607
36;1521;668;345;323
36;1434;687;365;322
36;1347;716;346;370
36;1260;772;374;398
36;1173;804;394;410
36;1086;796;389;407
36;999;962;488;474
36;912;884;448;436
36;825;904;421;483
36;738;993;459;534
36;651;966;463;503
36;564;993;491;502
36;477;1106;558;548
36;390;1115;545;570
36;303;1127;554;573
36;216;1260;626;634
36;129;1198;597;601
36;42;1181;577;604
36;1522;682;363;319
36;1435;699;336;363
36;1348;769;370;399
36;1261;790;391;399
36;1174;788;384;404
36;1087;942;471;471
36;1000;876;448;428
36;913;919;453;466
36;826;972;447;525
36;739;949;454;495
36;652;971;475;496
36;565;1092;545;547
36;478;1092;536;556
36;391;1102;538;564
36;304;1242;619;623
36;217;1179;582;597
36;130;1165;573;592
36;43;1140;573;567
36;1523;685;332;353
36;1436;759;366;393
36;1349;771;377;394
36;1262;786;386;400
36;1175;927;462;465
36;1088;862;441;421
36;1001;907;447;460
36;914;964;448;516
36;827;933;446;487
36;740;967;474;493
36;653;1077;539;538
36;566;1071;524;547
36;479;1084;531;553
36;392;1222;609;613
36;305;1154;564;590
36;218;1143;557;586
36;131;1131;571;560
36;44;998;492;506
36;1524;746;359;387
36;1437;762;379;383
36;1350;780;377;403
36;1263;916;458;458
36;1176;860;438;422
36;1089;895;440;455
36;1002;943;442;501
36;915;930;448;482
36;828;947;463;484
36;741;1064;529;535
36;654;1047;511;536
36;567;1064;519;545
36;480;1200;595;605
36;393;1137;553;584
36;306;1127;544;583
36;219;1124;569;555
36;132;986;485;501
36;45;1008;469;539
36;1525;760;379;381
36;1438;763;375;388
36;1351;903;453;450
36;1264;849;428;421
36;1177;879;429;450
36;1090;919;432;487
36;1003;918;440;478
36;916;921;435;486
36;829;1044;516;528
36;742;1038;506;532
36;655;1046;507;539
36;568;1179;582;597
36;481;1125;554;571
36;394;1108;532;576
36;307;1111;560;551
36;220;970;474;496
36;133;991;460;531
36;46;999;476;523
36;1526;754;369;385
36;1439;890;445;445
36;1352;841;423;418
36;1265;876;424;452
36;1178;911;426;485
36;1091;908;430;478
36;1004;913;435;478
36;917;1021;501;520
36;830;1022;496;526
36;743;1036;499;537
36;656;1162;574;588
36;569;1108;542;566
36;482;1091;526;565
36;395;1090;551;539
36;308;958;465;493
36;221;977;453;524
36;134;973;463;510
36;47;872;438;434
36;1527;881;444;437
36;1440;824;410;414
36;1353;877;426;451
36;1266;898;419;479
36;1179;899;425;474
36;1092;903;431;472
36;1005;996;491;505
36;918;1023;499;524
36;831;1021;490;531
36;744;1152;565;587
36;657;1087;525;562
36;570;1073;516;557
36;483;1057;531;526
36;396;934;449;485
36;309;965;447;518
36;222;963;458;505
36;135;866;436;430
36;48;869;432;437
36;1528;814;407;407
36;1441;864;421;443
36;1354;899;421;478
36;1267;880;416;464
36;1180;893;422;471
36;1093;982;480;502
36;1006;1016;492;524
36;919;986;465;521
36;832;1129;549;580
36;745;1064;510;554
36;658;1064;513;551
36;571;1040;521;519
36;484;924;447;477
36;397;954;445;509
36;310;949;448;501
36;223;853;429;424
36;136;851;425;426
36;49;817;404;413
36;1529;839;406;433
36;1442;883;412;471
36;1355;866;407;459
36;1268;886;419;467
36;1181;973;477;496
36;1094;996;477;519
36;1007;967;452;515
36;920;1080;510;570
36;833;1050;502;548
36;746;1053;508;545
36;659;1031;516;515
36;572;911;443;468
36;485;934;437;497
36;398;932;439;493
36;311;838;418;420
36;224;834;415;419
36;137;803;396;407
36;50;814;403;411
36;1530;876;410;466
36;1443;856;402;454
36;1356;868;405;463
36;1269;970;470;500
36;1182;986;470;516
36;1095;943;438;505
36;1008;1060;498;562
36;921;1047;506;541
36;834;1033;496;537
36;747;1010;504;506
36;660;901;437;464
36;573;918;426;492
36;486;919;435;484
36;399;825;412;413
36;312;825;409;416
36;225;795;393;402
36;138;803;393;410
36;51;805;385;420
36;1531;849;399;450
36;1444;851;394;457
36;1357;948;457;491
36;1270;974;466;508
36;1183;935;432;503
36;1096;1038;482;556
36;1009;1037;500;537
36;922;1009;487;522
36;835;993;495;498
36;748;890;432;458
36;661;906;419;487
36;574;906;429;477
36;487;817;408;409
36;400;802;394;408
36;313;786;385;401
36;226;791;387;404
36;139;792;379;413
36;52;760;375;385
36;1532;846;393;453
36;1445;940;452;488
36;1358;970;462;508
36;1271;927;430;497
36;1184;1036;481;555
36;1097;1033;496;537
36;1010;993;483;510
36;923;968;491;477
36;836;872;419;453
36;749;894;411;483
36;662;888;417;471
36;575;803;399;404
36;488;787;384;403
36;401;775;377;398
36;314;771;375;396
36;227;785;373;412
36;140;758;376;382
36;53;640;314;326
36;1533;932;450;482
36;1446;950;454;496
36;1359;916;421;495
36;1272;1034;478;556
36;1185;1020;491;529
36;1098;971;470;501
36;1011;951;479;472
36;924;874;418;456
36;837;870;400;470
36;750;871;411;460
36;663;785;387;398
36;576;778;374;404
36;489;755;365;390
36;402;755;363;392
36;315;768;362;406
36;228;754;374;380
36;141;636;313;323
36;54;569;273;296
36;1534;928;445;483
36;1447;891;411;480
36;1360;1026;472;554
36;1273;1001;480;521
36;1186;962;461;501
36;1099;935;467;468
36;1012;868;414;454
36;925;860;393;467
36;838;858;400;458
36;751;772;383;389
36;664;759;363;396
36;577;743;357;386
36;490;746;362;384
36;403;759;356;403
36;316;743;369;374
36;229;627;307;320
36;142;558;269;289
36;55;558;256;302
36;1535;883;411;472
36;1448;1002;460;542
36;1361;984;466;518
36;1274;940;449;491
36;1187;917;458;459
36;1100;849;403;446
36;1013;854;390;464
36;926;854;387;467
36;839;751;369;382
36;752;743;351;392
36;665;723;345;378
36;578;725;350;375
36;491;741;345;396
36;404;734;363;371
36;317;616;298;318
36;230;549;263;286
36;143;545;249;296
36;56;687;303;384
36;1536;983;449;534
36;1449;968;453;515
36;1362;920;438;482
36;1275;901;448;453
36;1188;839;395;444
36;1101;842;384;458
36;1014;832;375;457
36;927;754;351;403
36;840;725;344;381
36;753;715;344;371
36;666;711;342;369
36;579;731;340;391
36;492;726;357;369
36;405;601;292;309
36;318;541;259;282
36;231;534;245;289
36;144;673;298;375
36;57;546;245;301
36;1537;957;445;512
36;1450;908;432;476
36;1363;892;437;455
36;1276;834;387;447
36;1189;830;377;453
36;1102;821;368;453
36;1015;733;334;399
36;928;703;313;390
36;841;698;333;365
36;754;694;331;363
36;667;711;330;381
36;580;708;342;366
36;493;586;281;305
36;406;534;252;282
36;319;515;232;283
36;232;671;295;376
36;145;535;240;295
36;58;694;324;370
36;1538;900;428;472
36;1451;886;435;451
36;1364;824;384;440
36;1277;813;367;446
36;1190;810;362;448
36;1103;729;331;398
36;1016;693;304;389
36;929;704;332;372
36;842;685;325;360
36;755;700;324;376
36;668;691;330;361
36;581;581;278;303
36;494;529;250;279
36;407;507;227;280
36;320;657;289;368
36;233;525;233;292
36;146;688;326;362
36;59;761;347;414
36;1539;881;429;452
36;1452;807;375;432
36;1365;803;358;445
36;1278;798;358;440
36;1191;724;324;400
36;1104;682;295;387
36;1017;695;326;369
36;930;673;305;368
36;843;689;322;367
36;756;679;322;357
36;669;567;267;300
36;582;519;244;275
36;495;502;228;274
36;408;643;280;363
36;321;514;226;288
36;234;681;322;359
36;147;755;343;412
36;60;693;303;390
36;1540;796;369;427
36;1453;787;352;435
36;1366;788;351;437
36;1279;712;314;398
36;1192;668;285;383
36;1105;682;313;369
36;1018;662;296;366
36;931;687;319;368
36;844;675;316;359
36;757;558;261;297
36;670;505;235;270
36;583;490;220;270
36;496;634;278;356
36;409;501;218;283
36;322;667;317;350
36;235;737;332;405
36;148;680;296;384
36;61;633;273;360
36;1541;776;346;430
36;1454;770;336;434
36;1367;705;311;394
36;1280;656;275;381
36;1193;671;303;368
36;1106;641;283;358
36;1019;667;306;361
36;932;669;309;360
36;845;548;255;293
36;758;497;228;269
36;671;477;210;267
36;584;622;272;350
36;497;493;213;280
36;410;653;307;346
36;323;714;317;397
36;236;668;287;381
36;149;631;273;358
36;62;607;260;347
36;1542;760;325;435
36;1455;692;306;386
36;1368;643;269;374
36;1281;656;290;366
36;1194;629;277;352
36;1107;658;301;357
36;1020;657;304;353
36;933;533;247;286
36;846;489;221;268
36;759;466;204;262
36;672;605;261;344
36;585;488;211;277
36;498;637;296;341
36;411;702;311;391
36;324;657;278;379
36;237;632;272;360
36;150;608;262;346
36;63;646;270;376
36;1543;680;301;379
36;1456;631;260;371
36;1369;642;281;361
36;1282;622;271;351
36;1195;641;292;349
36;1108;641;295;346
36;1021;525;241;284
36;934;496;226;270
36;847;452;194;258
36;760;587;249;338
36;673;478;204;274
36;586;626;291;335
36;499;693;307;386
36;412;646;268;378
36;325;619;262;357
36;238;594;253;341
36;151;640;265;375
36;64;627;236;391
36;1544;623;258;365
36;1457;631;269;362
36;1370;621;270;351
36;1283;626;284;342
36;1196;626;285;341
36;1109;511;232;279
36;1022;491;220;271
36;935;447;189;258
36;848;577;243;334
36;761;471;200;271
36;674;608;279;329
36;587;684;302;382
36;500;637;264;373
36;413;607;253;354
36;326;580;245;335
36;239;637;262;375
36;152;621;235;386
36;65;683;299;384
36;1545;619;263;356
36;1458;604;259;345
36;1371;610;271;339
36;1284;615;277;338
36;1197;506;227;279
36;1110;483;215;268
36;1023;442;186;256
36;936;583;245;338
36;849;455;191;264
36;762;587;265;322
36;675;660;282;378
36;588;625;254;371
36;501;594;245;349
36;414;561;232;329
36;327;630;257;373
36;240;623;236;387
36;153;668;287;381
36;66;638;278;360
36;1546;594;251;343
36;1459;592;263;329
36;1372;596;263;333
36;1285;489;220;269
36;1198;468;206;262
36;1111;429;174;255
36;1024;574;242;332
36;937;453;182;271
36;850;570;252;318
36;763;650;274;376
36;676;610;244;366
36;589;585;237;348
36;502;549;226;323
36;415;609;243;366
36;328;610;226;384
36;241;654;277;377
36;154;622;271;351
36;67;572;249;323
36;1547;582;256;326
36;1460;577;251;326
36;1373;480;213;267
36;1286;454;193;261
36;1199;421;168;253
36;1112;554;227;327
36;1025;440;173;267
36;938;564;237;327
36;851;627;262;365
36;764;595;237;358
36;677;567;227;340
36;590;532;214;318
36;503;590;232;358
36;416;587;212;375
36;329;644;268;376
36;242;618;270;348
36;155;561;246;315
36;68;670;274;396
36;1548;565;242;323
36;1461;470;207;263
36;1374;439;186;253
36;1287;408;160;248
36;1200;537;212;325
36;1113;434;163;271
36;1026;549;226;323
36;939;622;251;371
36;852;588;230;358
36;765;555;222;333
36;678;523;211;312
36;591;580;226;354
36;504;569;203;366
36;417;626;253;373
36;330;596;252;344
36;243;546;234;312
36;156;661;269;392
36;69;672;235;437
36;1549;464;204;260
36;1462;433;182;251
36;1375;401;156;245
36;1288;519;203;316
36;1201;422;151;271
36;1114;533;215;318
36;1027;599;234;365
36;940;574;212;362
36;853;540;214;326
36;766;510;204;306
36;679;566;221;345
36;592;555;193;362
36;505;609;244;365
36;418;575;240;335
36;331;534;226;308
36;244;645;264;381
36;157;658;225;433
36;70;617;258;359
36;1550;418;172;246
36;1463;394;153;241
36;1376;507;197;310
36;1289;409;141;268
36;1202;525;209;316
36;1115;582;229;353
36;1028;562;201;361
36;941;528;190;338
36;854;496;197;299
36;767;550;211;339
36;680;537;186;351
36;593;589;236;353
36;506;568;238;330
36;419;529;224;305
36;332;630;250;380
36;245;649;221;428
36;158;605;248;357
36;71;642;259;383
36;1551;381;143;238
36;1464;494;189;305
36;1377;398;131;267
36;1290;501;190;311
36;1203;566;221;345
36;1116;543;186;357
36;1029;508;182;326
36;942;489;187;302
36;855;537;211;326
36;768;523;184;339
36;681;573;224;349
36;594;547;225;322
36;507;506;205;301
36;420;607;240;367
36;333;635;211;424
36;246;595;238;357
36;159;623;246;377
36;72;593;231;362
36;1552;480;180;300
36;1465;393;128;265
36;1378;480;178;302
36;1291;551;208;343
36;1204;527;171;356
36;1117;499;177;322
36;1030;473;181;292
36;943;516;193;323
36;856;508;175;333
36;769;555;215;340
36;682;529;216;313
36;595;494;201;293
36;508;581;226;355
36;421;612;199;413
36;334;568;221;347
36;247;605;232;373
36;160;581;226;355
36;73;620;230;390
36;1553;383;119;264
36;1466;468;169;299
36;1379;537;199;338
36;1292;511;161;350
36;1205;475;162;313
36;1118;464;177;287
36;1031;497;185;312
36;944;509;176;333
36;857;540;208;332
36;770;522;209;313
36;683;476;191;285
36;596;551;211;340
36;509;588;185;403
36;422;548;210;338
36;335;593;225;368
36;248;558;207;351
36;161;606;223;383
36;74;474;163;311
36;1554;445;159;286
36;1467;519;187;332
36;1380;497;156;341
36;1293;452;153;299
36;1206;451;168;283
36;1119;483;176;307
36;1032;498;168;330
36;945;527;196;331
36;858;505;202;303
36;771;459;180;279
36;684;523;197;326
36;597;564;167;397
36;510;529;200;329
36;423;570;216;354
36;336;533;191;342
36;249;582;209;373
36;162;455;152;303
36;75;425;154;271
36;1555;501;177;324
36;1468;483;151;332
36;1381;437;146;291
36;1294;434;155;279
36;1207;477;169;308
36;1120;478;161;317
36;1033;507;185;322
36;946;492;192;300
36;859;444;174;270
36;772;501;188;313
36;685;535;150;385
36;598;509;186;323
36;511;556;211;345
36;424;505;175;330
36;337;570;204;366
36;250;445;147;298
36;163;417;152;265
36;76;400;117;283
36;1556;467;144;323
36;1469;419;136;283
36;1382;425;147;278
36;1295;460;165;295
36;1208;468;155;313
36;1121;484;172;312
36;1034;465;175;290
36;947;417;156;261
36;860;483;175;308
36;773;515;145;370
36;686;479;172;307
36;599;534;196;338
36;512;479;158;321
36;425;542;183;359
36;338;420;132;288
36;251;397;140;257
36;164;381;111;270
36;77;351;105;246
36;1557;400;124;276
36;1470;408;139;269
36;1383;436;153;283
36;1296;461;147;314
36;1209;472;169;303
36;1122;443;164;279
36;1035;408;150;258
36;948;473;164;309
36;861;494;135;359
36;774;459;164;295
36;687;511;187;324
36;600;453;151;302
36;513;517;172;345
36;426;407;128;279
36;339;379;128;251
36;252;358;100;258
36;165;336;101;235
36;78;322;107;215
36;1558;385;129;256
36;1471;415;141;274
36;1384;429;132;297
36;1297;459;161;298
36;1210;420;152;268
36;1123;388;139;249
36;1036;456;154;302
36;949;485;127;358
36;862;435;156;279
36;775;484;174;310
36;688;418;136;282
36;601;494;166;328
36;514;391;121;270
36;427;357;116;241
36;340;338;93;245
36;253;316;91;225
36;166;313;101;212
36;79;342;101;241
36;1559;382;128;254
36;1472;402;118;284
36;1385;440;150;290
36;1298;396;136;260
36;1211;358;130;228
36;1124;424;134;290
36;1037;452;117;335
36;950;410;144;266
36;863;455;159;296
36;776;394;121;273
36;689;467;150;317
36;602;368;113;255
36;515;332;103;229
36;428;312;80;232
36;341;297;83;214
36;254;291;90;201
36;167;324;93;231
36;80;255;69;186
36;1560;376;111;265
36;1473;412;134;278
36;1386;375;125;250
36;1299;334;118;216
36;1212;394;122;272
36;1125;433;107;326
36;1038;390;136;254
36;951;428;141;287
36;864;366;107;259
36;777;433;137;296
36;690;340;104;236
36;603;311;98;213
36;516;295;74;221
36;429;285;80;205
36;342;271;79;192
36;255;304;84;220
36;168;241;68;173
36;81;210;66;144
36;1561;377;116;261
36;1474;355;113;242
36;1387;305;105;200
36;1300;368;115;253
36;1213;403;95;308
36;1126;369;125;244
36;1039;398;127;271
36;952;363;105;258
36;865;412;127;285
36;778;325;97;228
36;691;296;88;208
36;604;278;67;211
36;517;272;75;197
36;430;250;71;179
36;343;288;77;211
36;256;227;63;164
36;169;189;55;134
36;82;185;45;140
36;1562;330;109;221
36;1475;285;96;189
36;1388;352;107;245
36;1301;380;90;290
36;1214;332;109;223
36;1127;377;115;262
36;1040;334;93;241
36;953;367;108;259
36;866;298;86;212
36;779;274;82;192
36;692;255;61;194
36;605;255;67;188
36;518;224;62;162
36;431;269;70;199
36;344;217;58;159
36;257;168;45;123
36;170;169;43;126
36;83;180;55;125
36;1563;266;87;179
36;1476;329;99;230
36;1389;352;81;271
36;1302;300;95;205
36;1215;335;98;237
36;1128;309;85;224
36;1041;334;97;237
36;954;272;69;203
36;867;251;72;179
36;780;243;56;187
36;693;242;65;177
36;606;208;59;149
36;519;243;61;182
36;432;197;53;144
36;345;159;41;118
36;258;158;36;122
36;171;163;52;111
36;84;148;38;110
36;1564;298;88;210
36;1477;322;70;252
36;1390;271;80;191
36;1303;300;87;213
36;1216;278;68;210
36;1129;303;89;214
36;1042;243;60;183
36;955;236;63;173
36;868;221;49;172
36;781;218;54;164
36;694;187;55;132
36;607;210;53;157
36;520;190;46;144
36;433;136;34;102
36;346;134;29;105
36;259;151;46;105
36;172;137;35;102
36;85;129;35;94
36;1565;1476;320;1156
36;1478;1378;315;1063
36;1391;1334;305;1029
36;1304;1271;278;993
36;1217;1204;271;933
36;1130;1108;240;868
36;1043;1054;235;819
36;956;987;213;774
36;869;910;201;709
36;782;879;202;677
36;695;832;192;640
36;608;762;174;588
36;521;721;160;561
36;434;715;163;552
36;347;723;182;541
36;260;706;181;525
36;173;710;197;513
36;86;715;189;526
36;1566;54600;25903;28697
36;1479;55757;26377;29380
36;1392;57103;27026;30077
36;1305;58027;27533;30494
36;1218;58695;27823;30872
36;1131;59483;28242;31241
36;1044;60459;28770;31689
36;957;61527;29223;32304
36;870;63492;30161;33331
36;783;64496;30664;33832
36;696;65110;30920;34190
36;609;65986;31341;34645
36;522;66757;31731;35026
36;435;68023;32282;35741
36;348;69088;32853;36235
36;261;69789;33314;36475
36;174;70275;33559;36716
36;87;70910;33835;37075
37;1480;511;262;249
37;1393;565;288;277
37;1306;621;301;320
37;1219;572;285;287
37;1132;597;307;290
37;1045;650;331;319
37;958;654;341;313
37;871;577;300;277
37;784;620;328;292
37;697;687;388;299
37;610;608;302;306
37;523;616;289;327
37;436;598;324;274
37;349;647;321;326
37;262;637;326;311
37;175;642;335;307
37;88;679;349;330
37;1;772;385;387
37;1481;556;285;271
37;1394;620;295;325
37;1307;574;283;291
37;1220;598;306;292
37;1133;660;338;322
37;1046;647;333;314
37;959;579;302;277
37;872;590;309;281
37;785;674;381;293
37;698;598;296;302
37;611;615;291;324
37;524;591;319;272
37;437;633;314;319
37;350;631;327;304
37;263;635;331;304
37;176;667;341;326
37;89;756;376;380
37;2;843;458;385
37;1482;607;294;313
37;1395;559;278;281
37;1308;599;306;293
37;1221;661;337;324
37;1134;635;323;312
37;1047;576;296;280
37;960;581;302;279
37;873;638;356;282
37;786;582;288;294
37;699;615;291;324
37;612;587;313;274
37;525;624;311;313
37;438;617;318;299
37;351;628;327;301
37;264;663;338;325
37;177;743;366;377
37;90;844;458;386
37;3;849;436;413
37;1483;566;286;280
37;1396;584;299;285
37;1309;649;330;319
37;1222;634;325;309
37;1135;570;294;276
37;1048;574;299;275
37;961;617;344;273
37;874;553;271;282
37;787;608;291;317
37;700;585;312;273
37;613;626;311;315
37;526;613;316;297
37;439;617;323;294
37;352;658;337;321
37;265;739;366;373
37;178;837;455;382
37;91;836;430;406
37;4;824;437;387
37;1484;583;295;288
37;1397;634;323;311
37;1310;635;328;307
37;1223;571;297;274
37;1136;577;299;278
37;1049;609;345;264
37;962;543;264;279
37;875;580;276;304
37;788;580;308;272
37;701;623;309;314
37;614;607;314;293
37;527;607;317;290
37;440;645;331;314
37;353;726;361;365
37;266;829;448;381
37;179;832;427;405
37;92;822;435;387
37;5;880;473;407
37;1485;627;318;309
37;1398;622;319;303
37;1311;568;297;271
37;1224;569;292;277
37;1137;614;350;264
37;1050;538;258;280
37;963;576;275;301
37;876;557;297;260
37;789;615;306;309
37;702;603;313;290
37;615;600;316;284
37;528;634;325;309
37;441;716;359;357
37;354;824;445;379
37;267;819;423;396
37;180;814;432;382
37;93;881;472;409
37;6;952;472;480
37;1486;609;315;294
37;1399;558;293;265
37;1312;566;292;274
37;1225;603;348;255
37;1138;535;259;276
37;1051;566;267;299
37;964;549;291;258
37;877;605;291;314
37;790;599;311;288
37;703;600;316;284
37;616;627;325;302
37;529;709;360;349
37;442;815;444;371
37;355;806;417;389
37;268;812;432;380
37;181;870;467;403
37;94;949;474;475
37;7;931;459;472
37;1487;552;290;262
37;1400;549;283;266
37;1313;599;344;255
37;1226;533;256;277
37;1139;560;268;292
37;1052;542;289;253
37;965;603;290;313
37;878;581;300;281
37;791;592;311;281
37;704;625;321;304
37;617;696;350;346
37;530;811;442;369
37;443;796;413;383
37;356;802;425;377
37;269;866;464;402
37;182;941;472;469
37;95;928;458;470
37;8;1046;544;502
37;1488;548;284;264
37;1401;583;336;247
37;1314;533;255;278
37;1227;568;270;298
37;1140;534;285;249
37;1053;590;284;306
37;966;576;301;275
37;879;595;307;288
37;792;614;316;298
37;705;690;349;341
37;618;801;434;367
37;531;788;405;383
37;444;793;419;374
37;357;862;461;401
37;270;936;468;468
37;183;924;455;469
37;96;1037;538;499
37;9;1275;633;642
37;1489;575;334;241
37;1402;529;253;276
37;1315;559;268;291
37;1228;530;286;244
37;1141;591;285;306
37;1054;574;298;276
37;967;591;305;286
37;880;601;314;287
37;793;687;346;341
37;706;795;429;366
37;619;789;408;381
37;532;783;414;369
37;445;854;458;396
37;358;933;468;465
37;271;917;451;466
37;184;1037;537;500
37;97;1268;626;642
37;10;1163;566;597
37;1490;522;251;271
37;1403;542;261;281
37;1316;527;285;242
37;1229;587;285;302
37;1142;566;293;273
37;1055;585;302;283
37;968;606;314;292
37;881;690;352;338
37;794;785;423;362
37;707;788;406;382
37;620;773;410;363
37;533;850;458;392
37;446;922;460;462
37;359;908;448;460
37;272;1028;536;492
37;185;1255;622;633
37;98;1164;565;599
37;11;1156;626;530
37;1491;534;256;278
37;1404;513;277;236
37;1317;580;277;303
37;1230;556;287;269
37;1143;579;301;278
37;1056;591;307;284
37;969;677;344;333
37;882;777;410;367
37;795;780;401;379
37;708;771;407;364
37;621;848;458;390
37;534;925;461;464
37;447;898;442;456
37;360;1018;533;485
37;273;1238;613;625
37;186;1154;563;591
37;99;1147;621;526
37;12;1198;598;600
37;1492;507;276;231
37;1405;566;272;294
37;1318;547;284;263
37;1231;578;299;279
37;1144;583;302;281
37;1057;672;341;331
37;970;766;402;364
37;883;773;405;368
37;796;769;405;364
37;709;843;458;385
37;622;912;451;461
37;535;895;444;451
37;448;1014;531;483
37;361;1229;611;618
37;274;1140;557;583
37;187;1127;612;515
37;100;1191;596;595
37;13;1175;587;588
37;1493;559;272;287
37;1406;534;273;261
37;1319;573;296;277
37;1232;583;304;279
37;1145;667;337;330
37;1058;766;401;365
37;971;766;400;366
37;884;748;388;360
37;797;840;452;388
37;710;907;450;457
37;623;886;440;446
37;536;1011;530;481
37;449;1206;597;609
37;362;1126;552;574
37;275;1106;606;500
37;188;1165;582;583
37;101;1150;575;575
37;14;1170;607;563
37;1494;533;272;261
37;1407;554;285;269
37;1320;574;301;273
37;1233;657;335;322
37;1146;759;397;362
37;1059;767;399;368
37;972;736;376;360
37;885;834;445;389
37;798;906;451;455
37;711;880;439;441
37;624;1006;532;474
37;537;1195;593;602
37;450;1108;541;567
37;363;1091;601;490
37;276;1145;575;570
37;189;1135;567;568
37;102;1150;593;557
37;15;1213;626;587
37;1495;548;281;267
37;1408;564;296;268
37;1321;651;333;318
37;1234;755;396;359
37;1147;764;396;368
37;1060;727;371;356
37;973;823;441;382
37;886;889;434;455
37;799;875;435;440
37;712;997;527;470
37;625;1188;593;595
37;538;1097;538;559
37;451;1058;583;475
37;364;1130;566;564
37;277;1116;562;554
37;190;1130;580;550
37;103;1194;617;577
37;16;1223;643;580
37;1496;555;291;264
37;1409;639;325;314
37;1322;751;394;357
37;1235;758;395;363
37;1148;722;368;354
37;1061;817;438;379
37;974;878;432;446
37;887;863;432;431
37;800;995;522;473
37;713;1178;587;591
37;626;1084;530;554
37;539;1048;579;469
37;452;1090;544;546
37;365;1096;555;541
37;278;1114;573;541
37;191;1173;605;568
37;104;1211;638;573
37;17;1252;637;615
37;1497;638;323;315
37;1410;744;392;352
37;1323;761;398;363
37;1236;715;363;352
37;1149;815;436;379
37;1062;868;429;439
37;975;853;426;427
37;888;1001;521;480
37;801;1172;584;588
37;714;1072;526;546
37;627;1032;570;462
37;540;1075;538;537
37;453;1063;537;526
37;366;1090;561;529
37;279;1160;601;559
37;192;1190;625;565
37;105;1239;628;611
37;18;1214;607;607
37;1498;725;381;344
37;1411;751;391;360
37;1324;709;361;348
37;1237;798;430;368
37;1150;862;426;436
37;1063;836;417;419
37;976;993;515;478
37;889;1129;564;565
37;802;1056;520;536
37;715;1017;563;454
37;628;1055;528;527
37;541;1044;525;519
37;454;1053;540;513
37;367;1122;581;541
37;280;1167;615;552
37;193;1228;624;604
37;106;1178;588;590
37;19;976;523;453
37;1499;699;368;331
37;1412;666;340;326
37;1325;786;426;360
37;1238;838;413;425
37;1151;819;411;408
37;1064;955;500;455
37;977;1081;544;537
37;890;868;448;420
37;803;1003;552;451
37;716;1041;521;520
37;629;1024;515;509
37;542;1032;527;505
37;455;1067;550;517
37;368;1123;590;533
37;281;1199;613;586
37;194;1161;584;577
37;107;953;505;448
37;20;846;499;347
37;1500;624;312;312
37;1413;761;417;344
37;1326;817;403;414
37;1239;797;404;393
37;1152;925;483;442
37;1065;1063;538;525
37;978;841;435;406
37;891;834;462;372
37;804;1012;512;500
37;717;1009;506;503
37;630;1005;513;492
37;543;1033;538;495
37;456;1066;561;505
37;369;1152;591;561
37;282;1134;573;561
37;195;943;501;442
37;108;831;488;343
37;21;849;441;408
37;1501;734;404;330
37;1414;780;387;393
37;1327;777;392;385
37;1240;912;472;440
37;1153;1017;517;500
37;1066;832;420;412
37;979;815;453;362
37;892;785;412;373
37;805;977;488;489
37;718;989;503;486
37;631;1005;523;482
37;544;1033;541;492
37;457;1067;550;517
37;370;1092;557;535
37;283;920;489;431
37;196;832;484;348
37;109;837;432;405
37;22;883;482;401
37;1502;717;361;356
37;1415;739;377;362
37;1328;878;457;421
37;1241;982;494;488
37;1154;799;411;388
37;1067;781;439;342
37;980;749;391;358
37;893;761;398;363
37;806;941;486;455
37;719;988;515;473
37;632;1004;525;479
37;545;1031;529;502
37;458;1025;529;496
37;371;884;470;414
37;284;825;478;347
37;197;835;424;411
37;110;883;472;411
37;23;915;480;435
37;1503;676;343;333
37;1416;821;425;396
37;1329;944;489;455
37;1242;758;400;358
37;1155;739;418;321
37;1068;722;383;339
37;981;710;383;327
37;894;761;412;349
37;807;947;493;454
37;720;977;513;464
37;633;1006;522;484
37;546;985;511;474
37;459;843;450;393
37;372;779;456;323
37;285;821;419;402
37;198;879;471;408
37;111;897;468;429
37;24;961;493;468
37;1504;757;396;361
37;1417;877;465;412
37;1330;723;380;343
37;1243;693;396;297
37;1156;692;376;316
37;1069;684;372;312
37;982;714;396;318
37;895;747;397;350
37;808;930;491;439
37;721;993;516;477
37;634;954;491;463
37;547;822;437;385
37;460;730;432;298
37;373;808;420;388
37;286;871;455;416
37;199;904;468;436
37;112;956;495;461
37;25;931;482;449
37;1505;821;445;376
37;1418;673;357;316
37;1331;666;373;293
37;1244;640;358;282
37;1157;667;362;305
37;1070;693;385;308
37;983;693;372;321
37;896;681;354;327
37;809;944;492;452
37;722;932;476;456
37;635;795;424;371
37;548;693;415;278
37;461;750;392;358
37;374;837;440;397
37;287;892;452;440
37;200;958;497;461
37;113;928;480;448
37;26;939;443;496
37;1506;612;326;286
37;1419;606;349;257
37;1332;593;339;254
37;1245;647;350;297
37;1158;672;379;293
37;1071;667;363;304
37;984;632;320;312
37;897;692;367;325
37;810;894;457;437
37;723;776;417;359
37;636;664;399;265
37;549;725;377;348
37;462;787;414;373
37;375;869;446;423
37;288;936;485;451
37;201;934;485;449
37;114;926;437;489
37;27;949;450;499
37;1507;539;316;223
37;1420;536;312;224
37;1333;619;337;282
37;1246;639;365;274
37;1159;631;340;291
37;1072;612;316;296
37;985;647;341;306
37;898;650;358;292
37;811;737;394;343
37;724;630;382;248
37;637;704;368;336
37;550;773;402;371
37;463;839;424;415
37;376;908;478;430
37;289;924;474;450
37;202;911;427;484
37;115;934;440;494
37;28;954;458;496
37;1508;495;296;199
37;1421;569;310;259
37;1334;614;343;271
37;1247;621;337;284
37;1160;606;310;296
37;1073;609;329;280
37;986;602;335;267
37;899;651;335;316
37;812;596;360;236
37;725;692;372;320
37;638;761;395;366
37;551;828;416;412
37;464;880;461;419
37;377;905;467;438
37;290;898;419;479
37;203;933;442;491
37;116;942;450;492
37;29;976;497;479
37;1509;530;282;248
37;1422;553;320;233
37;1335;592;325;267
37;1248;593;302;291
37;1161;592;317;275
37;1074;570;313;257
37;987;622;317;305
37;900;617;333;284
37;813;663;361;302
37;726;752;389;363
37;639;825;423;402
37;552;856;448;408
37;465;881;451;430
37;378;889;417;472
37;291;928;439;489
37;204;947;453;494
37;117;963;487;476
37;30;1033;503;530
37;1510;509;292;217
37;1423;545;295;250
37;1336;573;290;283
37;1249;569;299;270
37;1162;551;300;251
37;1075;580;297;283
37;988;591;320;271
37;901;663;318;345
37;814;731;376;355
37;727;802;407;395
37;640;844;447;397
37;553;865;435;430
37;466;885;413;472
37;379;916;431;485
37;292;930;441;489
37;205;951;478;473
37;118;1020;495;525
37;31;1077;524;553
37;1511;530;288;242
37;1424;525;262;263
37;1337;553;292;261
37;1250;533;296;237
37;1163;590;304;286
37;1076;579;307;272
37;989;642;301;341
37;902;687;342;345
37;815;779;399;380
37;728;827;434;393
37;641;847;426;421
37;554;874;409;465
37;467;887;421;466
37;380;909;431;478
37;293;934;469;465
37;206;1009;488;521
37;119;1064;514;550
37;32;1010;510;500
37;1512;512;248;264
37;1425;515;271;244
37;1338;518;289;229
37;1251;571;295;276
37;1164;580;303;277
37;1077;630;300;330
37;990;650;326;324
37;903;690;327;363
37;816;810;428;382
37;729;838;422;416
37;642;856;399;457
37;555;872;411;461
37;468;888;421;467
37;381;910;452;458
37;294;983;476;507
37;207;1059;512;547
37;120;992;499;493
37;33;948;437;511
37;1513;495;260;235
37;1426;463;257;206
37;1339;559;287;272
37;1252;583;308;275
37;1165;613;288;325
37;1078;637;317;320
37;991;667;313;354
37;904;714;367;347
37;817;819;410;409
37;730;850;392;458
37;643;866;405;461
37;556;888;422;466
37;469;895;445;450
37;382;970;471;499
37;295;1054;511;543
37;208;988;500;488
37;121;937;432;505
37;34;996;482;514
37;1514;447;244;203
37;1427;519;265;254
37;1340;576;306;270
37;1253;618;295;323
37;1166;638;320;318
37;1079;651;306;345
37;992;696;352;344
37;905;783;388;395
37;818;824;376;448
37;731;857;401;456
37;644;872;411;461
37;557;882;436;446
37;470;944;456;488
37;383;1025;496;529
37;296;974;493;481
37;209;921;430;491
37;122;985;473;512
37;35;996;494;502
37;1515;490;250;240
37;1428;549;287;262
37;1341;598;280;318
37;1254;628;312;316
37;1167;630;300;330
37;1080;676;345;331
37;993;750;373;377
37;906;761;353;408
37;819;836;387;449
37;732;855;398;457
37;645;876;434;442
37;558;932;453;479
37;471;996;482;514
37;384;955;482;473
37;297;913;425;488
37;210;972;464;508
37;123;984;487;497
37;36;980;467;513
37;1516;535;285;250
37;1429;587;276;311
37;1342;617;305;312
37;1255;621;294;327
37;1168;664;338;326
37;1081;735;364;371
37;994;741;349;392
37;907;834;384;450
37;820;833;388;445
37;733;871;432;439
37;646;904;433;471
37;559;975;470;505
37;472;934;470;464
37;385;886;409;477
37;298;961;456;505
37;211;975;481;494
37;124;968;460;508
37;37;1053;523;530
37;1517;575;267;308
37;1430;593;289;304
37;1343;620;295;325
37;1256;659;334;325
37;1169;719;350;369
37;1082;722;339;383
37;995;819;377;442
37;908;833;392;441
37;821;852;415;437
37;734;896;426;470
37;647;959;459;500
37;560;925;464;461
37;473;864;394;470
37;386;946;451;495
37;299;962;475;487
37;212;963;459;504
37;125;1035;511;524
37;38;1077;500;577
37;1518;568;275;293
37;1431;592;281;311
37;1344;639;324;315
37;1257;712;346;366
37;1170;716;337;379
37;1083;816;373;443
37;996;818;382;436
37;909;856;423;433
37;822;881;415;466
37;735;939;446;493
37;648;916;458;458
37;561;846;381;465
37;474;929;443;486
37;387;952;470;482
37;300;944;446;498
37;213;1024;506;518
37;126;1059;489;570
37;39;1153;592;561
37;1519;578;278;300
37;1432;622;318;304
37;1345;705;345;360
37;1258;708;330;378
37;1171;801;364;437
37;1084;820;385;435
37;997;839;410;429
37;910;916;449;467
37;823;930;441;489
37;736;909;456;453
37;649;833;375;458
37;562;907;429;478
37;475;928;457;471
37;388;923;430;493
37;301;1007;501;506
37;214;1051;484;567
37;127;1135;581;554
37;40;1228;590;638
37;1520;604;304;300
37;1433;683;341;342
37;1346;713;333;380
37;1259;792;359;433
37;1172;813;380;433
37;1085;826;403;423
37;998;904;450;454
37;911;931;446;485
37;824;890;442;448
37;737;830;374;456
37;650;895;420;475
37;563;916;452;464
37;476;902;419;483
37;389;983;485;498
37;302;1027;474;553
37;215;1127;573;554
37;128;1202;573;629
37;41;1138;551;587
37;1521;667;337;330
37;1434;694;321;373
37;1347;787;356;431
37;1260;815;381;434
37;1173;808;390;418
37;1086;903;448;455
37;999;917;439;478
37;912;888;437;451
37;825;813;363;450
37;738;886;415;471
37;651;919;457;462
37;564;894;415;479
37;477;963;474;489
37;390;999;458;541
37;303;1103;560;543
37;216;1190;569;621
37;129;1124;542;582
37;42;1138;525;613
37;1522;687;320;367
37;1435;779;355;424
37;1348;794;371;423
37;1261;803;386;417
37;1174;900;449;451
37;1087;910;434;476
37;1000;870;427;443
37;913;859;391;468
37;826;873;404;469
37;739;907;451;456
37;652;879;408;471
37;565;947;462;485
37;478;974;442;532
37;391;1082;551;531
37;304;1181;564;617
37;217;1117;538;579
37;130;1125;521;604
37;43;1095;489;606
37;1523;765;348;417
37;1436;779;362;417
37;1349;794;379;415
37;1262;897;452;445
37;1175;899;427;472
37;1088;852;421;431
37;1001;837;380;457
37;914;879;403;476
37;827;890;439;451
37;740;868;401;467
37;653;923;446;477
37;566;959;438;521
37;479;1066;543;523
37;392;1156;548;608
37;305;1103;529;574
37;218;1115;518;597
37;131;1084;487;597
37;44;1009;492;517
37;1524;772;356;416
37;1437;780;370;410
37;1350;884;446;438
37;1263;897;430;467
37;1176;834;409;425
37;1089;831;374;457
37;1002;869;398;471
37;915;904;440;464
37;828;856;394;462
37;741;919;444;475
37;654;935;424;511
37;567;1040;522;518
37;480;1136;536;600
37;393;1086;520;566
37;306;1088;499;589
37;219;1084;493;591
37;132;991;483;508
37;45;958;451;507
37;1525;772;366;406
37;1438;867;439;428
37;1351;877;419;458
37;1264;826;404;422
37;1177;826;370;456
37;1090;859;394;465
37;1003;888;432;456
37;916;839;393;446
37;829;881;416;465
37;742;921;416;505
37;655;1019;505;514
37;568;1113;527;586
37;481;1066;512;554
37;394;1068;492;576
37;307;1075;493;582
37;220;979;477;502
37;133;940;444;496
37;46;963;458;505
37;1526;849;428;421
37;1439;855;408;447
37;1352;817;402;415
37;1265;826;375;451
37;1178;853;389;464
37;1091;874;425;449
37;1004;821;381;440
37;917;909;423;486
37;830;904;406;498
37;743;1007;501;506
37;656;1087;512;575
37;569;1062;509;553
37;482;1045;475;570
37;395;1066;489;577
37;308;958;462;496
37;221;934;442;492
37;134;942;443;499
37;47;808;373;435
37;1527;848;406;442
37;1440;802;395;407
37;1353;816;368;448
37;1266;844;385;459
37;1179;870;423;447
37;1092;813;377;436
37;1005;905;421;484
37;918;908;413;495
37;831;993;493;500
37;744;1072;503;569
37;657;1038;496;542
37;570;1027;471;556
37;483;1058;485;573
37;396;939;454;485
37;309;917;433;484
37;222;919;434;485
37;135;798;368;430
37;48;807;398;409
37;1528;789;386;403
37;1441;806;366;440
37;1354;837;381;456
37;1267;864;418;446
37;1180;806;372;434
37;1093;889;412;477
37;1006;902;412;490
37;919;990;491;499
37;832;1061;497;564
37;745;1025;488;537
37;658;1009;456;553
37;571;1040;472;568
37;484;918;441;477
37;397;903;425;478
37;310;904;424;480
37;223;785;363;422
37;136;789;389;400
37;49;820;385;435
37;1529;789;354;435
37;1442;825;375;450
37;1355;860;416;444
37;1268;803;373;430
37;1181;891;412;479
37;1094;890;404;486
37;1007;986;491;495
37;920;1041;491;550
37;833;1008;479;529
37;746;994;444;550
37;659;1027;466;561
37;572;907;433;474
37;485;888;414;474
37;398;887;415;472
37;311;772;358;414
37;224;780;381;399
37;137;796;375;421
37;50;781;356;425
37;1530;818;370;448
37;1443;846;409;437
37;1356;800;369;431
37;1269;883;406;477
37;1182;883;403;480
37;1095;979;489;490
37;1008;1022;482;540
37;921;1010;474;536
37;834;986;439;547
37;747;1014;458;556
37;660;895;424;471
37;573;868;406;462
37;486;875;407;468
37;399;757;348;409
37;312;763;370;393
37;225;794;376;418
37;138;766;345;421
37;51;813;410;403
37;1531;841;406;435
37;1444;780;361;419
37;1357;870;399;471
37;1270;874;397;477
37;1183;957;477;480
37;1096;1023;488;535
37;1009;993;464;529
37;922;988;442;546
37;835;999;453;546
37;748;873;406;467
37;661;853;392;461
37;574;863;399;464
37;487;752;346;406
37;400;749;363;386
37;313;782;369;413
37;226;758;344;414
37;139;801;400;401
37;52;762;358;404
37;1532;767;353;414
37;1445;864;399;465
37;1358;870;396;474
37;1271;940;469;471
37;1184;1014;484;530
37;1097;989;465;524
37;1010;965;426;539
37;923;1001;448;553
37;836;858;397;461
37;749;840;383;457
37;662;847;388;459
37;575;740;336;404
37;488;736;356;380
37;401;762;355;407
37;314;744;336;408
37;227;786;393;393
37;140;750;349;401
37;53;708;332;376
37;1533;858;396;462
37;1446;856;390;466
37;1359;927;457;470
37;1272;995;470;525
37;1185;969;454;515
37;1098;954;420;534
37;1011;985;437;548
37;924;884;420;464
37;837;825;373;452
37;750;837;382;455
37;663;725;328;397
37;576;717;344;373
37;489;756;351;405
37;402;732;329;403
37;315;764;380;384
37;228;749;351;398
37;141;701;329;372
37;54;628;285;343
37;1534;841;377;464
37;1447;916;450;466
37;1360;984;463;521
37;1273;961;448;513
37;1186;941;415;526
37;1099;965;423;542
37;1012;881;417;464
37;925;814;372;442
37;838;820;371;449
37;751;705;317;388
37;664;713;342;371
37;577;744;345;399
37;490;726;334;392
37;403;759;375;384
37;316;738;345;393
37;229;690;319;371
37;142;608;274;334
37;55;598;258;340
37;1535;899;440;459
37;1448;962;452;510
37;1361;947;439;508
37;1274;935;412;523
37;1187;947;410;537
37;1100;875;415;460
37;1013;796;359;437
37;926;853;401;452
37;839;692;310;382
37;752;706;341;365
37;665;720;329;391
37;578;701;314;387
37;491;752;370;382
37;404;724;332;392
37;317;678;315;363
37;230;599;267;332
37;143;579;248;331
37;56;640;271;369
37;1536;951;446;505
37;1449;931;426;505
37;1362;919;405;514
37;1275;941;407;534
37;1188;860;406;454
37;1101;777;348;429
37;1014;839;394;445
37;927;694;319;375
37;840;683;327;356
37;753;706;321;385
37;666;681;299;382
37;579;739;361;378
37;492;705;321;384
37;405;673;308;365
37;318;588;259;329
37;231;565;239;326
37;144;621;264;357
37;57;513;202;311
37;1537;919;415;504
37;1450;901;393;508
37;1363;936;402;534
37;1276;855;401;454
37;1189;762;337;425
37;1102;825;386;439
37;1015;690;317;373
37;928;677;324;353
37;841;693;310;383
37;754;671;290;381
37;667;724;351;373
37;580;689;312;377
37;493;666;301;365
37;406;575;249;326
37;319;548;227;321
37;232;613;256;357
37;145;498;195;303
37;58;575;249;326
37;1538;888;384;504
37;1451;926;398;528
37;1364;847;398;449
37;1277;753;331;422
37;1190;812;375;437
37;1103;672;304;368
37;1016;664;315;349
37;929;713;332;381
37;842;660;286;374
37;755;714;345;369
37;668;679;306;373
37;581;657;296;361
37;494;568;250;318
37;407;542;224;318
37;320;599;247;352
37;233;491;192;299
37;146;556;237;319
37;59;622;280;342
37;1539;911;391;520
37;1452;837;391;446
37;1365;743;325;418
37;1278;800;369;431
37;1191;663;297;366
37;1104;656;309;347
37;1017;701;323;378
37;930;671;294;377
37;843;702;337;365
37;756;665;299;366
37;669;642;285;357
37;582;551;236;315
37;495;531;219;312
37;408;587;241;346
37;321;480;185;295
37;234;547;230;317
37;147;605;272;333
37;60;651;286;365
37;1540;820;384;436
37;1453;729;314;415
37;1366;790;365;425
37;1279;650;288;362
37;1192;653;307;346
37;1105;693;317;376
37;1018;659;282;377
37;931;690;326;364
37;844;651;292;359
37;757;624;273;351
37;670;537;225;312
37;583;520;213;307
37;496;582;236;346
37;409;472;181;291
37;322;532;222;310
37;235;585;260;325
37;148;642;280;362
37;61;533;233;300
37;1541;722;310;412
37;1454;775;355;420
37;1367;644;282;362
37;1280;642;303;339
37;1193;683;309;374
37;1106;651;278;373
37;1019;675;312;363
37;932;660;290;370
37;845;608;265;343
37;758;533;222;311
37;671;508;204;304
37;584;564;224;340
37;497;463;175;288
37;410;517;218;299
37;323;569;248;321
37;236;630;273;357
37;149;532;233;299
37;62;497;191;306
37;1542;775;356;419
37;1455;632;271;361
37;1368;631;294;337
37;1281;674;306;368
37;1194;637;269;368
37;1107;664;304;360
37;1020;646;280;366
37;933;644;284;360
37;846;517;209;308
37;759;493;194;299
37;672;548;218;330
37;585;455;170;285
37;498;502;205;297
37;411;557;241;316
37;324;622;267;355
37;237;518;224;294
37;150;491;187;304
37;63;527;233;294
37;1543;625;265;360
37;1456;615;280;335
37;1369;662;298;364
37;1282;623;261;362
37;1195;651;296;355
37;1108;635;273;362
37;1021;631;273;358
37;934;531;222;309
37;847;483;188;295
37;760;536;210;326
37;673;438;160;278
37;586;483;192;291
37;499;535;221;314
37;412;603;257;346
37;325;513;219;294
37;238;483;180;303
37;151;521;231;290
37;64;520;209;311
37;1544;596;268;328
37;1457;645;283;362
37;1370;613;253;360
37;1283;637;281;356
37;1196;625;264;361
37;1109;621;266;355
37;1022;517;212;305
37;935;502;208;294
37;848;520;200;320
37;761;436;160;276
37;674;466;181;285
37;587;517;207;310
37;500;586;243;343
37;413;492;206;286
37;326;482;178;304
37;239;510;225;285
37;152;512;202;310
37;65;585;249;336
37;1545;634;273;361
37;1458;594;243;351
37;1371;622;271;351
37;1284;608;252;356
37;1197;608;257;351
37;1110;509;207;302
37;1023;496;206;290
37;936;536;211;325
37;849;424;151;273
37;762;458;175;283
37;675;501;195;306
37;588;565;229;336
37;501;474;193;281
37;414;478;173;305
37;327;511;222;289
37;240;514;201;313
37;153;580;245;335
37;66;557;216;341
37;1546;583;237;346
37;1459;615;265;350
37;1372;596;244;352
37;1285;598;248;350
37;1198;500;199;301
37;1111;486;200;286
37;1024;527;207;320
37;937;437;157;280
37;850;448;168;280
37;763;483;184;299
37;676;541;213;328
37;589;455;186;269
37;502;470;171;299
37;415;493;214;279
37;328;513;195;318
37;241;578;245;333
37;154;549;209;340
37;67;479;193;286
37;1547;603;258;345
37;1460;584;236;348
37;1373;579;235;344
37;1286;490;192;298
37;1199;475;194;281
37;1112;508;198;310
37;1025;427;150;277
37;938;464;181;283
37;851;468;177;291
37;764;528;207;321
37;677;442;177;265
37;590;459;164;295
37;503;479;202;277
37;416;502;187;315
37;329;572;238;334
37;242;545;209;336
37;155;471;188;283
37;68;513;197;316
37;1548;561;219;342
37;1461;566;225;341
37;1374;479;186;293
37;1287;457;184;273
37;1200;492;186;306
37;1113;409;139;270
37;1026;451;175;276
37;939;497;189;308
37;852;511;200;311
37;765;433;171;262
37;678;452;159;293
37;591;465;195;270
37;504;492;178;314
37;417;550;224;326
37;330;530;199;331
37;243;462;179;283
37;156;501;188;313
37;69;523;203;320
37;1549;557;216;341
37;1462;464;177;287
37;1375;443;175;268
37;1288;482;177;305
37;1201;403;134;269
37;1114;439;167;272
37;1027;484;182;302
37;940;524;209;315
37;853;423;162;261
37;766;446;154;292
37;679;453;185;268
37;592;472;164;308
37;505;530;215;315
37;418;513;192;321
37;331;456;173;283
37;244;489;180;309
37;157;506;190;316
37;70;495;181;314
37;1550;451;172;279
37;1463;436;170;266
37;1376;469;169;300
37;1289;388;126;262
37;1202;421;159;262
37;1115;473;176;297
37;1028;510;201;309
37;941;439;168;271
37;854;433;147;286
37;767;433;170;263
37;680;465;160;305
37;593;516;205;311
37;506;492;174;318
37;419;438;161;277
37;332;474;172;302
37;245;498;186;312
37;158;483;174;309
37;71;467;176;291
37;1551;425;164;261
37;1464;456;161;295
37;1377;382;118;264
37;1290;411;152;259
37;1203;455;165;290
37;1116;488;187;301
37;1029;428;163;265
37;942;438;150;288
37;855;422;166;256
37;768;455;156;299
37;681;497;192;305
37;594;482;170;312
37;507;421;153;268
37;420;457;161;296
37;333;477;173;304
37;246;472;165;307
37;159;452;171;281
37;72;438;162;276
37;1552;452;155;297
37;1465;369;111;258
37;1378;402;144;258
37;1291;440;158;282
37;1204;473;178;295
37;1117;419;157;262
37;1030;423;143;280
37;943;405;159;246
37;856;435;146;289
37;769;478;181;297
37;682;465;162;303
37;595;412;146;266
37;508;442;151;291
37;421;455;159;296
37;334;464;161;303
37;247;446;163;283
37;160;435;158;277
37;73;501;173;328
37;1553;357;102;255
37;1466;392;134;258
37;1379;417;141;276
37;1292;450;167;283
37;1205;409;148;261
37;1118;414;140;274
37;1031;388;145;243
37;944;423;140;283
37;857;466;175;291
37;770;447;155;292
37;683;399;142;257
37;596;425;141;284
37;509;446;157;289
37;422;446;156;290
37;335;426;150;276
37;248;415;149;266
37;161;493;172;321
37;74;431;138;293
37;1554;376;123;253
37;1467;406;136;270
37;1380;438;163;275
37;1293;390;141;249
37;1206;396;131;265
37;1119;377;141;236
37;1032;406;132;274
37;945;457;169;288
37;858;432;148;284
37;771;382;131;251
37;684;398;126;272
37;597;431;153;278
37;510;425;144;281
37;423;414;145;269
37;336;397;142;255
37;249;478;161;317
37;162;417;129;288
37;75;380;116;264
37;1555;392;128;264
37;1468;426;154;272
37;1381;375;132;243
37;1294;379;122;257
37;1207;359;133;226
37;1120;391;125;266
37;1033;436;154;282
37;946;430;142;288
37;859;365;124;241
37;772;386;121;265
37;685;416;146;270
37;598;408;138;270
37;511;399;134;265
37;424;378;133;245
37;337;462;150;312
37;250;397;119;278
37;163;366;110;256
37;76;399;138;261
37;1556;404;143;261
37;1469;370;128;242
37;1382;362;111;251
37;1295;337;121;216
37;1208;378;116;262
37;1121;417;144;273
37;1034;416;134;282
37;947;345;114;231
37;860;368;114;254
37;773;396;136;260
37;686;390;129;261
37;599;380;128;252
37;512;361;130;231
37;425;441;139;302
37;338;372;108;264
37;251;349;102;247
37;164;384;132;252
37;77;384;118;266
37;1557;349;117;232
37;1470;350;104;246
37;1383;322;116;206
37;1296;361;111;250
37;1209;390;135;255
37;1122;393;123;270
37;1035;329;107;222
37;948;353;112;241
37;861;377;125;252
37;774;376;123;253
37;687;368;124;244
37;600;340;116;224
37;513;419;131;288
37;426;350;96;254
37;339;334;98;236
37;252;369;124;245
37;165;367;111;256
37;78;328;115;213
37;1558;337;98;239
37;1471;297;107;190
37;1384;340;102;238
37;1297;362;115;247
37;1210;367;112;255
37;1123;313;100;213
37;1036;330;101;229
37;949;366;122;244
37;862;356;113;243
37;775;351;117;234
37;688;321;106;215
37;601;398;121;277
37;514;318;79;239
37;427;314;86;228
37;340;352;116;236
37;253;344;103;241
37;166;315;105;210
37;79;294;100;194
37;1559;276;94;182
37;1472;322;92;230
37;1385;339;105;234
37;1298;344;102;242
37;1211;297;91;206
37;1124;318;91;227
37;1037;345;113;232
37;950;342;103;239
37;863;333;114;219
37;776;305;101;204
37;689;375;117;258
37;602;301;70;231
37;515;299;75;224
37;428;321;105;216
37;341;323;89;234
37;254;301;97;204
37;167;272;87;185
37;80;239;69;170
37;1560;305;86;219
37;1473;319;94;225
37;1386;321;94;227
37;1299;281;84;197
37;1212;296;81;215
37;1125;322;104;218
37;1038;317;88;229
37;951;313;96;217
37;864;293;94;199
37;777;340;106;234
37;690;276;64;212
37;603;280;71;209
37;516;303;98;205
37;429;308;84;224
37;342;283;87;196
37;255;254;79;175
37;168;232;63;169
37;81;171;59;112
37;1561;301;81;220
37;1474;305;86;219
37;1387;267;77;190
37;1300;275;75;200
37;1213;295;94;201
37;1126;292;75;217
37;1039;296;88;208
37;952;274;85;189
37;865;312;90;222
37;778;258;56;202
37;691;261;64;197
37;604;272;84;188
37;517;273;73;200
37;430;276;88;188
37;343;233;65;168
37;256;218;57;161
37;169;164;54;110
37;82;164;51;113
37;1562;289;77;212
37;1475;248;68;180
37;1388;250;65;185
37;1301;263;80;183
37;1214;267;64;203
37;1127;275;81;194
37;1040;254;78;176
37;953;280;79;201
37;866;238;51;187
37;779;233;56;177
37;692;247;75;172
37;605;252;64;188
37;518;248;78;170
37;431;221;63;158
37;344;197;53;144
37;257;146;43;103
37;170;154;51;103
37;83;126;38;88
37;1563;221;59;162
37;1476;232;60;172
37;1389;236;68;168
37;1302;241;54;187
37;1215;245;67;178
37;1128;229;69;160
37;1041;252;69;183
37;954;245;54;191
37;867;215;52;163
37;780;224;65;159
37;693;230;58;172
37;606;229;71;158
37;519;196;53;143
37;432;173;45;128
37;345;139;40;99
37;258;141;47;94
37;171;115;35;80
37;84;94;27;67
37;1564;211;51;160
37;1477;212;60;152
37;1390;216;46;170
37;1303;225;58;167
37;1216;207;59;148
37;1129;227;59;168
37;1042;230;51;179
37;955;191;47;144
37;868;203;57;146
37;781;209;49;160
37;694;201;55;146
37;607;180;47;133
37;520;150;41;109
37;433;127;36;91
37;346;129;41;88
37;259;105;30;75
37;172;83;24;59
37;85;106;31;75
37;1565;1053;231;822
37;1478;1031;226;805
37;1391;1013;235;778
37;1304;981;228;753
37;1217;978;219;759
37;1130;919;208;711
37;1043;863;208;655
37;956;827;202;625
37;869;795;206;589
37;782;743;185;558
37;695;667;173;494
37;608;622;166;456
37;521;595;162;433
37;434;592;166;426
37;347;580;169;411
37;260;586;175;411
37;173;633;190;443
37;86;651;191;460
37;1566;52208;24352;27856
37;1479;53380;24940;28440
37;1392;54773;25623;29150
37;1305;55441;25955;29486
37;1218;56119;26238;29881
37;1131;56773;26564;30209
37;1044;57457;26874;30583
37;957;58431;27364;31067
37;870;60471;28370;32101
37;783;61443;28848;32595
37;696;61932;29065;32867
37;609;62750;29500;33250
37;522;63564;29962;33602
37;435;64882;30629;34253
37;348;65831;31078;34753
37;261;66469;31436;35033
37;174;66799;31589;35210
37;87;67295;31880;35415
38;1480;125;72;53
38;1393;127;65;62
38;1306;161;79;82
38;1219;142;74;68
38;1132;133;55;78
38;1045;137;69;68
38;958;167;84;83
38;871;149;82;67
38;784;176;81;95
38;697;149;79;70
38;610;150;81;69
38;523;166;84;82
38;436;188;99;89
38;349;186;85;101
38;262;169;89;80
38;175;192;84;108
38;88;222;114;108
38;1;224;116;108
38;1481;125;65;60
38;1394;164;81;83
38;1307;140;75;65
38;1220;137;56;81
38;1133;133;68;65
38;1046;161;81;80
38;959;146;79;67
38;872;157;80;77
38;785;148;78;70
38;698;150;80;70
38;611;166;83;83
38;524;185;98;87
38;437;185;83;102
38;350;165;89;76
38;263;188;83;105
38;176;220;113;107
38;89;222;114;108
38;2;241;123;118
38;1482;158;78;80
38;1395;142;76;66
38;1308;135;56;79
38;1221;133;67;66
38;1134;149;75;74
38;1047;135;75;60
38;960;159;83;76
38;873;140;78;62
38;786;146;77;69
38;699;163;81;82
38;612;183;96;87
38;525;185;82;103
38;438;159;86;73
38;351;185;81;104
38;264;216;110;106
38;177;216;110;106
38;90;241;123;118
38;3;242;129;113
38;1483;141;76;65
38;1396;137;58;79
38;1309;127;62;65
38;1222;146;75;71
38;1135;133;73;60
38;1048;149;75;74
38;961;139;78;61
38;874;118;64;54
38;787;161;81;80
38;700;181;96;85
38;613;183;79;104
38;526;159;86;73
38;439;181;79;102
38;352;217;111;106
38;265;214;108;106
38;178;236;121;115
38;91;239;129;110
38;4;257;127;130
38;1484;138;61;77
38;1397;122;61;61
38;1310;146;73;73
38;1223;127;68;59
38;1136;146;73;73
38;1049;137;74;63
38;962;119;67;52
38;875;149;71;78
38;788;180;98;82
38;701;175;76;99
38;614;161;89;72
38;527;180;80;100
38;440;211;108;103
38;353;212;107;105
38;266;236;121;115
38;179;235;128;107
38;92;255;125;130
38;5;278;146;132
38;1485;125;62;63
38;1398;142;72;70
38;1311;125;66;59
38;1224;149;74;75
38;1137;136;75;61
38;1050;120;69;51
38;963;144;69;75
38;876;167;93;74
38;789;171;74;97
38;702;158;88;70
38;615;180;81;99
38;528;208;106;102
38;441;207;105;102
38;354;231;120;111
38;267;232;126;106
38;180;252;125;127
38;93;272;142;130
38;6;263;143;120
38;1486;141;72;69
38;1399;121;62;59
38;1312;146;73;73
38;1225;133;76;57
38;1138;111;62;49
38;1051;144;69;75
38;964;167;94;73
38;877;158;69;89
38;790;156;86;70
38;703;179;81;98
38;616;207;105;102
38;529;203;102;101
38;442;226;118;108
38;355;227;123;104
38;268;248;124;124
38;181;271;141;130
38;94;261;142;119
38;7;333;167;166
38;1487;129;67;62
38;1400;147;73;74
38;1313;133;77;56
38;1226;105;59;46
38;1139;138;70;68
38;1052;169;97;72
38;965;157;69;88
38;878;147;80;67
38;791;172;77;95
38;704;205;102;103
38;617;205;100;105
38;530;229;120;109
38;443;224;121;103
38;356;245;122;123
38;269;267;140;127
38;182;255;138;117
38;95;332;168;164
38;8;327;165;162
38;1488;144;73;71
38;1401;132;75;57
38;1314;107;61;46
38;1227;142;70;72
38;1140;166;95;71
38;1053;159;68;91
38;966;147;81;66
38;879;163;66;97
38;792;200;100;100
38;705;203;100;103
38;618;231;121;110
38;531;225;122;103
38;444;239;118;121
38;357;265;139;126
38;270;255;137;118
38;183;330;166;164
38;96;329;167;162
38;9;382;210;172
38;1489;127;70;57
38;1402;111;63;48
38;1315;140;68;72
38;1228;163;92;71
38;1141;156;67;89
38;1054;147;82;65
38;967;164;65;99
38;880;181;88;93
38;793;199;97;102
38;706;227;119;108
38;619;225;122;103
38;532;238;116;122
38;445;263;137;126
38;358;250;135;115
38;271;325;164;161
38;184;324;163;161
38;97;378;206;172
38;10;378;196;182
38;1490;110;63;47
38;1403;141;67;74
38;1316;163;91;72
38;1229;154;66;88
38;1142;145;81;64
38;1055;163;62;101
38;968;179;87;92
38;881;208;111;97
38;794;226;117;109
38;707;224;122;102
38;620;237;116;121
38;533;265;138;127
38;446;250;135;115
38;359;320;163;157
38;272;322;162;160
38;185;372;205;167
38;98;376;195;181
38;11;357;198;159
38;1491;142;66;76
38;1404;158;88;70
38;1317;156;68;88
38;1230;142;79;63
38;1143;159;60;99
38;1056;179;86;93
38;969;207;110;97
38;882;224;116;108
38;795;224;122;102
38;708;236;117;119
38;621;264;137;127
38;534;248;133;115
38;447;317;162;155
38;360;319;160;159
38;273;364;201;163
38;186;372;193;179
38;99;352;195;157
38;12;363;201;162
38;1492;155;85;70
38;1405;153;67;86
38;1318;143;80;63
38;1231;159;60;99
38;1144;178;88;90
38;1057;208;110;98
38;970;221;114;107
38;883;223;121;102
38;796;234;116;118
38;709;263;135;128
38;622;248;133;115
38;535;316;163;153
38;448;318;159;159
38;361;359;198;161
38;274;365;190;175
38;187;345;192;153
38;100;358;198;160
38;13;364;192;172
38;1493;152;68;84
38;1406;145;81;64
38;1319;162;62;100
38;1232;178;87;91
38;1145;209;110;99
38;1058;219;112;107
38;971;222;122;100
38;884;234;124;110
38;797;259;131;128
38;710;247;132;115
38;623;318;165;153
38;536;315;159;156
38;449;351;192;159
38;362;363;190;173
38;275;340;189;151
38;188;354;195;159
38;101;359;189;170
38;14;386;200;186
38;1494;144;80;64
38;1407;161;61;100
38;1320;177;86;91
38;1233;208;111;97
38;1146;216;112;104
38;1059;222;122;100
38;972;235;126;109
38;885;270;139;131
38;798;244;129;115
38;711;319;164;155
38;624;314;159;155
38;537;350;193;157
38;450;358;187;171
38;363;336;187;149
38;276;346;191;155
38;189;355;186;169
38;102;385;199;186
38;15;383;201;182
38;1495;159;60;99
38;1408;172;84;88
38;1321;206;111;95
38;1234;215;111;104
38;1147;219;122;97
38;1060;236;127;109
38;973;269;138;131
38;886;260;139;121
38;799;314;163;151
38;712;312;156;156
38;625;352;193;159
38;538;356;187;169
38;451;330;181;149
38;364;342;188;154
38;277;350;184;166
38;190;378;194;184
38;103;383;200;183
38;16;351;171;180
38;1496;172;84;88
38;1409;209;111;98
38;1322;216;112;104
38;1235;219;123;96
38;1148;236;127;109
38;1061;267;137;130
38;974;262;140;122
38;887;323;165;158
38;800;309;154;155
38;713;344;188;156
38;626;355;186;169
38;539;323;179;144
38;452;331;180;151
38;365;343;182;161
38;278;371;191;180
38;191;376;197;179
38;104;345;168;177
38;17;354;189;165
38;1497;205;107;98
38;1410;208;108;100
38;1323;218;122;96
38;1236;236;126;110
38;1149;266;136;130
38;1062;259;138;121
38;975;324;166;158
38;888;315;163;152
38;801;339;186;153
38;714;351;185;166
38;627;323;180;143
38;540;333;182;151
38;453;329;172;157
38;366;361;186;175
38;279;370;194;176
38;192;340;166;174
38;105;345;183;162
38;18;381;219;162
38;1498;202;103;99
38;1411;215;121;94
38;1324;237;127;110
38;1237;265;134;131
38;1150;260;139;121
38;1063;323;166;157
38;976;317;164;153
38;889;355;195;160
38;802;347;184;163
38;715;321;179;142
38;628;327;177;150
38;541;324;168;156
38;454;348;179;169
38;367;362;190;172
38;280;332;164;168
38;193;342;184;158
38;106;375;213;162
38;19;339;182;157
38;1499;211;120;91
38;1412;229;124;105
38;1325;261;132;129
38;1238;255;138;117
38;1151;317;161;156
38;1064;315;164;151
38;977;348;194;154
38;890;307;167;140
38;803;314;175;139
38;716;325;176;149
38;629;320;165;155
38;542;344;178;166
38;455;345;179;166
38;368;322;160;162
38;281;331;178;153
38;194;376;215;161
38;107;325;175;150
38;20;307;176;131
38;1500;222;121;101
38;1413;251;126;125
38;1326;252;136;116
38;1239;315;160;155
38;1152;314;161;153
38;1065;342;193;149
38;978;307;166;141
38;891;256;146;110
38;804;322;170;152
38;717;317;163;154
38;630;338;174;164
38;543;338;174;164
38;456;304;152;152
38;369;327;176;151
38;282;368;210;158
38;195;318;175;143
38;108;302;173;129
38;21;259;147;112
38;1501;251;125;126
38;1414;244;132;112
38;1327;318;165;153
38;1240;314;164;150
38;1153;336;189;147
38;1066;307;169;138
38;979;252;143;109
38;892;263;148;115
38;805;309;160;149
38;718;331;170;161
38;631;331;171;160
38;544;295;146;149
38;457;313;168;145
38;370;359;203;156
38;283;309;171;138
38;196;305;173;132
38;109;262;148;114
38;22;266;150;116
38;1502;225;120;105
38;1415;314;165;149
38;1328;308;163;145
38;1241;337;188;149
38;1154;292;162;130
38;1067;248;141;107
38;980;258;147;111
38;893;263;143;120
38;806;317;163;154
38;719;324;167;157
38;632;288;142;146
38;545;307;163;144
38;458;340;193;147
38;371;290;164;126
38;284;293;167;126
38;197;258;143;115
38;110;267;147;120
38;23;283;145;138
38;1503;300;158;142
38;1416;284;152;132
38;1329;328;182;146
38;1242;285;157;128
38;1155;236;132;104
38;1068;245;145;100
38;981;255;141;114
38;894;265;153;112
38;807;311;160;151
38;720;285;141;144
38;633;300;158;142
38;546;334;191;143
38;459;275;155;120
38;372;291;168;123
38;285;247;136;111
38;198;265;148;117
38;111;275;140;135
38;24;277;156;121
38;1504;267;147;120
38;1417;319;181;138
38;1330;273;154;119
38;1243;221;124;97
38;1156;237;143;94
38;1069;247;142;105
38;982;254;148;106
38;895;250;136;114
38;808;270;134;136
38;721;296;157;139
38;634;318;184;134
38;547;267;151;116
38;460;271;159;112
38;373;233;128;105
38;286;257;143;114
38;199;271;140;131
38;112;265;151;114
38;25;297;161;136
38;1505;302;171;131
38;1418;258;148;110
38;1331;210;123;87
38;1244;224;140;84
38;1157;244;141;103
38;1070;246;145;101
38;983;243;134;109
38;896;203;106;97
38;809;283;149;134
38;722;307;180;127
38;635;255;141;114
38;548;256;146;110
38;461;220;121;99
38;374;251;141;110
38;287;253;128;125
38;200;263;148;115
38;113;297;163;134
38;26;308;157;151
38;1506;237;136;101
38;1419;201;123;78
38;1332;207;131;76
38;1245;234;140;94
38;1158;233;140;93
38;1071;234;128;106
38;984;195;104;91
38;897;209;115;94
38;810;292;175;117
38;723;244;138;106
38;636;248;143;105
38;549;208;115;93
38;462;233;133;100
38;375;239;120;119
38;288;251;143;108
38;201;286;161;125
38;114;302;151;151
38;27;286;142;144
38;1507;188;118;70
38;1420;190;123;67
38;1333;215;132;83
38;1246;219;140;79
38;1159;226;131;95
38;1072;174;93;81
38;985;195;109;86
38;898;198;119;79
38;811;234;132;102
38;724;242;140;102
38;637;200;111;89
38;550;227;130;97
38;463;227;112;115
38;376;240;139;101
38;289;275;153;122
38;202;299;150;149
38;115;280;140;140
38;28;293;167;126
38;1508;174;117;57
38;1421;206;131;75
38;1334;200;130;70
38;1247;218;128;90
38;1160;159;86;73
38;1073;191;103;88
38;986;185;113;72
38;899;180;103;77
38;812;227;132;95
38;725;196;110;86
38;638;217;124;93
38;551;213;108;105
38;464;226;135;91
38;377;265;150;115
38;290;286;145;141
38;203;276;140;136
38;116;292;168;124
38;29;281;150;131
38;1509;184;118;66
38;1422;184;122;62
38;1335;203;118;85
38;1248;155;86;69
38;1161;189;103;86
38;1074;168;107;61
38;987;163;95;68
38;900;199;111;88
38;813;191;108;83
38;726;208;118;90
38;639;204;100;104
38;552;218;129;89
38;465;248;142;106
38;378;279;142;137
38;291;266;135;131
38;204;283;162;121
38;117;277;146;131
38;30;296;161;135
38;1510;171;119;52
38;1423;196;114;82
38;1336;152;90;62
38;1249;173;97;76
38;1162;160;104;56
38;1075;151;91;60
38;988;192;107;85
38;901;182;98;84
38;814;202;115;87
38;727;195;95;100
38;640;211;125;86
38;553;252;144;108
38;466;271;135;136
38;379;260;133;127
38;292;271;160;111
38;205;270;141;129
38;118;288;154;134
38;31;320;179;141
38;1511;174;100;74
38;1424;148;87;61
38;1337;163;92;71
38;1250;150;94;56
38;1163;142;85;57
38;1076;189;105;84
38;989;176;94;82
38;902;197;99;98
38;815;183;90;93
38;728;207;125;82
38;641;254;142;112
38;554;267;135;132
38;467;247;126;121
38;380;259;152;107
38;293;268;139;129
38;206;280;149;131
38;119;314;176;138
38;32;308;163;145
38;1512;135;77;58
38;1425;151;86;65
38;1338;133;80;53
38;1251;142;85;57
38;1164;179;102;77
38;1077;176;94;82
38;990;185;93;92
38;903;207;101;106
38;816;204;124;80
38;729;243;140;103
38;642;263;133;130
38;555;243;123;120
38;468;248;147;101
38;381;262;135;127
38;294;267;141;126
38;207;308;169;139
38;120;303;160;143
38;33;362;184;178
38;1513;140;83;57
38;1426;122;75;47
38;1339;141;84;57
38;1252;173;99;74
38;1165;171;93;78
38;1078;177;85;92
38;991;201;100;101
38;904;210;120;90
38;817;239;138;101
38;730;258;131;127
38;643;235;121;114
38;556;248;149;99
38;469;247;127;120
38;382;256;133;123
38;295;304;169;135
38;208;303;160;143
38;121;351;175;176
38;34;329;180;149
38;1514;112;70;42
38;1427;133;76;57
38;1340;173;99;74
38;1253;174;97;77
38;1166;171;84;87
38;1079;199;100;99
38;992;211;120;91
38;905;257;142;115
38;818;246;124;122
38;731;230;116;114
38;644;244;147;97
38;557;244;125;119
38;470;243;127;116
38;383;302;168;134
38;296;300;155;145
38;209;345;174;171
38;122;322;177;145
38;35;328;166;162
38;1515;125;66;59
38;1428;165;89;76
38;1341;166;95;71
38;1254;162;80;82
38;1167;189;98;91
38;1080;208;118;90
38;993;245;133;112
38;906;277;139;138
38;819;218;111;107
38;732;242;147;95
38;645;243;126;117
38;558;241;127;114
38;471;295;162;133
38;384;296;155;141
38;297;340;174;166
38;210;317;174;143
38;123;321;161;160
38;36;336;174;162
38;1516;154;85;69
38;1429;161;89;72
38;1342;156;75;81
38;1255;182;94;88
38;1168;201;116;85
38;1081;244;132;112
38;994;270;133;137
38;907;251;120;131
38;820;237;143;94
38;733;240;126;114
38;646;238;128;110
38;559;291;160;131
38;472;291;152;139
38;385;336;167;169
38;298;310;169;141
38;211;319;160;159
38;124;328;169;159
38;37;333;185;148
38;1517;147;79;68
38;1430;158;74;84
38;1343;176;90;86
38;1256;206;119;87
38;1169;242;128;114
38;1082;260;128;132
38;995;245;117;128
38;908;268;155;113
38;821;234;124;110
38;734;228;122;106
38;647;288;157;131
38;560;288;151;137
38;473;334;164;170
38;386;307;165;142
38;299;315;158;157
38;212;320;165;155
38;125;326;180;146
38;38;322;190;132
38;1518;148;71;77
38;1431;177;91;86
38;1344;202;119;83
38;1257;244;130;114
38;1170;256;128;128
38;1083;244;114;130
38;996;262;152;110
38;909;275;143;132
38;822;226;121;105
38;735;284;157;127
38;648;286;151;135
38;561;327;161;166
38;474;298;160;138
38;387;307;154;153
38;300;311;160;151
38;213;324;179;145
38;126;312;185;127
38;39;362;204;158
38;1519;171;86;85
38;1432;199;119;80
38;1345;238;124;114
38;1258;255;127;128
38;1171;239;111;128
38;1084;261;149;112
38;997;274;139;135
38;910;265;134;131
38;823;279;152;127
38;736;284;150;134
38;649;319;155;164
38;562;297;160;137
38;475;302;148;154
38;388;304;158;146
38;301;317;176;141
38;214;308;181;127
38;127;353;199;154
38;40;357;180;177
38;1520;197;117;80
38;1433;231;121;110
38;1346;251;124;127
38;1259;242;113;129
38;1172;256;145;111
38;1085;275;141;134
38;998;263;131;132
38;911;299;163;136
38;824;279;145;134
38;737;316;155;161
38;650;293;157;136
38;563;296;140;156
38;476;299;155;144
38;389;313;172;141
38;302;306;180;126
38;215;350;196;154
38;128;352;177;175
38;41;342;192;150
38;1521;226;118;108
38;1434;249;122;127
38;1347;240;114;126
38;1260;254;144;110
38;1173;272;139;133
38;1086;261;128;133
38;999;296;162;134
38;912;299;164;135
38;825;311;152;159
38;738;291;155;136
38;651;293;139;154
38;564;297;153;144
38;477;305;167;138
38;390;303;179;124
38;303;346;191;155
38;216;354;177;177
38;129;338;191;147
38;42;330;176;154
38;1522;242;124;118
38;1435;232;110;122
38;1348;257;147;110
38;1261;272;141;131
38;1174;261;128;133
38;1087;294;160;134
38;1000;298;162;136
38;913;341;170;171
38;826;285;153;132
38;739;291;137;154
38;652;293;151;142
38;565;300;164;136
38;478;297;174;123
38;391;339;186;153
38;304;353;178;175
38;217;337;190;147
38;130;322;171;151
38;43;348;177;171
38;1523;231;108;123
38;1436;252;148;104
38;1349;271;140;131
38;1262;262;128;134
38;1175;292;157;135
38;1088;296;161;135
38;1001;340;168;172
38;914;307;166;141
38;827;285;134;151
38;740;290;152;138
38;653;297;162;135
38;566;294;170;124
38;479;329;182;147
38;392;350;173;177
38;305;335;187;148
38;218;316;167;149
38;131;342;173;169
38;44;295;150;145
38;1524;252;149;103
38;1437;266;138;128
38;1350;258;122;136
38;1263;290;154;136
38;1176;291;158;133
38;1089;341;168;173
38;1002;306;165;141
38;915;315;159;156
38;828;289;152;137
38;741;295;160;135
38;654;289;166;123
38;567;324;178;146
38;480;344;169;175
38;393;327;183;144
38;306;312;165;147
38;219;342;175;167
38;132;292;151;141
38;45;280;155;125
38;1525;263;133;130
38;1438;253;122;131
38;1351;291;157;134
38;1264;287;155;132
38;1177;342;168;174
38;1090;306;165;141
38;1003;309;158;151
38;916;313;161;152
38;829;292;159;133
38;742;281;159;122
38;655;320;179;141
38;568;339;166;173
38;481;324;178;146
38;394;310;164;146
38;307;339;170;169
38;220;290;149;141
38;133;273;151;122
38;46;324;149;175
38;1526;255;124;131
38;1439;289;157;132
38;1352;287;155;132
38;1265;343;166;177
38;1178;302;161;141
38;1091;308;156;152
38;1004;310;158;152
38;917;304;171;133
38;830;274;153;121
38;743;318;179;139
38;656;336;164;172
38;569;326;181;145
38;482;304;159;145
38;395;338;169;169
38;308;287;150;137
38;221;271;152;119
38;134;319;145;174
38;47;263;136;127
38;1527;287;156;131
38;1440;282;152;130
38;1353;339;163;176
38;1266;300;160;140
38;1179;309;157;152
38;1092;322;165;157
38;1005;302;169;133
38;918;292;165;127
38;831;308;175;133
38;744;332;160;172
38;657;322;178;144
38;570;300;156;144
38;483;329;165;164
38;396;286;149;137
38;309;267;148;119
38;222;315;143;172
38;135;263;137;126
38;48;253;126;127
38;1528;280;152;128
38;1441;336;161;175
38;1354;301;161;140
38;1267;309;154;155
38;1180;319;165;154
38;1093;298;165;133
38;1006;288;161;127
38;919;314;171;143
38;832;330;159;171
38;745;315;172;143
38;658;297;154;143
38;571;328;164;164
38;484;283;147;136
38;397;265;148;117
38;310;312;140;172
38;223;258;134;124
38;136;250;124;126
38;49;323;182;141
38;1529;332;158;174
38;1442;296;157;139
38;1355;312;159;153
38;1268;318;163;155
38;1181;294;162;132
38;1094;291;163;128
38;1007;311;169;142
38;920;332;159;173
38;833;311;170;141
38;746;294;153;141
38;659;324;162;162
38;572;278;141;137
38;485;263;147;116
38;398;308;138;170
38;311;255;130;125
38;224;248;122;126
38;137;321;180;141
38;50;280;138;142
38;1530;294;156;138
38;1443;311;159;152
38;1356;316;164;152
38;1269;294;160;134
38;1182;287;160;127
38;1095;312;168;144
38;1008;330;160;170
38;921;308;167;141
38;834;290;149;141
38;747;318;157;161
38;660;276;141;135
38;573;261;145;116
38;486;304;135;169
38;399;256;130;126
38;312;244;120;124
38;225;315;175;140
38;138;276;135;141
38;51;289;150;139
38;1531;309;157;152
38;1444;313;163;150
38;1357;295;161;134
38;1270;288;161;127
38;1183;311;164;147
38;1096;321;153;168
38;1009;306;166;140
38;922;305;152;153
38;835;315;154;161
38;748;271;137;134
38;661;259;143;116
38;574;301;133;168
38;487;251;129;122
38;400;240;116;124
38;313;314;178;136
38;226;274;133;141
38;139;283;146;137
38;52;324;186;138
38;1532;304;157;147
38;1445;288;158;130
38;1358;281;154;127
38;1271;307;160;147
38;1184;324;155;169
38;1097;307;166;141
38;1010;299;147;152
38;923;300;150;150
38;836;270;138;132
38;749;253;138;115
38;662;291;128;163
38;575;244;125;119
38;488;233;112;121
38;401;305;172;133
38;314;267;131;136
38;227;283;147;136
38;140;323;183;140
38;53;269;140;129
38;1533;283;154;129
38;1446;278;153;125
38;1359;304;156;148
38;1272;317;151;166
38;1185;306;165;141
38;1098;301;148;153
38;1011;298;150;148
38;924;259;125;134
38;837;253;137;116
38;750;283;122;161
38;663;242;122;120
38;576;233;112;121
38;489;298;166;132
38;402;265;129;136
38;315;279;145;134
38;228;320;184;136
38;141;269;140;129
38;54;284;126;158
38;1534;277;152;125
38;1447;301;153;148
38;1360;310;144;166
38;1273;302;161;141
38;1186;301;148;153
38;1099;295;146;149
38;1012;258;123;135
38;925;261;140;121
38;838;277;119;158
38;751;237;118;119
38;664;230;110;120
38;577;298;165;133
38;490;256;123;133
38;403;277;142;135
38;316;318;183;135
38;229;267;136;131
38;142;277;124;153
38;55;261;118;143
38;1535;299;154;145
38;1448;309;141;168
38;1361;298;159;139
38;1274;297;147;150
38;1187;292;145;147
38;1100;254;121;133
38;1013;254;134;120
38;926;279;122;157
38;839;234;117;117
38;752;227;110;117
38;665;292;159;133
38;578;248;117;131
38;491;266;134;132
38;404;318;182;136
38;317;262;136;126
38;230;277;124;153
38;143;253;115;138
38;56;288;144;144
38;1536;308;140;168
38;1449;290;152;138
38;1362;296;148;148
38;1275;291;144;147
38;1188;253;118;135
38;1101;249;129;120
38;1014;276;120;156
38;927;230;106;124
38;840;224;108;116
38;753;288;156;132
38;666;247;116;131
38;579;258;130;128
38;492;309;177;132
38;405;253;133;120
38;318;273;121;152
38;231;257;119;138
38;144;278;140;138
38;57;212;99;113
38;1537;288;150;138
38;1450;294;146;148
38;1363;284;141;143
38;1276;255;120;135
38;1189;245;127;118
38;1102;274;120;154
38;1015;226;102;124
38;928;231;116;115
38;841;283;153;130
38;754;240;115;125
38;667;253;127;126
38;580;298;168;130
38;493;253;131;122
38;406;271;119;152
38;319;254;117;137
38;232;271;136;135
38;145;208;96;112
38;58;325;155;170
38;1538;294;146;148
38;1451;286;138;148
38;1364;255;120;135
38;1277;242;123;119
38;1190;273;121;152
38;1103;221;99;122
38;1016;230;115;115
38;929;289;153;136
38;842;232;109;123
38;755;246;123;123
38;668;284;156;128
38;581;253;131;122
38;494;269;114;155
38;407;249;113;136
38;320;266;132;134
38;233;203;93;110
38;146;315;148;167
38;59;371;171;200
38;1539;276;132;144
38;1452;250;116;134
38;1365;242;124;118
38;1278;276;123;153
38;1191;216;95;121
38;1104;227;113;114
38;1017;287;152;135
38;930;239;113;126
38;843;242;120;122
38;756;276;151;125
38;669;256;133;123
38;582;262;109;153
38;495;241;108;133
38;408;266;131;135
38;321;198;87;111
38;234;308;141;167
38;147;356;160;196
38;60;327;141;186
38;1540;250;115;135
38;1453;243;127;116
38;1366;275;121;154
38;1279;210;91;119
38;1192;226;111;115
38;1105;278;145;133
38;1018;234;109;125
38;931;251;123;128
38;844;275;149;126
38;757;248;127;121
38;670;253;104;149
38;583;231;103;128
38;496;253;124;129
38;409;192;83;109
38;322;298;131;167
38;235;348;158;190
38;148;321;142;179
38;61;331;143;188
38;1541;241;125;116
38;1454;273;117;156
38;1367;207;89;118
38;1280;222;108;114
38;1193;271;139;132
38;1106;230;105;125
38;1019;251;121;130
38;932;270;140;130
38;845;241;123;118
38;758;243;96;147
38;671;227;101;126
38;584;250;121;129
38;497;181;75;106
38;410;292;127;165
38;323;342;154;188
38;236;320;141;179
38;149;331;142;189
38;62;308;144;164
38;1542;267;112;155
38;1455;202;85;117
38;1368;223;109;114
38;1281;261;132;129
38;1194;224;100;124
38;1107;242;115;127
38;1020;265;137;128
38;933;227;106;121
38;846;236;92;144
38;759;216;92;124
38;672;245;118;127
38;585;178;72;106
38;498;283;122;161
38;411;337;149;188
38;324;310;133;177
38;237;331;141;190
38;150;305;145;160
38;63;321;152;169
38;1543;199;82;117
38;1456;221;107;114
38;1369;259;128;131
38;1282;213;91;122
38;1195;239;113;126
38;1108;267;138;129
38;1021;222;100;122
38;934;244;97;147
38;847;211;88;123
38;760;245;118;127
38;673;171;67;104
38;586;280;120;160
38;499;322;134;188
38;412;308;128;180
38;325;321;133;188
38;238;302;142;160
38;151;317;150;167
38;64;313;126;187
38;1544;219;105;114
38;1457;256;126;130
38;1370;212;90;122
38;1283;234;109;125
38;1196;260;131;129
38;1109;218;96;122
38;1022;227;89;138
38;935;201;83;118
38;848;235;111;124
38;761;167;63;104
38;674;270;115;155
38;587;318;129;189
38;500;303;124;179
38;413;314;128;186
38;326;296;138;158
38;239;316;150;166
38;152;306;123;183
38;65;345;143;202
38;1545;250;121;129
38;1458;208;84;124
38;1371;231;108;123
38;1284;256;127;129
38;1197;212;93;119
38;1110;225;89;136
38;1023;195;76;119
38;936;232;105;127
38;849;158;59;99
38;762;264;109;155
38;675;309;123;186
38;588;287;119;168
38;501;308;122;186
38;414;285;130;155
38;327;309;142;167
38;240;304;120;184
38;153;345;144;201
38;66;313;129;184
38;1546;205;83;122
38;1459;228;106;122
38;1372;250;123;127
38;1285;204;86;118
38;1198;220;86;134
38;1111;188;71;117
38;1024;224;98;126
38;937;180;73;107
38;850;257;101;156
38;763;295;116;179
38;676;273;106;167
38;589;300;117;183
38;502;270;122;148
38;415;303;137;166
38;328;298;114;184
38;241;345;143;202
38;154;306;128;178
38;67;292;118;174
38;1547;226;105;121
38;1460;246;120;126
38;1373;198;81;117
38;1286;215;83;132
38;1199;183;68;115
38;1112;220;95;125
38;1025;177;72;105
38;938;259;102;157
38;851;285;110;175
38;764;263;97;166
38;677;293;113;180
38;590;263;116;147
38;503;295;132;163
38;416;290;109;181
38;329;339;138;201
38;242;302;125;177
38;155;286;115;171
38;68;325;115;210
38;1548;238;115;123
38;1461;193;78;115
38;1374;206;79;127
38;1287;178;66;112
38;1200;213;91;122
38;1113;169;65;104
38;1026;255;101;154
38;939;282;111;171
38;852;258;93;165
38;765;284;108;176
38;678;252;109;143
38;591;289;129;160
38;504;283;105;178
38;417;330;133;197
38;330;298;122;176
38;243;283;112;171
38;156;319;112;207
38;69;303;107;196
38;1549;185;72;113
38;1462;196;76;120
38;1375;171;62;109
38;1288;206;86;120
38;1201;162;62;100
38;1114;254;99;155
38;1027;277;107;170
38;940;256;96;160
38;853;274;104;170
38;766;240;103;137
38;679;280;129;151
38;592;275;99;176
38;505;318;125;193
38;418;298;120;178
38;331;272;105;167
38;244;312;107;205
38;157;300;106;194
38;70;326;119;207
38;1550;192;73;119
38;1463;167;58;109
38;1376;196;80;116
38;1289;161;62;99
38;1202;246;95;151
38;1115;268;102;166
38;1028;246;89;157
38;941;267;100;167
38;854;231;97;134
38;767;274;127;147
38;680;265;93;172
38;593;301;115;186
38;506;290;114;176
38;419;266;102;164
38;332;297;101;196
38;245;298;105;193
38;158;320;116;204
38;71;348;115;233
38;1551;161;53;108
38;1464;186;76;110
38;1377;160;63;97
38;1290;235;88;147
38;1203;258;95;163
38;1116;239;86;153
38;1029;258;95;163
38;942;223;92;131
38;855;263;121;142
38;768;256;87;169
38;681;293;111;182
38;594;278;107;171
38;507;252;98;154
38;420;287;93;194
38;333;290;102;188
38;246;309;111;198
38;159;342;113;229
38;72;277;102;175
38;1552;181;72;109
38;1465;151;56;95
38;1378;228;84;144
38;1291;250;90;160
38;1204;229;81;148
38;1117;248;91;157
38;1030;216;88;128
38;943;261;117;144
38;856;246;82;164
38;769;282;106;176
38;682;268;102;166
38;595;245;94;151
38;508;275;86;189
38;421;279;94;185
38;334;296;106;190
38;247;326;107;219
38;160;270;96;174
38;73;270;84;186
38;1553;144;53;91
38;1466;212;75;137
38;1379;244;85;159
38;1292;218;75;143
38;1205;239;87;152
38;1118;213;87;126
38;1031;256;115;141
38;944;239;80;159
38;857;275;101;174
38;770;252;95;157
38;683;234;86;148
38;596;266;84;182
38;509;272;92;180
38;422;285;104;181
38;335;314;99;215
38;248;254;90;164
38;161;261;83;178
38;74;298;114;184
38;1554;203;70;133
38;1467;237;79;158
38;1380;214;74;140
38;1293;228;81;147
38;1206;208;84;124
38;1119;248;110;138
38;1032;233;77;156
38;945;262;92;170
38;858;238;85;153
38;771;225;81;144
38;684;260;80;180
38;597;257;81;176
38;510;273;94;179
38;423;299;92;207
38;336;244;82;162
38;249;253;79;174
38;162;292;109;183
38;75;288;94;194
38;1555;228;75;153
38;1468;204;68;136
38;1381;220;77;143
38;1294;203;81;122
38;1207;238;103;135
38;1120;228;75;153
38;1033;256;89;167
38;946;221;73;148
38;859;213;74;139
38;772;254;77;177
38;685;248;79;169
38;598;262;88;174
38;511;284;88;196
38;424;236;80;156
38;337;246;79;167
38;250;285;108;177
38;163;273;88;185
38;76;257;86;171
38;1556;197;64;133
38;1469;212;74;138
38;1382;197;77;120
38;1295;229;96;133
38;1208;222;71;151
38;1121;247;83;164
38;1034;215;70;145
38;947;203;67;136
38;860;246;73;173
38;773;237;74;163
38;686;241;78;163
38;599;271;81;190
38;512;229;76;153
38;425;237;74;163
38;338;272;103;169
38;251;266;82;184
38;164;246;79;167
38;77;261;91;170
38;1557;201;67;134
38;1470;188;72;116
38;1383;219;92;127
38;1296;218;68;150
38;1209;239;78;161
38;1122;204;63;141
38;1035;196;64;132
38;948;220;63;157
38;861;222;67;155
38;774;231;74;157
38;687;257;76;181
38;600;215;67;148
38;513;221;68;153
38;426;255;91;164
38;339;251;76;175
38;252;236;74;162
38;165;243;80;163
38;78;246;73;173
38;1558;176;64;112
38;1471;205;85;120
38;1384;205;62;143
38;1297;231;72;159
38;1210;198;61;137
38;1123;181;58;123
38;1036;212;58;154
38;949;201;55;146
38;862;219;70;149
38;775;247;71;176
38;688;206;63;143
38;601;202;58;144
38;514;240;85;155
38;427;240;72;168
38;340;226;69;157
38;253;229;72;157
38;166;234;70;164
38;79;199;46;153
38;1559;197;81;116
38;1472;196;55;141
38;1385;214;64;150
38;1298;188;56;132
38;1211;168;53;115
38;1124;196;52;144
38;1037;191;49;142
38;950;207;65;142
38;863;235;67;168
38;776;189;56;133
38;689;189;54;135
38;602;215;77;138
38;515;228;66;162
38;428;213;67;146
38;341;217;68;149
38;254;221;61;160
38;167;188;42;146
38;80;194;60;134
38;1560;183;49;134
38;1473;195;57;138
38;1386;181;53;128
38;1299;150;48;102
38;1212;180;46;134
38;1125;179;44;135
38;1038;191;59;132
38;951;208;56;152
38;864;173;50;123
38;777;173;49;124
38;690;198;68;130
38;603;212;61;151
38;516;200;58;142
38;429;202;60;142
38;342;206;56;150
38;255;170;33;137
38;168;180;54;126
38;81;164;48;116
38;1561;178;50;128
38;1474;163;45;118
38;1387;141;45;96
38;1300;167;41;126
38;1213;156;35;121
38;1126;180;55;125
38;1039;193;50;143
38;952;152;43;109
38;865;163;43;120
38;778;185;60;125
38;691;202;55;147
38;604;176;51;125
38;517;183;56;127
38;430;196;52;144
38;343;153;29;124
38;256;171;50;121
38;169;155;45;110
38;82;122;40;82
38;1562;149;41;108
38;1475;131;39;92
38;1388;151;35;116
38;1301;144;34;110
38;1214;175;50;125
38;1127;178;40;138
38;1040;134;40;94
38;953;145;37;108
38;866;169;51;118
38;779;185;50;135
38;692;161;44;117
38;605;158;47;111
38;518;170;48;122
38;431;144;28;116
38;344;154;43;111
38;257;145;40;105
38;170;114;39;75
38;83;77;26;51
38;1563;125;35;90
38;1476;142;31;111
38;1389;133;30;103
38;1302;159;44;115
38;1215;158;30;128
38;1128;122;35;87
38;1041;139;35;104
38;954;154;44;110
38;867;163;43;120
38;780;144;37;107
38;693;138;39;99
38;606;155;43;112
38;519;137;25;112
38;432;139;38;101
38;345;128;31;97
38;258;102;33;69
38;171;67;23;44
38;84;71;25;46
38;1564;126;23;103
38;1477;125;29;96
38;1390;144;37;107
38;1303;144;26;118
38;1216;112;31;81
38;1129;129;31;98
38;1042;133;39;94
38;955;132;39;93
38;868;128;31;97
38;781;126;37;89
38;694;135;38;97
38;607;116;23;93
38;520;114;28;86
38;433;119;32;87
38;346;88;29;59
38;259;61;19;42
38;172;67;25;42
38;85;66;15;51
38;1565;606;137;469
38;1478;624;136;488
38;1391;597;127;470
38;1304;572;129;443
38;1217;578;123;455
38;1130;568;126;442
38;1043;546;120;426
38;956;514;105;409
38;869;497;116;381
38;782;471;110;361
38;695;430;100;330
38;608;420;102;318
38;521;394;106;288
38;434;359;103;256
38;347;367;107;260
38;260;385;118;267
38;173;425;130;295
38;86;433;141;292
38;1566;17856;8578;9278
38;1479;18407;8829;9578
38;1392;18877;9051;9826
38;1305;19233;9193;10040
38;1218;19582;9341;10241
38;1131;20032;9556;10476
38;1044;20390;9737;10653
38;957;20751;9899;10852
38;870;21238;10108;11130
38;783;21751;10378;11373
38;696;22221;10599;11622
38;609;22671;10816;11855
38;522;23128;11043;12085
38;435;23817;11421;12396
38;348;24268;11657;12611
38;261;24789;11922;12867
38;174;25114;12094;13020
38;87;25449;12259;13190
39;1480;38;12;26
39;1393;46;23;23
39;1306;57;28;29
39;1219;48;32;16
39;1132;42;22;20
39;1045;40;20;20
39;958;49;26;23
39;871;25;16;9
39;784;21;10;11
39;697;21;8;13
39;610;26;13;13
39;523;17;6;11
39;436;22;9;13
39;349;21;7;14
39;262;14;7;7
39;175;18;10;8
39;88;12;6;6
39;1;19;13;6
39;1481;45;23;22
39;1394;54;27;27
39;1307;47;29;18
39;1220;41;19;22
39;1133;38;19;19
39;1046;49;25;24
39;959;25;15;10
39;872;24;15;9
39;785;20;7;13
39;698;26;13;13
39;611;19;7;12
39;524;22;8;14
39;437;21;7;14
39;350;14;7;7
39;263;19;11;8
39;176;15;9;6
39;89;18;12;6
39;2;25;12;13
39;1482;47;24;23
39;1395;42;24;18
39;1308;39;19;20
39;1221;33;15;18
39;1134;44;22;22
39;1047;23;13;10
39;960;22;15;7
39;873;15;6;9
39;786;25;13;12
39;699;22;9;13
39;612;22;9;13
39;525;19;6;13
39;438;14;6;8
39;351;17;9;8
39;264;16;9;7
39;177;17;11;6
39;90;22;11;11
39;3;29;16;13
39;1483;39;21;18
39;1396;37;16;21
39;1309;30;14;16
39;1222;43;23;20
39;1135;23;11;12
39;1048;22;17;5
39;961;15;5;10
39;874;27;17;10
39;787;19;8;11
39;700;23;11;12
39;613;19;7;12
39;526;13;5;8
39;439;15;7;8
39;352;15;7;8
39;265;17;12;5
39;178;22;10;12
39;91;26;14;12
39;4;20;8;12
39;1484;36;15;21
39;1397;29;13;16
39;1310;42;19;23
39;1223;20;7;13
39;1136;24;19;5
39;1049;16;6;10
39;962;27;15;12
39;875;23;9;14
39;788;25;11;14
39;701;19;8;11
39;614;13;6;7
39;527;15;7;8
39;440;14;7;7
39;353;19;13;6
39;266;23;11;12
39;179;26;14;12
39;92;17;7;10
39;5;32;21;11
39;1485;30;14;16
39;1398;40;17;23
39;1311;22;8;14
39;1224;24;19;5
39;1137;16;6;10
39;1050;25;14;11
39;963;24;10;14
39;876;21;12;9
39;789;18;7;11
39;702;13;6;7
39;615;16;8;8
39;528;12;6;6
39;441;18;12;6
39;354;21;11;10
39;267;26;14;12
39;180;18;8;10
39;93;30;20;10
39;6;38;16;22
39;1486;41;16;25
39;1399;18;6;12
39;1312;18;18;0
39;1225;16;7;9
39;1138;22;11;11
39;1051;22;9;13
39;964;27;16;11
39;877;24;10;14
39;790;13;5;8
39;703;17;9;8
39;616;12;6;6
39;529;17;12;5
39;442;18;9;9
39;355;26;15;11
39;268;18;7;11
39;181;31;21;10
39;94;36;14;22
39;7;34;22;12
39;1487;19;8;11
39;1400;20;20;0
39;1313;14;6;8
39;1226;23;11;12
39;1139;20;9;11
39;1052;20;11;9
39;965;23;11;12
39;878;14;9;5
39;791;17;10;7
39;704;13;7;6
39;617;18;13;5
39;530;19;9;10
39;443;24;13;11
39;356;17;7;10
39;269;30;20;10
39;182;34;13;21
39;95;31;20;11
39;8;30;18;12
39;1488;23;21;2
39;1401;16;9;7
39;1314;24;12;12
39;1227;21;8;13
39;1140;19;9;10
39;1053;24;13;11
39;966;17;11;6
39;879;27;16;11
39;792;12;7;5
39;705;19;13;6
39;618;19;8;11
39;531;24;13;11
39;444;17;6;11
39;357;29;20;9
39;270;33;12;21
39;183;29;19;10
39;96;27;16;11
39;9;35;15;20
39;1489;16;8;8
39;1402;28;16;12
39;1315;22;10;12
39;1228;19;8;11
39;1141;21;10;11
39;1054;20;13;7
39;967;27;16;11
39;880;24;16;8
39;793;20;13;7
39;706;23;9;14
39;619;22;12;10
39;532;14;5;9
39;445;26;17;9
39;358;35;13;22
39;271;29;19;10
39;184;27;16;11
39;97;32;13;19
39;10;41;22;19
39;1490;30;16;14
39;1403;20;9;11
39;1316;19;8;11
39;1229;22;11;11
39;1142;19;13;6
39;1055;28;16;12
39;968;22;14;8
39;881;22;15;7
39;794;22;9;13
39;707;22;13;9
39;620;16;6;10
39;533;25;16;9
39;446;31;10;21
39;359;28;18;10
39;272;28;16;12
39;185;31;13;18
39;98;39;20;19
39;11;39;15;24
39;1491;25;11;14
39;1404;18;8;10
39;1317;24;11;13
39;1230;17;13;4
39;1143;30;16;14
39;1056;22;15;7
39;969;22;14;8
39;882;26;13;13
39;795;21;11;10
39;708;18;9;9
39;621;27;16;11
39;534;31;11;20
39;447;25;15;10
39;360;26;15;11
39;273;29;12;17
39;186;37;19;18
39;99;36;13;23
39;12;40;20;20
39;1492;20;10;10
39;1405;26;12;14
39;1318;19;13;6
39;1231;32;18;14
39;1144;23;16;7
39;1057;21;13;8
39;970;25;12;13
39;883;28;14;14
39;796;16;8;8
39;709;29;18;11
39;622;33;12;21
39;535;25;15;10
39;448;25;14;11
39;361;29;12;17
39;274;36;19;17
39;187;37;14;23
39;100;38;19;19
39;13;27;13;14
39;1493;31;13;18
39;1406;21;13;8
39;1319;38;22;16
39;1232;25;16;9
39;1145;20;12;8
39;1058;27;14;13
39;971;27;14;13
39;884;23;12;11
39;797;27;17;10
39;710;34;13;21
39;623;24;14;10
39;536;23;13;10
39;449;26;10;16
39;362;34;18;16
39;275;36;13;23
39;188;36;18;18
39;101;25;12;13
39;14;43;26;17
39;1494;21;13;8
39;1407;39;22;17
39;1320;26;17;9
39;1233;19;12;7
39;1146;28;14;14
39;1059;25;13;12
39;972;24;12;12
39;885;38;23;15
39;798;34;13;21
39;711;23;13;10
39;624;27;15;12
39;537;26;10;16
39;450;32;16;16
39;363;34;12;22
39;276;36;18;18
39;189;25;11;14
39;102;39;23;16
39;15;45;25;20
39;1495;40;22;18
39;1408;23;16;7
39;1321;17;11;6
39;1234;26;11;15
39;1147;23;13;10
39;1060;22;10;12
39;973;35;22;13
39;886;46;21;25
39;799;23;13;10
39;712;29;16;13
39;625;27;11;16
39;538;33;16;17
39;451;32;11;21
39;364;36;18;18
39;277;24;10;14
39;190;37;22;15
39;103;41;22;19
39;16;42;19;23
39;1496;26;18;8
39;1409;17;12;5
39;1322;27;12;15
39;1235;25;13;12
39;1148;24;11;13
39;1061;35;23;12
39;974;43;21;22
39;887;32;18;14
39;800;29;16;13
39;713;31;13;18
39;626;32;16;16
39;539;32;10;22
39;452;33;16;17
39;365;23;9;14
39;278;34;20;14
39;191;40;22;18
39;104;39;17;22
39;17;33;19;14
39;1497;18;12;6
39;1410;26;11;15
39;1323;28;15;13
39;1236;25;12;13
39;1149;34;22;12
39;1062;45;22;23
39;975;34;20;14
39;888;29;20;9
39;801;29;12;17
39;714;35;17;18
39;627;34;11;23
39;540;33;15;18
39;453;24;10;14
39;366;32;19;13
39;279;37;21;16
39;192;37;16;21
39;105;30;17;13
39;18;44;24;20
39;1498;29;14;15
39;1411;31;17;14
39;1324;28;14;14
39;1237;37;22;15
39;1150;47;21;26
39;1063;35;21;14
39;976;30;20;10
39;889;31;12;19
39;802;34;16;18
39;715;35;12;23
39;628;35;17;18
39;541;22;9;13
39;454;28;15;13
39;367;38;22;16
39;280;33;15;18
39;193;29;16;13
39;106;41;21;20
39;19;27;20;7
39;1499;36;22;14
39;1412;26;13;13
39;1325;41;23;18
39;1238;51;25;26
39;1151;35;21;14
39;1064;30;19;11
39;977;30;11;19
39;890;34;21;13
39;803;32;12;20
39;716;38;18;20
39;629;23;8;15
39;542;27;15;12
39;455;34;18;16
39;368;34;16;18
39;281;27;15;12
39;194;38;21;17
39;107;24;17;7
39;20;17;6;11
39;1500;27;14;13
39;1413;43;24;19
39;1326;55;27;28
39;1239;39;23;16
39;1152;30;18;12
39;1065;31;12;19
39;978;39;23;16
39;891;34;13;21
39;804;38;18;20
39;717;25;10;15
39;630;27;15;12
39;543;31;17;14
39;456;31;14;17
39;369;29;16;13
39;282;38;21;17
39;195;22;16;6
39;108;14;4;10
39;21;33;17;16
39;1501;40;23;17
39;1414;51;26;25
39;1327;39;23;16
39;1240;30;19;11
39;1153;33;12;21
39;1066;41;25;16
39;979;33;12;21
39;892;28;13;15
39;805;20;8;12
39;718;27;15;12
39;631;32;16;16
39;544;33;15;18
39;457;28;16;12
39;370;36;20;16
39;283;23;14;9
39;196;14;4;10
39;109;30;16;14
39;22;25;16;9
39;1502;51;25;26
39;1415;43;25;18
39;1328;29;19;10
39;1241;36;13;23
39;1154;43;26;17
39;1067;33;11;22
39;980;30;15;15
39;893;21;10;11
39;806;27;15;12
39;719;34;17;17
39;632;31;13;18
39;545;27;15;12
39;458;35;19;16
39;371;22;13;9
39;284;20;6;14
39;197;30;15;15
39;110;21;12;9
39;23;36;22;14
39;1503;37;22;15
39;1416;26;19;7
39;1329;35;13;22
39;1242;43;26;17
39;1155;36;13;23
39;1068;31;16;15
39;981;25;13;12
39;894;39;22;17
39;807;34;16;18
39;720;35;15;20
39;633;29;15;14
39;546;34;18;16
39;459;20;12;8
39;372;20;6;14
39;285;32;17;15
39;198;21;12;9
39;111;33;20;13
39;24;33;17;16
39;1504;20;15;5
39;1417;36;15;21
39;1330;41;23;18
39;1243;43;16;27
39;1156;34;17;17
39;1069;30;17;13
39;982;41;22;19
39;895;32;16;16
39;808;34;14;20
39;721;31;15;16
39;634;36;19;17
39;547;21;11;10
39;460;16;4;12
39;373;32;17;15
39;286;21;11;10
39;199;34;20;14
39;112;32;17;15
39;25;26;17;9
39;1505;36;13;23
39;1418;40;23;17
39;1331;43;15;28
39;1244;38;17;21
39;1157;32;17;15
39;1070;41;24;17
39;983;38;23;15
39;896;34;16;18
39;809;33;15;18
39;722;43;21;22
39;635;25;11;14
39;548;18;7;11
39;461;32;18;14
39;374;23;13;10
39;287;34;21;13
39;200;32;16;16
39;113;23;15;8
39;26;22;11;11
39;1506;42;25;17
39;1419;42;16;26
39;1332;41;19;22
39;1245;34;17;17
39;1158;44;25;19
39;1071;41;23;18
39;984;38;21;17
39;897;28;14;14
39;810;41;21;20
39;723;27;13;14
39;636;19;7;12
39;549;29;16;13
39;462;27;17;10
39;375;34;20;14
39;288;35;18;17
39;201;26;15;11
39;114;20;10;10
39;27;24;15;9
39;1507;42;17;25
39;1420;44;20;24
39;1333;36;17;19
39;1246;45;28;17
39;1159;42;23;19
39;1072;40;21;19
39;985;32;14;18
39;898;36;18;18
39;811;31;15;16
39;724;20;8;12
39;637;30;17;13
39;550;26;16;10
39;463;36;20;16
39;376;38;18;20
39;289;26;16;10
39;202;20;9;11
39;115;22;14;8
39;28;37;17;20
39;1508;47;23;24
39;1421;42;22;20
39;1334;52;31;21
39;1247;40;24;16
39;1160;40;20;20
39;1073;34;17;17
39;986;32;17;15
39;899;35;16;19
39;812;20;8;12
39;725;35;20;15
39;638;26;17;9
39;551;38;21;17
39;464;37;15;22
39;377;24;16;8
39;290;26;13;13
39;203;20;13;7
39;116;34;15;19
39;29;38;18;20
39;1509;41;22;19
39;1422;58;33;25
39;1335;40;25;15
39;1248;43;21;22
39;1161;32;17;15
39;1074;36;22;14
39;987;40;19;21
39;900;34;17;17
39;813;34;20;14
39;726;31;20;11
39;639;44;22;22
39;552;39;17;22
39;465;31;18;13
39;378;26;14;12
39;291;22;15;7
39;204;35;15;20
39;117;34;15;19
39;30;36;19;17
39;1510;60;32;28
39;1423;38;24;14
39;1336;47;23;24
39;1249;35;18;17
39;1162;37;24;13
39;1075;43;22;21
39;988;36;16;20
39;901;42;28;14
39;814;32;20;12
39;727;47;23;24
39;640;43;19;24
39;553;34;19;15
39;466;33;18;15
39;379;31;21;10
39;292;37;18;19
39;205;33;15;18
39;118;34;18;16
39;31;38;17;21
39;1511;39;24;15
39;1424;48;24;24
39;1337;41;18;23
39;1250;47;29;18
39;1163;41;24;17
39;1076;36;15;21
39;989;39;25;14
39;902;32;18;14
39;815;45;24;21
39;728;47;20;27
39;641;37;21;16
39;554;35;18;17
39;467;33;21;12
39;380;40;20;20
39;293;35;17;18
39;206;32;17;15
39;119;35;14;21
39;32;40;19;21
39;1512;54;29;25
39;1425;31;14;17
39;1338;53;33;20
39;1251;42;25;17
39;1164;37;20;17
39;1077;40;25;15
39;990;31;16;15
39;903;39;20;19
39;816;45;18;27
39;729;45;27;18
39;642;34;18;16
39;555;36;23;13
39;468;38;19;19
39;381;39;20;19
39;294;37;19;18
39;207;37;15;22
39;120;37;17;20
39;33;36;20;16
39;1513;45;20;25
39;1426;52;33;19
39;1339;50;27;23
39;1252;43;23;20
39;1165;39;24;15
39;1078;36;18;18
39;991;39;19;20
39;904;51;25;26
39;817;45;26;19
39;730;34;18;16
39;643;41;23;18
39;556;40;19;21
39;469;36;19;17
39;382;37;19;18
39;295;37;16;21
39;208;35;16;19
39;121;33;18;15
39;34;33;12;21
39;1514;49;32;17
39;1427;53;32;21
39;1340;44;24;20
39;1253;44;24;20
39;1166;32;16;16
39;1079;43;23;20
39;992;54;26;28
39;905;27;14;13
39;818;29;14;15
39;731;45;27;18
39;644;43;23;20
39;557;39;19;20
39;470;37;17;20
39;383;42;20;22
39;296;36;16;20
39;209;33;17;16
39;122;31;11;20
39;35;36;13;23
39;1515;56;35;21
39;1428;47;27;20
39;1341;42;22;20
39;1254;36;20;16
39;1167;42;23;19
39;1080;53;25;28
39;993;29;14;15
39;906;28;14;14
39;819;42;24;18
39;732;46;25;21
39;645;44;22;22
39;558;38;18;20
39;471;40;19;21
39;384;41;19;22
39;297;32;18;14
39;210;29;10;19
39;123;34;12;22
39;36;43;26;17
39;1516;47;29;18
39;1429;42;24;18
39;1342;39;23;16
39;1255;49;28;21
39;1168;53;24;29
39;1081;33;15;18
39;994;33;18;15
39;907;37;24;13
39;820;46;24;22
39;733;47;25;22
39;646;40;22;18
39;559;34;16;18
39;472;38;17;21
39;385;39;21;18
39;298;31;11;20
39;211;33;11;22
39;124;42;24;18
39;37;24;13;11
39;1517;49;29;20
39;1430;40;23;17
39;1343;49;26;23
39;1256;54;24;30
39;1169;39;18;21
39;1082;32;17;15
39;995;39;24;15
39;908;38;18;20
39;821;46;25;21
39;734;46;29;17
39;647;37;17;20
39;560;36;16;20
39;473;35;19;16
39;386;29;12;17
39;299;37;12;25
39;212;41;23;18
39;125;22;12;10
39;38;36;12;24
39;1518;43;23;20
39;1431;55;28;27
39;1344;60;28;32
39;1257;41;21;20
39;1170;33;17;16
39;1083;41;25;16
39;996;31;15;16
39;909;39;20;19
39;822;48;30;18
39;735;43;20;23
39;648;39;18;21
39;561;32;17;15
39;474;31;14;17
39;387;40;14;26
39;300;47;27;20
39;213;22;12;10
39;126;34;11;23
39;39;41;20;21
39;1519;59;32;27
39;1432;55;27;28
39;1345;43;20;23
39;1258;38;21;17
39;1171;40;25;15
39;1084;38;19;19
39;997;39;21;18
39;910;39;25;14
39;823;41;20;21
39;736;38;18;20
39;649;36;21;15
39;562;30;14;16
39;475;38;13;25
39;388;50;29;21
39;301;28;15;13
39;214;32;10;22
39;127;37;17;20
39;40;56;26;30
39;1520;63;32;31
39;1433;47;20;27
39;1346;47;28;19
39;1259;41;26;15
39;1172;36;19;17
39;1085;33;16;17
39;998;41;28;13
39;911;38;21;17
39;824;36;15;21
39;737;40;24;16
39;650;38;17;21
39;563;38;13;25
39;476;49;28;21
39;389;32;16;16
39;302;32;13;19
39;215;35;16;19
39;128;51;23;28
39;41;43;17;26
39;1521;50;27;23
39;1434;47;27;20
39;1347;43;25;18
39;1260;39;21;18
39;1173;36;19;17
39;1086;36;25;11
39;999;36;21;15
39;912;47;22;25
39;825;38;22;16
39;738;41;19;22
39;651;39;13;26
39;564;47;27;20
39;477;33;17;16
39;390;37;18;19
39;303;45;21;24
39;216;49;22;27
39;129;40;15;25
39;42;42;21;21
39;1522;49;29;20
39;1435;48;29;19
39;1348;37;19;18
39;1261;39;19;20
39;1174;35;24;11
39;1087;39;22;17
39;1000;48;26;22
39;913;37;23;14
39;826;40;18;22
39;739;42;14;28
39;652;49;28;21
39;565;33;17;16
39;478;34;17;17
39;391;44;19;25
39;304;56;25;31
39;217;39;14;25
39;130;37;18;19
39;43;40;23;17
39;1523;51;31;20
39;1436;47;25;22
39;1349;41;21;20
39;1262;36;23;13
39;1175;44;25;19
39;1088;50;28;22
39;1001;39;25;14
39;914;39;18;21
39;827;39;12;27
39;740;51;31;20
39;653;35;19;16
39;566;35;18;17
39;479;43;19;24
39;392;58;28;30
39;305;45;18;27
39;218;37;18;19
39;131;37;21;16
39;44;41;22;19
39;1524;53;29;24
39;1437;42;23;19
39;1350;35;26;9
39;1263;45;24;21
39;1176;49;27;22
39;1089;41;26;15
39;1002;39;13;26
39;915;37;10;27
39;828;50;30;20
39;741;39;21;18
39;654;35;19;16
39;567;43;19;24
39;480;56;26;30
39;393;48;21;27
39;306;41;21;20
39;219;36;20;16
39;132;38;20;18
39;45;36;12;24
39;1525;46;25;21
39;1438;38;24;14
39;1351;43;24;19
39;1264;48;28;20
39;1177;42;25;17
39;1090;45;16;29
39;1003;36;11;25
39;916;58;37;21
39;829;36;18;18
39;742;41;24;17
39;655;44;20;24
39;568;53;24;29
39;481;48;19;29
39;394;42;22;20
39;307;41;25;16
39;220;36;19;17
39;133;35;12;23
39;46;37;19;18
39;1526;41;27;14
39;1439;44;25;19
39;1352;52;30;22
39;1265;41;23;18
39;1178;45;17;28
39;1091;35;11;24
39;1004;58;36;22
39;917;29;18;11
39;830;38;22;16
39;743;46;21;25
39;656;54;26;28
39;569;46;19;27
39;482;42;18;24
39;395;43;27;16
39;308;40;22;18
39;221;33;11;22
39;134;35;18;17
39;47;29;8;21
39;1527;45;25;20
39;1440;56;32;24
39;1353;43;25;18
39;1266;48;20;28
39;1179;35;12;23
39;1092;59;34;25
39;1005;32;19;13
39;918;46;24;22
39;831;46;20;26
39;744;56;26;30
39;657;50;20;30
39;570;42;18;24
39;483;41;25;16
39;396;44;25;19
39;309;33;12;21
39;222;33;17;16
39;135;27;7;20
39;48;32;15;17
39;1528;60;35;25
39;1441;47;26;21
39;1354;52;24;28
39;1267;40;12;28
39;1180;57;31;26
39;1093;35;20;15
39;1006;46;25;21
39;919;52;29;23
39;832;54;23;31
39;745;56;22;34
39;658;45;20;25
39;571;43;27;16
39;484;45;24;21
39;397;36;15;21
39;310;35;19;16
39;223;29;9;20
39;136;29;13;16
39;49;32;16;16
39;1529;50;29;21
39;1442;55;27;28
39;1355;42;12;30
39;1268;65;37;28
39;1181;38;23;15
39;1094;49;27;22
39;1007;58;31;27
39;920;58;28;30
39;833;56;22;34
39;746;49;22;27
39;659;44;26;18
39;572;48;25;23
39;485;36;16;20
39;398;39;21;18
39;311;32;11;21
39;224;29;13;16
39;137;29;14;15
39;50;43;22;21
39;1530;60;32;28
39;1443;48;18;30
39;1356;63;34;29
39;1269;40;25;15
39;1182;46;24;22
39;1095;64;35;29
39;1008;62;32;30
39;921;56;25;31
39;834;48;21;27
39;747;50;31;19
39;660;47;24;23
39;573;35;15;20
39;486;39;21;18
39;399;32;11;21
39;312;28;12;16
39;225;30;14;16
39;138;38;18;20
39;51;37;18;19
39;1531;50;18;32
39;1444;64;34;30
39;1357;44;27;17
39;1270;47;22;25
39;1183;62;33;29
39;1096;65;34;31
39;1009;56;26;30
39;922;48;22;26
39;835;46;28;18
39;748;49;24;25
39;661;36;15;21
39;574;37;20;17
39;487;30;10;20
39;400;31;14;17
39;313;32;16;16
39;226;35;16;19
39;139;34;16;18
39;52;35;19;16
39;1532;66;35;31
39;1445;46;28;18
39;1358;52;25;27
39;1271;64;32;32
39;1184;63;32;31
39;1097;57;27;30
39;1010;49;21;28
39;923;45;28;17
39;836;45;19;26
39;749;37;16;21
39;662;37;19;18
39;575;31;11;20
39;488;32;14;18
39;401;34;19;15
39;314;38;17;21
39;227;32;16;16
39;140;32;17;15
39;53;22;10;12
39;1533;50;30;20
39;1446;51;25;26
39;1359;63;31;32
39;1272;64;31;33
39;1185;57;28;29
39;1098;49;21;28
39;1011;46;29;17
39;924;43;14;29
39;837;35;16;19
39;750;41;22;19
39;663;33;12;21
39;576;29;11;18
39;489;32;16;16
39;402;42;19;23
39;315;35;19;16
39;228;30;16;14
39;141;19;8;11
39;54;27;12;15
39;1534;54;27;27
39;1447;61;29;32
39;1360;67;32;35
39;1273;59;29;30
39;1186;48;22;26
39;1099;45;29;16
39;1012;43;14;29
39;925;30;13;17
39;838;38;20;18
39;751;38;15;23
39;664;30;11;19
39;577;33;16;17
39;490;38;17;21
39;403;36;20;16
39;316;30;17;13
39;229;19;8;11
39;142;25;11;14
39;55;23;9;14
39;1535;63;31;32
39;1448;68;33;35
39;1361;60;29;31
39;1274;46;20;26
39;1187;46;30;16
39;1100;45;15;30
39;1013;34;14;20
39;926;42;22;20
39;839;38;14;24
39;752;33;12;21
39;665;31;15;16
39;578;37;17;20
39;491;33;18;15
39;404;30;17;13
39;317;19;8;11
39;230;25;11;14
39;143;21;8;13
39;56;19;10;9
39;1536;68;30;38
39;1449;60;27;33
39;1362;47;20;27
39;1275;46;30;16
39;1188;43;15;28
39;1101;36;15;21
39;1014;41;21;20
39;927;31;9;22
39;840;32;13;19
39;753;32;16;16
39;666;35;16;19
39;579;35;19;16
39;492;28;16;12
39;405;23;10;13
39;318;25;10;15
39;231;21;8;13
39;144;17;9;8
39;57;26;12;14
39;1537;63;29;34
39;1450;50;22;28
39;1363;50;33;17
39;1276;45;16;29
39;1189;37;14;23
39;1102;43;23;20
39;1015;29;8;21
39;928;33;12;21
39;841;30;15;15
39;754;35;17;18
39;667;34;18;16
39;580;26;14;12
39;493;22;11;11
39;406;26;10;16
39;319;19;7;12
39;232;17;9;8
39;145;23;11;12
39;58;19;6;13
39;1538;52;24;28
39;1451;50;32;18
39;1364;46;18;28
39;1277;41;16;25
39;1190;42;22;20
39;1103;30;9;21
39;1016;33;13;20
39;929;29;12;17
39;842;36;18;18
39;755;35;19;16
39;668;27;15;12
39;581;20;8;12
39;494;24;8;16
39;407;18;6;12
39;320;16;9;7
39;233;22;10;12
39;146;16;4;12
39;59;33;15;18
39;1539;48;30;18
39;1452;45;18;27
39;1365;39;14;25
39;1278;44;22;22
39;1191;30;9;21
39;1104;35;14;21
39;1017;29;12;17
39;930;43;22;21
39;843;32;17;15
39;756;29;17;12
39;669;19;9;10
39;582;24;8;16
39;495;17;6;11
39;408;19;11;8
39;321;23;9;14
39;234;17;4;13
39;147;28;12;16
39;60;20;7;13
39;1540;46;18;28
39;1453;45;18;27
39;1366;46;22;24
39;1279;34;11;23
39;1192;34;13;21
39;1105;28;12;16
39;1018;45;23;22
39;931;41;17;24
39;844;26;15;11
39;757;20;9;11
39;670;25;9;16
39;583;16;5;11
39;496;14;8;6
39;409;24;10;14
39;322;18;6;12
39;235;27;11;16
39;148;19;7;12
39;61;26;10;16
39;1541;45;18;27
39;1454;45;22;23
39;1367;34;12;22
39;1280;34;14;20
39;1193;31;14;17
39;1106;45;23;22
39;1019;39;15;24
39;932;34;18;16
39;845;19;8;11
39;758;27;10;17
39;671;16;5;11
39;584;14;9;5
39;497;22;10;12
39;410;19;6;13
39;323;27;12;15
39;236;18;6;12
39;149;24;9;15
39;62;26;14;12
39;1542;48;21;27
39;1455;32;11;21
39;1368;34;13;21
39;1281;33;14;19
39;1194;45;24;21
39;1107;38;13;25
39;1020;34;17;17
39;933;20;7;13
39;846;26;9;17
39;759;18;6;12
39;672;17;12;5
39;585;20;9;11
39;498;19;6;13
39;411;25;11;14
39;324;21;9;12
39;237;24;9;15
39;150;26;14;12
39;63;26;16;10
39;1543;32;11;21
39;1456;34;13;21
39;1369;35;14;21
39;1282;43;23;20
39;1195;41;16;25
39;1108;35;18;17
39;1021;20;7;13
39;934;28;8;20
39;847;17;6;11
39;760;18;13;5
39;673;20;10;10
39;586;18;6;12
39;499;26;12;14
39;412;23;10;13
39;325;23;9;14
39;238;24;14;10
39;151;25;15;10
39;64;22;7;15
39;1544;36;14;22
39;1457;34;14;20
39;1370;44;24;20
39;1283;42;16;26
39;1196;36;18;18
39;1109;21;7;14
39;1022;29;8;21
39;935;22;9;13
39;848;17;11;6
39;761;22;11;11
39;674;18;7;11
39;587;25;11;14
39;500;23;11;12
39;413;25;11;14
39;326;24;15;9
39;239;27;17;10
39;152;20;6;14
39;65;14;5;9
39;1545;35;14;21
39;1458;44;24;20
39;1371;40;15;25
39;1284;32;15;17
39;1197;20;6;14
39;1110;29;7;22
39;1023;21;7;14
39;936;17;11;6
39;849;21;11;10
39;762;18;7;11
39;675;24;11;13
39;588;22;10;12
39;501;21;8;13
39;414;22;14;8
39;327;19;11;8
39;240;22;6;16
39;153;14;5;9
39;66;29;11;18
39;1546;46;25;21
39;1459;39;15;24
39;1372;33;16;17
39;1285;21;7;14
39;1198;31;8;23
39;1111;21;7;14
39;1024;17;11;6
39;937;24;10;14
39;850;17;7;10
39;763;26;13;13
39;676;22;10;12
39;589;21;8;13
39;502;20;12;8
39;415;19;10;9
39;328;20;6;14
39;241;11;4;7
39;154;26;9;17
39;67;24;11;13
39;1547;38;16;22
39;1460;33;16;17
39;1373;21;7;14
39;1286;32;9;23
39;1199;23;9;14
39;1112;16;10;6
39;1025;22;10;12
39;938;17;6;11
39;851;24;12;12
39;764;21;10;11
39;677;20;7;13
39;590;18;12;6
39;503;18;10;8
39;416;19;7;12
39;329;9;3;6
39;242;26;9;17
39;155;21;9;12
39;68;17;8;9
39;1548;31;15;16
39;1461;21;7;14
39;1374;31;9;22
39;1287;21;7;14
39;1200;15;9;6
39;1113;22;10;12
39;1026;16;5;11
39;939;27;13;14
39;852;19;9;10
39;765;21;8;13
39;678;19;12;7
39;591;17;10;7
39;504;19;7;12
39;417;9;3;6
39;330;26;10;16
39;243;21;9;12
39;156;17;7;10
39;69;22;9;13
39;1549;18;6;12
39;1462;32;9;23
39;1375;22;7;15
39;1288;16;9;7
39;1201;22;10;12
39;1114;13;4;9
39;1027;28;13;15
39;940;22;9;13
39;853;21;8;13
39;766;20;13;7
39;679;14;8;6
39;592;17;6;11
39;505;9;3;6
39;418;26;10;16
39;331;21;8;13
39;244;15;7;8
39;157;18;7;11
39;70;29;12;17
39;1550;31;10;21
39;1463;21;6;15
39;1376;16;9;7
39;1289;21;10;11
39;1202;13;4;9
39;1115;26;13;13
39;1028;19;7;12
39;941;25;11;14
39;854;18;10;8
39;767;15;9;6
39;680;16;6;10
39;593;9;3;6
39;506;24;9;15
39;419;19;7;12
39;332;17;8;9
39;245;17;7;10
39;158;25;8;17
39;71;23;6;17
39;1551;23;7;16
39;1464;16;8;8
39;1377;21;10;11
39;1290;11;3;8
39;1203;27;14;13
39;1116;21;9;12
39;1029;26;12;14
39;942;20;11;9
39;855;16;9;7
39;768;16;6;10
39;681;10;4;6
39;594;23;8;15
39;507;18;6;12
39;420;16;7;9
39;333;17;7;10
39;246;22;8;14
39;159;20;5;15
39;72;11;4;7
39;1552;13;6;7
39;1465;21;10;11
39;1378;12;3;9
39;1291;24;11;13
39;1204;20;8;12
39;1117;26;11;15
39;1030;20;11;9
39;943;17;10;7
39;856;15;5;10
39;769;9;3;6
39;682;21;7;14
39;595;15;5;10
39;508;14;6;8
39;421;17;7;10
39;334;23;9;14
39;247;19;4;15
39;160;9;2;7
39;73;21;8;13
39;1553;21;10;11
39;1466;12;3;9
39;1379;22;11;11
39;1292;20;8;12
39;1205;24;10;14
39;1118;18;10;8
39;1031;20;12;8
39;944;20;6;14
39;857;8;3;5
39;770;20;7;13
39;683;14;5;9
39;596;16;7;9
39;509;15;6;9
39;422;21;8;13
39;335;20;4;16
39;248;8;2;6
39;161;19;7;12
39;74;22;4;18
39;1554;12;4;8
39;1467;23;12;11
39;1380;19;8;11
39;1293;24;10;14
39;1206;18;10;8
39;1119;16;10;6
39;1032;19;6;13
39;945;10;3;7
39;858;18;5;13
39;771;14;5;9
39;684;13;5;8
39;597;15;6;9
39;510;20;7;13
39;423;18;4;14
39;336;5;0;5
39;249;17;7;10
39;162;20;3;17
39;75;11;4;7
39;1555;23;12;11
39;1468;17;6;11
39;1381;23;9;14
39;1294;17;9;8
39;1207;14;9;5
39;1120;18;6;12
39;1033;9;2;7
39;946;23;8;15
39;859;12;4;8
39;772;14;5;9
39;685;14;5;9
39;598;19;7;12
39;511;14;1;13
39;424;4;0;4
39;337;18;8;10
39;250;18;3;15
39;163;9;3;6
39;76;15;2;13
39;1556;16;5;11
39;1469;21;8;13
39;1382;16;9;7
39;1295;14;9;5
39;1208;17;5;12
39;1121;7;1;6
39;1034;23;8;15
39;947;14;4;10
39;860;10;3;7
39;773;15;6;9
39;686;18;6;12
39;599;13;1;12
39;512;3;0;3
39;425;16;6;10
39;338;18;3;15
39;251;8;2;6
39;164;12;2;10
39;77;8;1;7
39;1557;20;7;13
39;1470;14;7;7
39;1383;12;7;5
39;1296;16;4;12
39;1209;6;0;6
39;1122;21;8;13
39;1035;14;4;10
39;948;13;5;8
39;861;14;5;9
39;774;17;5;12
39;687;12;1;11
39;600;3;0;3
39;513;12;4;8
39;426;16;2;14
39;339;8;2;6
39;252;11;2;9
39;165;8;1;7
39;78;9;4;5
39;1558;14;7;7
39;1471;12;7;5
39;1384;16;3;13
39;1297;6;0;6
39;1210;20;8;12
39;1123;14;4;10
39;1036;11;5;6
39;949;17;7;10
39;862;16;5;11
39;775;11;1;10
39;688;3;0;3
39;601;10;3;7
39;514;17;3;14
39;427;7;2;5
39;340;11;3;8
39;253;8;1;7
39;166;9;4;5
39;79;8;2;6
39;1559;11;7;4
39;1472;17;3;14
39;1385;7;0;7
39;1298;18;7;11
39;1211;12;2;10
39;1124;10;4;6
39;1037;16;6;10
39;950;18;6;12
39;863;10;1;9
39;776;3;0;3
39;689;9;3;6
39;602;16;3;13
39;515;6;1;5
39;428;10;2;8
39;341;7;1;6
39;254;8;4;4
39;167;8;2;6
39;80;8;3;5
39;1560;15;2;13
39;1473;7;0;7
39;1386;18;7;11
39;1299;11;2;9
39;1212;10;4;6
39;1125;15;5;10
39;1038;14;3;11
39;951;12;2;10
39;864;2;0;2
39;777;9;3;6
39;690;15;3;12
39;603;5;1;4
39;516;8;1;7
39;429;6;1;5
39;342;8;3;5
39;255;6;1;5
39;168;7;2;5
39;81;6;1;5
39;1561;6;0;6
39;1474;17;7;10
39;1387;10;2;8
39;1300;10;4;6
39;1213;15;5;10
39;1126;14;3;11
39;1039;11;2;9
39;952;3;1;2
39;865;10;4;6
39;778;13;3;10
39;691;5;1;4
39;604;10;3;7
39;517;6;1;5
39;430;7;2;5
39;343;6;1;5
39;256;7;2;5
39;169;6;1;5
39;82;4;0;4
39;1562;17;7;10
39;1475;9;1;8
39;1388;10;4;6
39;1301;14;4;10
39;1214;13;3;10
39;1127;11;2;9
39;1040;3;1;2
39;953;12;5;7
39;866;12;3;9
39;779;4;1;3
39;692;10;3;7
39;605;4;0;4
39;518;6;2;4
39;431;6;1;5
39;344;7;2;5
39;257;6;1;5
39;170;4;0;4
39;83;5;0;5
39;1563;7;0;7
39;1476;9;4;5
39;1389;13;4;9
39;1302;11;2;9
39;1215;9;1;8
39;1128;4;1;3
39;1041;10;4;6
39;954;12;2;10
39;867;4;1;3
39;780;7;3;4
39;693;4;0;4
39;606;4;1;3
39;519;5;1;4
39;432;6;1;5
39;345;6;1;5
39;258;4;0;4
39;171;4;0;4
39;84;0;0;0
39;1564;7;2;5
39;1477;15;5;10
39;1390;11;2;9
39;1303;7;0;7
39;1216;3;0;3
39;1129;8;3;5
39;1042;10;2;8
39;955;5;1;4
39;868;6;2;4
39;781;3;0;3
39;694;4;1;3
39;607;5;1;4
39;520;4;1;3
39;433;5;1;4
39;346;5;0;5
39;259;4;0;4
39;172;0;0;0
39;85;3;0;3
39;1565;37;5;32
39;1478;30;2;28
39;1391;27;4;23
39;1304;22;4;18
39;1217;31;6;25
39;1130;27;4;23
39;1043;24;3;21
39;956;24;5;19
39;869;24;1;23
39;782;20;1;19
39;695;18;1;17
39;608;15;0;15
39;521;14;0;14
39;434;17;1;16
39;347;16;2;14
39;260;13;2;11
39;173;16;2;14
39;86;21;6;15
39;1566;3224;1621;1603
39;1479;3097;1545;1552
39;1392;3020;1493;1527
39;1305;2879;1427;1452
39;1218;2752;1367;1385
39;1131;2719;1351;1368
39;1044;2641;1302;1339
39;957;2564;1260;1304
39;870;2403;1133;1270
39;783;2477;1192;1285
39;696;2300;1075;1225
39;609;2204;1020;1184
39;522;2230;1039;1191
39;435;2316;1109;1207
39;348;2244;1056;1188
39;261;2160;993;1167
39;174;2202;1011;1191
39;87;2399;1138;1261
40;1480;79;37;42
40;1393;102;47;55
40;1306;106;53;53
40;1219;94;46;48
40;1132;110;50;60
40;1045;130;74;56
40;958;101;47;54
40;871;85;37;48
40;784;100;55;45
40;697;112;60;52
40;610;96;46;50
40;523;97;47;50
40;436;120;61;59
40;349;105;53;52
40;262;113;59;54
40;175;129;63;66
40;88;128;54;74
40;1;167;67;100
40;1481;101;48;53
40;1394;103;50;53
40;1307;96;46;50
40;1220;110;50;60
40;1133;130;73;57
40;1046;100;48;52
40;959;85;38;47
40;872;82;42;40
40;785;108;57;51
40;698;95;45;50
40;611;95;47;48
40;524;117;60;57
40;437;101;51;50
40;350;111;57;54
40;263;128;63;65
40;176;130;56;74
40;89;166;65;101
40;2;146;78;68
40;1482;101;48;53
40;1395;96;47;49
40;1308;106;47;59
40;1221;117;66;51
40;1134;96;43;53
40;1047;81;35;46
40;960;83;44;39
40;873;88;42;46
40;786;92;44;48
40;699;95;47;48
40;612;113;58;55
40;525;102;52;50
40;438;107;54;53
40;351;128;63;65
40;264;129;55;74
40;177;167;66;101
40;90;142;77;65
40;3;178;93;85
40;1483;93;47;46
40;1396;96;43;53
40;1309;108;59;49
40;1222;92;40;52
40;1135;73;32;41
40;1048;87;46;41
40;961;87;40;47
40;874;82;43;39
40;787;94;46;48
40;700;113;57;56
40;613;100;52;48
40;526;101;52;49
40;439;121;58;63
40;352;129;55;74
40;265;166;65;101
40;178;146;81;65
40;91;181;95;86
40;4;155;80;75
40;1484;92;43;49
40;1397;105;56;49
40;1310;87;37;50
40;1223;65;27;38
40;1136;82;42;40
40;1049;87;41;46
40;962;77;42;35
40;875;73;37;36
40;788;111;57;54
40;701;97;51;46
40;614;100;52;48
40;527;119;57;62
40;440;124;52;72
40;353;164;66;98
40;266;144;79;65
40;179;181;94;87
40;92;154;79;75
40;5;136;62;74
40;1485;103;54;49
40;1398;85;33;52
40;1311;63;28;35
40;1224;83;43;40
40;1137;87;42;45
40;1050;72;40;32
40;963;74;38;36
40;876;95;50;45
40;789;96;51;45
40;702;96;52;44
40;615;114;56;58
40;528;120;50;70
40;441;160;62;98
40;354;140;76;64
40;267;178;93;85
40;180;156;80;76
40;93;137;63;74
40;6;157;80;77
40;1486;82;32;50
40;1399;58;26;32
40;1312;78;40;38
40;1225;79;37;42
40;1138;65;36;29
40;1051;70;36;34
40;964;96;49;47
40;877;76;35;41
40;790;95;51;44
40;703;108;51;57
40;616;115;48;67
40;529;154;60;94
40;442;135;72;63
40;355;176;92;84
40;268;155;79;76
40;181;137;63;74
40;94;158;81;77
40;7;176;100;76
40;1487;56;25;31
40;1400;74;38;36
40;1313;76;35;41
40;1226;62;36;26
40;1139;69;35;34
40;1052;89;44;45
40;965;77;35;42
40;878;83;46;37
40;791;110;56;54
40;704;113;47;66
40;617;153;59;94
40;530;134;70;64
40;443;171;88;83
40;356;151;77;74
40;269;136;63;73
40;182;158;81;77
40;95;176;100;76
40;8;191;100;91
40;1488;71;37;34
40;1401;74;36;38
40;1314;60;36;24
40;1227;64;34;30
40;1140;86;43;43
40;1053;76;35;41
40;966;83;46;37
40;879;101;56;45
40;792;112;47;65
40;705;149;57;92
40;618;131;68;63
40;531;170;87;83
40;444;150;76;74
40;357;137;63;74
40;270;156;80;76
40;183;175;100;75
40;96;191;98;93
40;9;217;102;115
40;1489;70;32;38
40;1402;58;36;22
40;1315;66;34;32
40;1228;83;43;40
40;1141;75;34;41
40;1054;82;45;37
40;967;100;56;44
40;880;102;47;55
40;793;147;57;90
40;706;130;67;63
40;619;168;85;83
40;532;147;76;71
40;445;136;61;75
40;358;155;79;76
40;271;171;97;74
40;184;194;99;95
40;97;220;103;117
40;10;237;112;125
40;1490;53;34;19
40;1403;66;32;34
40;1316;81;41;40
40;1229;70;30;40
40;1142;81;44;37
40;1055;96;53;43
40;968;104;46;58
40;881;143;62;81
40;794;129;67;62
40;707;157;81;76
40;620;147;75;72
40;533;135;61;74
40;446;152;77;75
40;359;169;96;73
40;272;192;98;94
40;185;219;103;116
40;98;236;113;123
40;11;223;107;116
40;1491;63;32;31
40;1404;83;41;42
40;1317;66;25;41
40;1230;78;42;36
40;1143;93;51;42
40;1056;104;47;57
40;969;142;61;81
40;882;124;66;58
40;795;157;81;76
40;708;144;74;70
40;621;132;59;73
40;534;152;78;74
40;447;166;94;72
40;360;189;96;93
40;273;216;101;115
40;186;234;112;122
40;99;221;105;116
40;12;197;117;80
40;1492;82;42;40
40;1405;66;25;41
40;1318;75;41;34
40;1231;91;50;41
40;1144;100;44;56
40;1057;140;61;79
40;970;118;62;56
40;883;161;90;71
40;796;143;74;69
40;709;127;56;71
40;622;146;76;70
40;535;162;91;71
40;448;186;93;93
40;361;213;101;112
40;274;232;111;121
40;187;218;104;114
40;100;194;115;79
40;13;205;101;104
40;1493;64;23;41
40;1406;75;41;34
40;1319;86;47;39
40;1232;96;42;54
40;1145;140;62;78
40;1058;120;64;56
40;971;160;89;71
40;884;142;74;68
40;797;124;55;69
40;710;144;75;69
40;623;160;90;70
40;536;184;92;92
40;449;207;96;111
40;362;227;108;119
40;275;213;103;110
40;188;192;114;78
40;101;202;100;102
40;14;228;126;102
40;1494;72;39;33
40;1407;85;48;37
40;1320;96;43;53
40;1233;142;64;78
40;1146;117;62;55
40;1059;160;90;70
40;972;144;75;69
40;885;117;55;62
40;798;142;74;68
40;711;159;89;70
40;624;179;91;88
40;537;204;95;109
40;450;220;102;118
40;363;206;100;106
40;276;186;112;74
40;189;198;97;101
40;102;223;122;101
40;15;242;133;109
40;1495;82;46;36
40;1408;95;43;52
40;1321;138;62;76
40;1234;114;62;52
40;1147;158;89;69
40;1060;135;69;66
40;973;116;57;59
40;886;141;70;71
40;799;158;89;69
40;712;176;90;86
40;625;201;92;109
40;538;219;103;116
40;451;202;98;104
40;364;186;112;74
40;277;192;96;96
40;190;221;121;100
40;103;240;132;108
40;16;256;130;126
40;1496;91;42;49
40;1409;136;61;75
40;1322;110;60;50
40;1235;158;90;68
40;1148;130;67;63
40;1061;116;56;60
40;974;142;70;72
40;887;160;89;71
40;800;173;88;85
40;713;198;92;106
40;626;213;100;113
40;539;204;101;103
40;452;179;107;72
40;365;186;92;94
40;278;214;117;97
40;191;238;131;107
40;104;251;128;123
40;17;223;107;116
40;1497;135;62;73
40;1410;106;56;50
40;1323;152;86;66
40;1236;128;66;62
40;1149;115;55;60
40;1062;139;68;71
40;975;159;88;71
40;888;165;86;79
40;801;195;90;105
40;714;210;98;112
40;627;199;101;98
40;540;175;104;71
40;453;180;90;90
40;366;210;115;95
40;279;231;128;103
40;192;243;125;118
40;105;218;104;114
40;18;203;107;96
40;1498;103;55;48
40;1411;144;83;61
40;1324;127;67;60
40;1237;114;54;60
40;1150;136;68;68
40;1063;157;88;69
40;976;163;86;77
40;889;190;91;99
40;802;204;95;109
40;715;194;100;94
40;628;169;101;68
40;541;173;87;86
40;454;200;111;89
40;367;223;125;98
40;280;237;123;114
40;193;212;101;111
40;106;203;105;98
40;19;162;77;85
40;1499;140;78;62
40;1412;120;66;54
40;1325;112;52;60
40;1238;133;67;66
40;1151;157;88;69
40;1064;154;81;73
40;977;186;91;95
40;890;176;74;102
40;803;187;96;91
40;716;164;99;65
40;629;168;87;81
40;542;196;106;90
40;455;208;116;92
40;368;234;121;113
40;281;203;97;106
40;194;197;104;93
40;107;156;74;82
40;20;160;94;66
40;1500;111;64;47
40;1413;101;47;54
40;1326;127;66;61
40;1239;153;87;66
40;1152;155;81;74
40;1065;176;88;88
40;978;177;76;101
40;891;167;90;77
40;804;158;95;63
40;717;166;85;81
40;630;188;103;85
40;543;200;113;87
40;456;217;111;106
40;369;195;93;102
40;282;192;100;92
40;195;156;73;83
40;108;158;93;65
40;21;155;80;75
40;1501;93;44;49
40;1414;122;63;59
40;1327;146;81;65
40;1240;154;82;72
40;1153;172;88;84
40;1066;167;71;96
40;979;158;90;68
40;892;139;86;53
40;805;160;83;77
40;718;187;102;85
40;631;192;111;81
40;544;204;106;98
40;457;182;85;97
40;370;186;99;87
40;283;153;73;80
40;196;153;89;64
40;109;155;82;73
40;22;152;94;58
40;1502;117;60;57
40;1415;136;76;60
40;1328;143;75;68
40;1241;168;86;82
40;1154;156;66;90
40;1067;151;87;64
40;980;128;83;45
40;893;128;69;59
40;806;175;96;79
40;719;187;109;78
40;632;196;102;94
40;545;179;87;92
40;458;176;95;81
40;371;145;71;74
40;284;153;90;63
40;197;160;83;77
40;110;148;91;57
40;23;168;89;79
40;1503;132;73;59
40;1416;128;69;59
40;1329;156;80;76
40;1242;149;67;82
40;1155;147;86;61
40;1068;120;77;43
40;981;124;66;58
40;894;143;84;59
40;807;176;103;73
40;720;195;102;93
40;633;169;85;84
40;546;164;86;78
40;459;133;67;66
40;372;152;87;65
40;285;159;82;77
40;198;141;84;57
40;111;166;87;79
40;24;159;84;75
40;1504;121;64;57
40;1417;150;79;71
40;1330;135;57;78
40;1243;141;84;57
40;1156;119;76;43
40;1069;120;67;53
40;982;132;75;57
40;895;126;66;60
40;808;183;94;89
40;721;158;81;77
40;634;159;82;77
40;547;129;65;64
40;460;138;80;58
40;373;153;84;69
40;286;142;83;59
40;199;165;86;79
40;112;158;83;75
40;25;146;65;81
40;1505;137;73;64
40;1418;132;54;78
40;1331;133;80;53
40;1244;113;76;37
40;1157;117;65;52
40;1070;125;70;55
40;983;114;60;54
40;896;130;64;66
40;809;151;77;74
40;722;152;81;71
40;635;124;64;60
40;548;128;72;56
40;461;138;76;62
40;374;135;79;56
40;287;158;83;75
40;200;153;80;73
40;113;148;66;82
40;26;134;67;67
40;1506;117;44;73
40;1419;125;76;49
40;1332;103;73;30
40;1245;115;64;51
40;1158;124;69;55
40;1071;115;60;55
40;984;114;59;55
40;897;110;59;51
40;810;144;78;66
40;723;114;62;52
40;636;123;70;53
40;549;133;74;59
40;462;125;73;52
40;375;149;75;74
40;288;150;77;73
40;201;146;67;79
40;114;130;63;67
40;27;136;88;48
40;1507;113;69;44
40;1420;97;68;29
40;1333;110;61;49
40;1246;115;68;47
40;1159;106;54;52
40;1072;107;55;52
40;985;108;56;52
40;898;89;50;39
40;811;112;60;52
40;724;113;64;49
40;637;127;68;59
40;550;121;70;51
40;463;139;72;67
40;376;139;69;70
40;289;136;61;75
40;202;122;54;68
40;115;136;87;49
40;28;154;83;71
40;1508;87;63;24
40;1421;96;58;38
40;1334;106;65;41
40;1247;98;53;45
40;1160;99;54;45
40;1073;107;56;51
40;986;80;45;35
40;899;77;35;42
40;812;103;58;45
40;725;121;66;55
40;638;112;66;46
40;551;131;69;62
40;464;130;65;65
40;377;136;62;74
40;290;115;50;65
40;203;137;91;46
40;116;150;79;71
40;29;163;76;87
40;1509;85;52;33
40;1422;100;63;37
40;1335;86;46;40
40;1248;91;48;43
40;1161;101;54;47
40;1074;75;43;32
40;987;72;30;42
40;900;83;45;38
40;813;119;64;55
40;726;103;61;42
40;639;124;66;58
40;552;126;63;63
40;465;124;59;65
40;378;114;47;67
40;291;126;83;43
40;204;148;78;70
40;117;159;74;85
40;30;187;94;93
40;1510;84;54;30
40;1423;80;42;38
40;1336;79;39;40
40;1249;90;51;39
40;1162;67;36;31
40;1075;67;28;39
40;988;73;38;35
40;901;104;54;50
40;814;99;60;39
40;727;118;62;56
40;640;122;62;60
40;553;120;56;64
40;466;103;40;63
40;379;119;82;37
40;292;141;76;65
40;205;156;72;84
40;118;182;91;91
40;31;157;83;74
40;1511;69;40;29
40;1424;67;33;34
40;1337;83;46;37
40;1250;60;33;27
40;1163;67;30;37
40;1076;74;43;31
40;989;100;52;48
40;902;99;51;48
40;815;112;60;52
40;728;115;59;56
40;641;108;51;57
40;554;100;39;61
40;467;112;76;36
40;380;130;71;59
40;293;156;70;86
40;206;181;90;91
40;119;158;83;75
40;32;162;91;71
40;1512;56;27;29
40;1425;76;40;36
40;1338;53;29;24
40;1251;65;32;33
40;1164;68;40;28
40;1077;98;53;45
40;990;94;51;43
40;903;102;52;50
40;816;113;60;53
40;729;102;50;52
40;642;98;37;61
40;555;106;75;31
40;468;124;67;57
40;381;149;66;83
40;294;182;90;92
40;207;155;82;73
40;120;161;89;72
40;33;144;81;63
40;1513;71;37;34
40;1426;50;27;23
40;1339;62;31;31
40;1252;61;37;24
40;1165;92;55;37
40;1078;88;46;42
40;991;97;49;48
40;904;118;71;47
40;817;101;46;55
40;730;94;38;56
40;643;100;71;29
40;556;126;68;58
40;469;146;65;81
40;382;181;90;91
40;295;152;79;73
40;208;160;88;72
40;121;142;80;62
40;34;171;87;84
40;1514;36;18;18
40;1427;50;24;26
40;1340;54;33;21
40;1253;92;54;38
40;1166;87;47;40
40;1079;97;50;47
40;992;114;68;46
40;905;100;47;53
40;818;92;37;55
40;731;96;68;28
40;644;121;65;56
40;557;140;64;76
40;470;180;89;91
40;383;145;72;73
40;296;153;85;68
40;209;141;80;61
40;122;172;88;84
40;35;142;70;72
40;1515;47;21;26
40;1428;45;27;18
40;1341;81;48;33
40;1254;81;44;37
40;1167;91;44;47
40;1080;111;67;44
40;993;96;46;50
40;906;92;42;50
40;819;92;66;26
40;732;114;62;52
40;645;135;61;74
40;558;175;86;89
40;471;141;70;71
40;384;151;86;65
40;297;135;77;58
40;210;169;87;82
40;123;137;66;71
40;36;157;82;75
40;1516;46;31;15
40;1429;74;44;30
40;1342;73;38;35
40;1255;87;46;41
40;1168;111;66;45
40;1081;86;37;49
40;994;90;44;46
40;907;106;62;44
40;820;115;61;54
40;733;129;54;75
40;646;171;83;88
40;559;135;66;69
40;472;142;80;62
40;385;133;76;57
40;298;165;84;81
40;211;138;67;71
40;124;156;82;74
40;37;149;76;73
40;1517;63;38;25
40;1430;69;34;35
40;1343;86;44;42
40;1256;109;65;44
40;1169;83;33;50
40;1082;85;41;44
40;995;102;61;41
40;908;117;61;56
40;821;126;52;74
40;734;171;80;91
40;647;130;63;67
40;560;142;79;63
40;473;128;74;54
40;386;160;85;75
40;299;133;64;69
40;212;151;78;73
40;125;144;73;71
40;38;166;82;84
40;1518;66;31;35
40;1431;78;38;40
40;1344;105;66;39
40;1257;82;33;49
40;1170;83;39;44
40;1083;99;58;41
40;996;109;57;52
40;909;127;60;67
40;822;168;78;90
40;735;133;63;70
40;648;137;76;61
40;561;125;71;54
40;474;155;79;76
40;387;129;64;65
40;300;148;76;72
40;213;140;70;70
40;126;166;80;86
40;39;174;88;86
40;1519;78;38;40
40;1432;103;63;40
40;1345;77;28;49
40;1258;84;40;44
40;1171;98;59;39
40;1084;105;56;49
40;997;122;55;67
40;910;169;88;81
40;823;129;60;69
40;736;134;75;59
40;649;119;69;50
40;562;150;77;73
40;475;127;62;65
40;388;146;75;71
40;301;141;70;71
40;214;162;78;84
40;127;168;84;84
40;40;202;116;86
40;1520;95;57;38
40;1433;75;29;46
40;1346;83;40;43
40;1259;96;58;38
40;1172;104;56;48
40;1085;118;54;64
40;998;166;88;78
40;911;139;69;70
40;824;135;76;59
40;737;117;67;50
40;650;148;76;72
40;563;123;62;61
40;476;145;76;69
40;389;143;71;72
40;302;158;76;82
40;215;172;86;86
40;128;200;115;85
40;41;202;111;91
40;1521;75;29;46
40;1434;73;34;39
40;1347;90;53;37
40;1260;103;56;47
40;1173;117;57;60
40;1086;167;88;79
40;999;131;66;65
40;912;141;75;66
40;825;116;66;50
40;738;143;72;71
40;651;124;60;64
40;564;143;76;67
40;477;140;67;73
40;390;154;73;81
40;303;166;83;83
40;216;200;117;83
40;129;199;109;90
40;42;163;81;82
40;1522;72;34;38
40;1435;88;55;33
40;1348;102;55;47
40;1261;110;53;57
40;1174;165;87;78
40;1087;131;66;65
40;1000;138;73;65
40;913;131;70;61
40;826;138;69;69
40;739;123;60;63
40;652;138;71;67
40;565;136;62;74
40;478;152;70;82
40;391;167;84;83
40;304;196;114;82
40;217;194;106;88
40;130;160;79;81
40;43;186;97;89
40;1523;86;54;32
40;1436;101;53;48
40;1349;107;53;54
40;1262;162;84;78
40;1175;133;66;67
40;1088;135;72;63
40;1001;128;67;61
40;914;145;72;73
40;827;120;57;63
40;740;133;68;65
40;653;131;61;70
40;566;152;69;83
40;479;160;79;81
40;392;195;112;83
40;305;194;106;88
40;218;159;78;81
40;131;185;97;88
40;44;150;73;77
40;1524;97;51;46
40;1437;102;46;56
40;1350;153;82;71
40;1263;129;63;66
40;1176;131;69;62
40;1089;127;67;60
40;1002;145;72;73
40;915;121;58;63
40;828;131;66;65
40;741;129;60;69
40;654;148;68;80
40;567;151;74;77
40;480;190;108;82
40;393;183;101;82
40;306;151;72;79
40;219;181;93;88
40;132;148;72;76
40;45;174;88;86
40;1525;96;44;52
40;1438;151;83;68
40;1351;126;60;66
40;1264;129;67;62
40;1177;127;68;59
40;1090;143;69;74
40;1003;119;57;62
40;916;132;67;65
40;829;123;55;68
40;742;144;67;77
40;655;147;72;75
40;568;186;103;83
40;481;180;99;81
40;394;146;72;74
40;307;176;90;86
40;220;144;69;75
40;133;169;86;83
40;46;132;74;58
40;1526;152;85;67
40;1439;119;58;61
40;1352;128;64;64
40;1265;123;65;58
40;1178;142;70;72
40;1091;113;54;59
40;1004;132;67;65
40;917;131;60;71
40;830;139;63;76
40;743;145;70;75
40;656;182;101;81
40;569;181;100;81
40;482;141;70;71
40;395;171;88;83
40;308;144;68;76
40;221;167;85;82
40;134;129;71;58
40;47;144;70;74
40;1527;120;58;62
40;1440;128;63;65
40;1353;125;67;58
40;1266;139;66;73
40;1179;117;57;60
40;1092;131;66;65
40;1005;128;56;72
40;918;136;64;72
40;831;137;65;72
40;744;178;97;81
40;657;175;94;81
40;570;142;72;70
40;483;169;85;84
40;396;142;66;76
40;309;158;81;77
40;222;128;70;58
40;135;142;71;71
40;48;130;71;59
40;1528;125;59;66
40;1441;123;67;56
40;1354;138;65;73
40;1267;116;57;59
40;1180;128;64;64
40;1093;126;56;70
40;1006;134;64;70
40;919;151;74;77
40;832;178;97;81
40;745;169;91;78
40;658;134;68;66
40;571;165;84;81
40;484;142;66;76
40;397;152;76;76
40;310;127;69;58
40;223;145;71;74
40;136;125;68;57
40;49;113;63;50
40;1529;121;65;56
40;1442;139;65;74
40;1355;113;54;59
40;1268;134;70;64
40;1181;120;53;67
40;1094;129;62;67
40;1007;156;77;79
40;920;166;90;76
40;833;167;90;77
40;746;130;65;65
40;659;161;83;78
40;572;141;69;72
40;485;147;75;72
40;398;126;70;56
40;311;144;70;74
40;224;127;70;57
40;137;110;61;49
40;50;125;64;61
40;1530;138;65;73
40;1443;113;52;61
40;1356;129;67;62
40;1269;119;53;66
40;1182;124;60;64
40;1095;155;76;79
40;1008;161;88;73
40;921;171;94;77
40;834;129;63;66
40;747;155;77;78
40;660;135;63;72
40;573;143;74;69
40;486;124;68;56
40;399;139;68;71
40;312;121;65;56
40;225;110;60;50
40;138;120;62;58
40;51;121;68;53
40;1531;113;53;60
40;1444;124;65;59
40;1357;117;53;64
40;1270;123;58;65
40;1183;152;74;78
40;1096;157;86;71
40;1009;169;93;76
40;922;136;63;73
40;835;147;72;75
40;748;129;61;68
40;661;143;73;70
40;574;116;63;53
40;487;132;67;65
40;400;122;64;58
40;313;106;59;47
40;226;120;62;58
40;139;122;69;53
40;52;131;62;69
40;1532;122;63;59
40;1445;114;51;63
40;1358;118;54;64
40;1271;154;73;81
40;1184;154;84;70
40;1097;162;88;74
40;1010;132;62;70
40;923;160;79;81
40;836;125;60;65
40;749;144;73;71
40;662;113;61;52
40;575;126;65;61
40;488;117;62;55
40;401;104;60;44
40;314;117;62;55
40;227;118;65;53
40;140;130;62;68
40;53;137;58;79
40;1533;112;50;62
40;1446;115;53;62
40;1359;146;69;77
40;1272;147;79;68
40;1185;163;88;75
40;1098;129;59;70
40;1011;160;81;79
40;924;125;61;64
40;837;139;69;70
40;750;110;59;51
40;663;122;62;60
40;576;113;59;54
40;489;105;62;43
40;402;113;59;54
40;315;115;63;52
40;228;129;61;68
40;141;132;58;74
40;54;88;45;43
40;1534;112;51;61
40;1447;143;67;76
40;1360;147;81;66
40;1273;162;89;73
40;1186;125;58;67
40;1099;161;82;79
40;1012;122;59;63
40;925;150;72;78
40;838;106;55;51
40;751;123;61;62
40;664;113;59;54
40;577;106;61;45
40;490;109;56;53
40;403;114;60;54
40;316;130;63;67
40;229;130;56;74
40;142;84;43;41
40;55;114;54;60
40;1535;141;66;75
40;1448;143;80;63
40;1361;157;85;72
40;1274;128;60;68
40;1187;154;76;78
40;1100;121;59;62
40;1013;146;67;79
40;926;111;57;54
40;839;119;59;60
40;752;109;57;52
40;665;103;59;44
40;578;108;54;54
40;491;110;56;54
40;404;129;62;67
40;317;128;54;74
40;230;79;42;37
40;143;109;50;59
40;56;100;44;56
40;1536;141;78;63
40;1449;151;80;71
40;1362;126;58;68
40;1275;153;74;79
40;1188;115;56;59
40;1101;148;68;80
40;1014;110;56;54
40;927;116;57;59
40;840;103;53;50
40;753;100;57;43
40;666;103;51;52
40;579;107;54;53
40;492;125;60;65
40;405;122;51;71
40;318;75;38;37
40;231;108;49;59
40;144;96;42;54
40;57;106;43;63
40;1537;151;80;71
40;1450;124;56;68
40;1363;152;73;79
40;1276;115;55;60
40;1189;141;63;78
40;1102;104;52;52
40;1015;115;57;58
40;928;106;55;51
40;841;99;57;42
40;754;98;47;51
40;667;106;52;54
40;580;121;57;64
40;493;120;50;70
40;406;74;38;36
40;319;106;48;58
40;232;93;41;52
40;145;101;39;62
40;58;117;51;66
40;1538;127;56;71
40;1451;147;69;78
40;1364;114;54;60
40;1277;139;59;80
40;1190;100;49;51
40;1103;119;59;60
40;1016;103;53;50
40;929;103;52;51
40;842;92;43;49
40;755;103;50;53
40;668;112;51;61
40;581;115;47;68
40;494;73;36;37
40;407;105;48;57
40;320;93;41;52
40;233;100;35;65
40;146;115;50;65
40;59;134;57;77
40;1539;147;69;78
40;1452;113;53;60
40;1365;139;62;77
40;1278;97;48;49
40;1191;117;56;61
40;1104;102;51;51
40;1017;99;50;49
40;930;97;46;51
40;843;98;47;51
40;756;111;50;61
40;669;114;45;69
40;582;71;34;37
40;495;104;48;56
40;408;93;42;51
40;321;95;33;62
40;234;107;44;63
40;147;128;53;75
40;60;165;69;96
40;1540;113;53;60
40;1453;136;61;75
40;1366;93;45;48
40;1279;115;55;60
40;1192;103;51;52
40;1105;98;48;50
40;1018;96;46;50
40;931;98;49;49
40;844;107;49;58
40;757;112;45;67
40;670;65;30;35
40;583;99;45;54
40;496;92;42;50
40;409;93;31;62
40;322;104;42;62
40;235;125;51;74
40;148;163;69;94
40;61;128;54;74
40;1541;133;59;74
40;1454;88;42;46
40;1367;110;52;58
40;1280;102;50;52
40;1193;96;47;49
40;1106;99;47;52
40;1019;99;51;48
40;932;111;53;58
40;845;112;46;66
40;758;63;28;35
40;671;97;45;52
40;584;85;39;46
40;497;87;27;60
40;410;102;42;60
40;323;121;47;74
40;236;160;65;95
40;149;127;53;74
40;62;123;44;79
40;1542;84;39;45
40;1455;107;48;59
40;1368;99;48;51
40;1281;94;44;50
40;1194;99;47;52
40;1107;94;49;45
40;1020;110;53;57
40;933;111;42;69
40;846;62;27;35
40;759;91;41;50
40;672;85;39;46
40;585;86;26;60
40;498;96;39;57
40;411;117;46;71
40;324;158;63;95
40;237;121;51;70
40;150;115;40;75
40;63;120;45;75
40;1543;102;44;58
40;1456;95;46;49
40;1369;88;40;48
40;1282;95;44;51
40;1195;92;48;44
40;1108;109;53;56
40;1021;107;40;67
40;934;70;31;39
40;847;88;40;48
40;760;79;35;44
40;673;82;23;59
40;586;91;36;55
40;499;110;40;70
40;412;150;59;91
40;325;117;49;68
40;238;110;38;72
40;151;119;44;75
40;64;130;52;78
40;1544;92;45;47
40;1457;84;39;45
40;1370;89;39;50
40;1283;87;44;43
40;1196;104;50;54
40;1109;105;38;67
40;1022;69;31;38
40;935;93;40;53
40;848;79;34;45
40;761;77;21;56
40;674;89;33;56
40;587;102;35;67
40;500;143;54;89
40;413;112;48;64
40;326;107;36;71
40;239;118;45;73
40;152;127;49;78
40;65;142;64;78
40;1545;82;39;43
40;1458;86;37;49
40;1371;86;43;43
40;1284;99;48;51
40;1197;100;37;63
40;1110;69;30;39
40;1023;88;36;52
40;936;76;31;45
40;849;73;19;54
40;762;83;30;53
40;675;99;32;67
40;588;141;53;88
40;501;104;43;61
40;414;101;32;69
40;327;116;44;72
40;240;122;46;76
40;153;141;63;78
40;66;159;52;107
40;1546;84;36;48
40;1459;78;39;39
40;1372;94;43;51
40;1285;97;35;62
40;1198;68;30;38
40;1111;88;38;50
40;1024;73;29;44
40;937;77;21;56
40;850;75;25;50
40;763;93;28;65
40;676;133;48;85
40;589;97;40;57
40;502;101;33;68
40;415;110;42;68
40;328;114;41;73
40;241;136;59;77
40;154;155;50;105
40;67;125;52;73
40;1547;77;38;39
40;1460;88;40;48
40;1373;89;30;59
40;1286;67;30;37
40;1199;84;36;48
40;1112;69;26;43
40;1025;75;19;56
40;938;73;27;46
40;851;93;29;64
40;764;125;45;80
40;677;95;39;56
40;590;98;32;66
40;503;103;35;68
40;416;113;41;72
40;329;130;54;76
40;242;153;49;104
40;155;124;52;72
40;68;129;43;86
40;1548;85;39;46
40;1461;84;28;56
40;1374;65;28;37
40;1287;84;35;49
40;1200;60;17;43
40;1113;73;18;55
40;1026;68;27;41
40;939;94;29;65
40;852;124;42;82
40;765;91;36;55
40;678;91;29;62
40;591;102;35;67
40;504;104;36;68
40;417;122;50;72
40;330;146;44;102
40;243;118;48;70
40;156;123;41;82
40;69;149;47;102
40;1549;78;24;54
40;1462;64;26;38
40;1375;82;34;48
40;1288;57;16;41
40;1201;71;17;54
40;1114;65;26;39
40;1027;91;27;64
40;940;122;42;80
40;853;85;33;52
40;766;87;27;60
40;679;97;32;65
40;592;99;33;66
40;505;114;47;67
40;418;143;42;101
40;331;115;46;69
40;244;121;40;81
40;157;145;46;99
40;70;132;59;73
40;1550;59;21;38
40;1463;81;34;47
40;1376;55;16;39
40;1289;69;16;53
40;1202;65;26;39
40;1115;84;24;60
40;1028;113;37;76
40;941;89;35;54
40;854;83;26;57
40;767;93;30;63
40;680;92;29;63
40;593;111;45;66
40;506;141;41;100
40;419;113;46;67
40;332;116;38;78
40;245;141;44;97
40;158;129;58;71
40;71;112;38;74
40;1551;75;29;46
40;1464;48;13;35
40;1377;67;14;53
40;1290;60;24;36
40;1203;81;22;59
40;1116;104;33;71
40;1029;83;30;53
40;942;89;27;62
40;855;87;27;60
40;768;86;26;60
40;681;102;39;63
40;594;128;37;91
40;507;107;41;66
40;420;108;35;73
40;333;138;43;95
40;246;123;53;70
40;159;108;37;71
40;72;113;42;71
40;1552;45;10;35
40;1465;64;12;52
40;1378;59;24;35
40;1291;79;21;58
40;1204;98;30;68
40;1117;78;26;52
40;1030;84;26;58
40;943;87;26;61
40;856;84;25;59
40;769;99;36;63
40;682;121;35;86
40;595;101;38;63
40;508;102;30;72
40;421;133;41;92
40;334;113;46;67
40;247;105;36;69
40;160;109;38;71
40;73;110;43;67
40;1553;62;11;51
40;1466;54;22;32
40;1379;76;20;56
40;1292;94;28;66
40;1205;78;26;52
40;1118;77;23;54
40;1031;81;23;58
40;944;80;26;54
40;857;96;33;63
40;770;112;31;81
40;683;93;33;60
40;596;96;27;69
40;509;126;36;90
40;422;110;44;66
40;335;98;34;64
40;248;99;32;67
40;161;102;37;65
40;74;106;30;76
40;1554;54;22;32
40;1467;72;20;52
40;1380;88;25;63
40;1293;77;26;51
40;1206;76;23;53
40;1119;78;22;56
40;1032;76;23;53
40;945;93;35;58
40;858;106;29;77
40;771;89;31;58
40;684;86;21;65
40;597;117;32;85
40;510;105;42;63
40;423;96;34;62
40;336;92;28;64
40;249;99;34;65
40;162;102;28;74
40;75;96;36;60
40;1555;69;20;49
40;1468;81;22;59
40;1381;74;25;49
40;1294;73;22;51
40;1207;77;22;55
40;1120;72;20;52
40;1033;89;34;55
40;946;103;32;71
40;859;82;27;55
40;772;80;19;61
40;685;111;29;82
40;598;91;32;59
40;511;93;33;60
40;424;80;21;59
40;337;92;30;62
40;250;95;26;69
40;163;91;32;59
40;76;87;32;55
40;1556;73;20;53
40;1469;69;21;48
40;1382;71;20;51
40;1295;72;20;52
40;1208;67;16;51
40;1121;87;33;54
40;1034;95;28;67
40;947;80;27;53
40;860;74;17;57
40;773;106;26;80
40;686;83;30;53
40;599;87;30;57
40;512;78;21;57
40;425;88;26;62
40;338;92;23;69
40;251;88;29;59
40;164;81;29;52
40;77;52;15;37
40;1557;63;16;47
40;1470;66;18;48
40;1383;69;18;51
40;1296;59;11;48
40;1209;82;31;51
40;1122;90;28;62
40;1035;73;25;48
40;948;72;16;56
40;861;104;24;80
40;774;79;26;53
40;687;76;26;50
40;600;69;20;49
40;513;78;23;55
40;426;87;19;68
40;339;85;26;59
40;252;78;27;51
40;165;51;13;38
40;78;75;23;52
40;1558;63;18;45
40;1471;65;17;48
40;1384;55;8;47
40;1297;72;25;47
40;1210;81;24;57
40;1123;66;21;45
40;1036;69;15;54
40;949;100;24;76
40;862;78;26;52
40;775;68;21;47
40;688;66;20;46
40;601;69;21;48
40;514;81;19;62
40;427;79;23;56
40;340;74;24;50
40;253;44;12;32
40;166;69;20;49
40;79;53;12;41
40;1559;63;17;46
40;1472;48;6;42
40;1385;67;23;44
40;1298;73;21;52
40;1211;57;19;38
40;1124;63;13;50
40;1037;93;20;73
40;950;76;28;48
40;863;63;21;42
40;776;55;14;41
40;689;64;21;43
40;602;77;19;58
40;515;72;23;49
40;428;70;24;46
40;341;39;10;29
40;254;60;15;45
40;167;50;12;38
40;80;54;18;36
40;1560;43;5;38
40;1473;65;22;43
40;1386;68;21;47
40;1299;54;19;35
40;1212;59;11;48
40;1125;86;17;69
40;1038;71;25;46
40;951;58;16;42
40;864;49;10;39
40;777;56;17;39
40;690;70;18;52
40;603;64;21;43
40;516;63;20;43
40;429;32;9;23
40;342;57;13;44
40;255;47;12;35
40;168;48;16;32
40;81;49;17;32
40;1561;59;22;37
40;1474;61;19;42
40;1387;47;15;32
40;1300;54;10;44
40;1213;80;15;65
40;1126;65;22;43
40;1039;50;13;37
40;952;46;9;37
40;865;47;15;32
40;778;62;16;46
40;691;56;19;37
40;604;54;16;38
40;517;23;6;17
40;430;50;9;41
40;343;39;10;29
40;256;43;15;28
40;169;46;15;31
40;82;35;10;25
40;1562;58;18;40
40;1475;42;14;28
40;1388;50;8;42
40;1301;74;13;61
40;1214;58;19;39
40;1127;46;12;34
40;1040;41;8;33
40;953;45;14;31
40;866;54;14;40
40;779;52;17;35
40;692;52;15;37
40;605;19;5;14
40;518;45;8;37
40;431;30;8;22
40;344;38;12;26
40;257;40;11;29
40;170;31;6;25
40;83;34;7;27
40;1563;38;12;26
40;1476;43;7;36
40;1389;70;13;57
40;1302;52;17;35
40;1215;39;10;29
40;1128;38;7;31
40;1041;38;12;26
40;954;50;12;38
40;867;47;16;31
40;780;49;15;34
40;693;16;5;11
40;606;41;6;35
40;519;26;6;20
40;432;32;9;23
40;345;37;10;27
40;258;22;3;19
40;171;28;5;23
40;84;18;4;14
40;1564;37;7;30
40;1477;64;10;54
40;1390;44;16;28
40;1303;35;9;26
40;1216;33;7;26
40;1129;31;8;23
40;1042;39;8;31
40;955;42;15;27
40;868;40;12;28
40;781;15;5;10
40;694;33;4;29
40;607;27;6;21
40;520;29;7;22
40;433;31;8;23
40;346;22;3;19
40;259;25;4;21
40;172;17;4;13
40;85;13;3;10
40;1565;197;43;154
40;1478;169;42;127
40;1391;162;35;127
40;1304;158;31;127
40;1217;148;33;115
40;1130;144;35;109
40;1043;131;35;96
40;956;120;30;90
40;869;104;21;83
40;782;112;19;93
40;695;108;23;85
40;608;112;23;89
40;521;101;23;78
40;434;94;19;75
40;347;103;22;81
40;260;91;18;73
40;173;97;20;77
40;86;99;22;77
40;1566;7793;3671;4122
40;1479;8094;3817;4277
40;1392;8414;3977;4437
40;1305;8711;4140;4571
40;1218;8928;4227;4701
40;1131;9124;4325;4799
40;1044;9297;4395;4902
40;957;9535;4500;5035
40;870;9942;4687;5255
40;783;10190;4806;5384
40;696;10468;4945;5523
40;609;10808;5106;5702
40;522;11094;5239;5855
40;435;11476;5453;6023
40;348;11745;5565;6180
40;261;11974;5695;6279
40;174;12093;5768;6325
40;87;12212;5856;6356
41;1480;171;83;88
41;1393;192;115;77
41;1306;167;81;86
41;1219;207;98;109
41;1132;208;92;116
41;1045;189;85;104
41;958;215;119;96
41;871;184;87;97
41;784;211;111;100
41;697;221;115;106
41;610;225;109;116
41;523;228;96;132
41;436;256;141;115
41;349;247;129;118
41;262;274;137;137
41;175;276;150;126
41;88;274;133;141
41;1;317;166;151
41;1481;185;108;77
41;1394;161;77;84
41;1307;205;98;107
41;1220;201;91;110
41;1133;185;79;106
41;1046;212;119;93
41;959;181;83;98
41;872;191;99;92
41;785;211;107;104
41;698;224;108;116
41;611;226;94;132
41;524;253;137;116
41;437;239;125;114
41;350;276;141;135
41;263;274;149;125
41;176;272;135;137
41;89;313;164;149
41;2;356;191;165
41;1482;153;73;80
41;1395;197;94;103
41;1308;191;84;107
41;1221;182;79;103
41;1134;193;111;82
41;1047;173;79;94
41;960;177;91;86
41;873;192;100;92
41;786;218;104;114
41;699;223;94;129
41;612;249;136;113
41;525;237;125;112
41;438;273;139;134
41;351;272;148;124
41;264;270;134;136
41;177;316;163;153
41;90;345;185;160
41;3;337;164;173
41;1483;190;90;100
41;1396;190;82;108
41;1309;177;76;101
41;1222;188;106;82
41;1135;167;80;87
41;1048;167;87;80
41;961;178;88;90
41;874;203;102;101
41;787;217;90;127
41;700;247;135;112
41;613;236;123;113
41;526;272;137;135
41;439;267;146;121
41;352;265;131;134
41;265;317;162;155
41;178;346;185;161
41;91;334;163;171
41;4;330;166;164
41;1484;187;82;105
41;1397;169;71;98
41;1310;180;104;76
41;1223;167;78;89
41;1136;166;88;78
41;1049;174;89;85
41;962;193;98;95
41;875;190;75;115
41;788;243;135;108
41;701;234;123;111
41;614;269;135;134
41;527;265;144;121
41;440;261;130;131
41;353;316;161;155
41;266;348;186;162
41;179;337;165;172
41;92;328;164;164
41;5;371;195;176
41;1485;166;72;94
41;1398;179;102;77
41;1311;165;75;90
41;1224;164;88;76
41;1137;173;92;81
41;1050;186;95;91
41;963;189;76;113
41;876;228;129;99
41;789;224;119;105
41;702;262;134;128
41;615;259;142;117
41;528;257;127;130
41;441;307;155;152
41;354;342;183;159
41;267;335;164;171
41;180;328;166;162
41;93;365;190;175
41;6;377;187;190
41;1486;179;101;78
41;1399;156;72;84
41;1312;152;83;69
41;1225;172;89;83
41;1138;182;93;89
41;1051;189;73;116
41;964;220;127;93
41;877;223;120;103
41;790;256;128;128
41;703;253;138;115
41;616;255;127;128
41;529;305;152;153
41;442;336;181;155
41;355;331;161;170
41;268;327;165;162
41;181;365;190;175
41;94;377;185;192
41;7;410;205;205
41;1487;154;70;84
41;1400;144;78;66
41;1313;169;85;84
41;1226;183;94;89
41;1139;189;72;117
41;1052;214;123;91
41;965;217;118;99
41;878;250;121;129
41;791;247;136;111
41;704;251;123;128
41;617;295;149;146
41;530;331;179;152
41;443;328;160;168
41;356;325;164;161
41;269;373;195;178
41;182;378;184;194
41;95;408;203;205
41;8;436;233;203
41;1488;144;79;65
41;1401;167;88;79
41;1314;178;89;89
41;1227;190;73;117
41;1140;211;121;90
41;1053;215;117;98
41;966;248;119;129
41;879;240;126;114
41;792;245;117;128
41;705;293;146;147
41;618;324;175;149
41;531;321;156;165
41;444;323;164;159
41;357;371;194;177
41;270;376;183;193
41;183;405;203;202
41;96;431;230;201
41;9;487;242;245
41;1489;167;89;78
41;1402;170;84;86
41;1315;187;71;116
41;1228;211;119;92
41;1141;214;119;95
41;1054;246;117;129
41;967;233;122;111
41;880;257;122;135
41;793;287;141;146
41;706;319;172;147
41;619;318;154;164
41;532;319;162;157
41;445;367;192;175
41;358;374;181;193
41;271;404;202;202
41;184;437;231;206
41;97;483;240;243
41;10;486;264;222
41;1490;165;83;82
41;1403;189;72;117
41;1316;206;115;91
41;1229;212;118;94
41;1142;241;114;127
41;1055;233;122;111
41;968;252;119;133
41;881;290;147;143
41;794;315;169;146
41;707;316;153;163
41;620;316;162;154
41;533;356;188;168
41;446;374;182;192
41;359;399;200;199
41;272;433;228;205
41;185;480;240;240
41;98;482;262;220
41;11;472;226;246
41;1491;188;72;116
41;1404;205;114;91
41;1317;210;117;93
41;1230;243;116;127
41;1143;229;120;109
41;1056;252;119;133
41;969;286;148;138
41;882;318;171;147
41;795;308;150;158
41;708;317;160;157
41;621;353;186;167
41;534;369;181;188
41;447;397;198;199
41;360;430;228;202
41;273;479;242;237
41;186;480;262;218
41;99;469;223;246
41;12;478;233;245
41;1492;198;110;88
41;1405;204;113;91
41;1318;245;115;130
41;1231;231;121;110
41;1144;248;116;132
41;1057;283;147;136
41;970;316;168;148
41;883;305;149;156
41;796;313;158;155
41;709;352;185;167
41;622;366;180;186
41;535;392;194;198
41;448;426;229;197
41;361;475;240;235
41;274;475;257;218
41;187;465;221;244
41;100;469;227;242
41;13;476;228;248
41;1493;198;107;91
41;1406;247;118;129
41;1319;232;121;111
41;1232;243;113;130
41;1145;276;142;134
41;1058;311;166;145
41;971;304;149;155
41;884;296;154;142
41;797;350;183;167
41;710;363;176;187
41;623;390;193;197
41;536;421;227;194
41;449;464;237;227
41;362;470;255;215
41;275;460;219;241
41;188;466;223;243
41;101;465;222;243
41;14;503;247;256
41;1494;244;117;127
41;1407;226;116;110
41;1320;238;110;128
41;1233;278;142;136
41;1146;311;168;143
41;1059;301;150;151
41;972;296;154;142
41;885;350;188;162
41;798;357;174;183
41;711;385;188;197
41;624;417;223;194
41;537;462;238;224
41;450;465;253;212
41;363;457;220;237
41;276;455;219;236
41;189;464;221;243
41;102;496;244;252
41;15;532;272;260
41;1495;220;111;109
41;1408;234;108;126
41;1321;270;138;132
41;1234;312;168;144
41;1147;298;147;151
41;1060;293;153;140
41;973;348;185;163
41;886;350;173;177
41;799;380;184;196
41;712;409;221;188
41;625;461;237;224
41;538;460;251;209
41;451;443;214;229
41;364;448;213;235
41;277;452;219;233
41;190;486;239;247
41;103;526;268;258
41;16;513;247;266
41;1496;233;108;125
41;1409;268;138;130
41;1322;307;162;145
41;1235;297;146;151
41;1148;292;154;138
41;1061;343;182;161
41;974;345;170;175
41;887;375;181;194
41;800;403;215;188
41;713;458;235;223
41;626;455;249;206
41;539;435;210;225
41;452;435;207;228
41;365;451;221;230
41;278;480;236;244
41;191;516;263;253
41;104;512;246;266
41;17;472;244;228
41;1497;261;135;126
41;1410;308;164;144
41;1323;295;144;151
41;1236;291;156;135
41;1149;337;179;158
41;1062;343;169;174
41;975;374;182;192
41;888;385;209;176
41;801;452;231;221
41;714;455;249;206
41;627;431;209;222
41;540;423;198;225
41;453;444;218;226
41;366;469;233;236
41;279;504;256;248
41;192;503;239;264
41;105;465;238;227
41;18;452;227;225
41;1498;295;157;138
41;1411;290;139;151
41;1324;280;150;130
41;1237;332;177;155
41;1150;340;169;171
41;1063;375;185;190
41;976;381;210;171
41;889;428;207;221
41;802;445;243;202
41;715;427;207;220
41;628;412;193;219
41;541;430;213;217
41;454;449;224;225
41;367;494;250;244
41;280;489;234;255
41;193;458;234;224
41;106;447;223;224
41;19;401;207;194
41;1499;269;131;138
41;1412;274;148;126
41;1325;322;170;152
41;1238;330;166;164
41;1151;356;179;177
41;1064;375;208;167
41;977;411;200;211
41;890;355;202;153
41;803;415;201;214
41;716;406;190;216
41;629;421;209;212
41;542;438;217;221
41;455;461;236;225
41;368;474;228;246
41;281;448;230;218
41;194;444;223;221
41;107;387;198;189
41;20;335;182;153
41;1500;249;136;113
41;1413;302;161;141
41;1326;314;161;153
41;1239;348;175;173
41;1152;367;205;162
41;1065;398;192;206
41;978;337;195;142
41;891;330;161;169
41;804;397;187;210
41;717;411;204;207
41;630;432;214;218
41;543;443;227;216
41;456;449;216;233
41;369;434;224;210
41;282;434;219;215
41;195;377;196;181
41;108;325;177;148
41;21;313;167;146
41;1501;275;150;125
41;1414;306;156;150
41;1327;337;174;163
41;1240;356;198;158
41;1153;376;179;197
41;1066;322;187;135
41;979;309;154;155
41;892;307;156;151
41;805;393;198;195
41;718;421;209;212
41;631;429;219;210
41;544;431;206;225
41;457;408;212;196
41;370;421;216;205
41;283;362;189;173
41;196;320;177;143
41;109;305;165;140
41;22;287;161;126
41;1502;274;139;135
41;1415;312;157;155
41;1328;338;187;151
41;1241;368;170;198
41;1154;299;172;127
41;1067;296;156;140
41;980;285;147;138
41;893;290;156;134
41;806;400;202;198
41;719;418;215;203
41;632;424;204;220
41;545;394;204;190
41;458;398;209;189
41;371;356;185;171
41;284;311;178;133
41;197;308;166;142
41;110;281;158;123
41;23;321;179;142
41;1503;295;152;143
41;1416;318;184;134
41;1329;359;164;195
41;1242;278;172;106
41;1155;273;147;126
41;1068;255;133;122
41;981;258;141;117
41;894;287;152;135
41;807;399;205;194
41;720;416;198;218
41;633;377;199;178
41;546;383;202;181
41;459;328;175;153
41;372;300;175;125
41;285;299;161;138
41;198;286;163;123
41;111;327;179;148
41;24;316;154;162
41;1504;279;169;110
41;1417;338;156;182
41;1330;261;160;101
41;1243;237;139;98
41;1156;222;122;100
41;1069;241;134;107
41;982;265;145;120
41;895;288;154;134
41;808;393;186;207
41;721;360;193;167
41;634;368;195;173
41;547;312;169;143
41;460;274;158;116
41;373;289;153;136
41;286;292;166;126
41;199;330;179;151
41;112;307;149;158
41;25;335;180;155
41;1505;305;145;160
41;1418;233;149;84
41;1331;223;128;95
41;1244;205;111;94
41;1157;219;122;97
41;1070;247;132;115
41;983;257;144;113
41;896;281;139;142
41;809;338;183;155
41;722;354;189;165
41;635;298;163;135
41;548;263;149;114
41;461;268;142;126
41;374;284;157;127
41;287;314;170;144
41;200;307;149;158
41;113;329;179;150
41;26;403;221;182
41;1506;206;141;65
41;1419;191;112;79
41;1332;188;105;83
41;1245;193;111;82
41;1158;226;122;104
41;1071;220;123;97
41;984;242;120;122
41;897;231;137;94
41;810;331;176;155
41;723;271;156;115
41;636;240;139;101
41;549;252;133;119
41;462;265;148;117
41;375;308;166;142
41;288;293;139;154
41;201;320;176;144
41;114;394;218;176
41;27;335;173;162
41;1507;170;103;67
41;1420;169;99;70
41;1333;173;98;75
41;1246;204;115;89
41;1159;201;108;93
41;1072;211;107;104
41;985;208;128;80
41;898;221;126;95
41;811;248;146;102
41;724;219;127;92
41;637;242;126;116
41;550;251;142;109
41;463;293;159;134
41;376;275;133;142
41;289;318;169;149
41;202;380;213;167
41;115;324;166;158
41;28;351;187;164
41;1508;151;89;62
41;1421;145;84;61
41;1334;185;108;77
41;1247;181;96;85
41;1160;194;102;92
41;1073;178;109;69
41;986;190;113;77
41;899;206;108;98
41;812;205;121;84
41;725;230;123;107
41;638;229;128;101
41;551;280;145;135
41;464;252;123;129
41;377;306;165;141
41;290;368;208;160
41;203;322;162;160
41;116;345;182;163
41;29;399;201;198
41;1509;123;71;52
41;1422;167;97;70
41;1335;157;86;71
41;1248;183;93;90
41;1161;170;101;69
41;1074;172;103;69
41;987;193;100;93
41;900;216;113;103
41;813;224;119;105
41;726;216;121;95
41;639;259;134;125
41;552;244;119;125
41;465;292;158;134
41;378;363;203;160
41;291;313;157;156
41;204;341;181;160
41;117;383;195;188
41;30;405;204;201
41;1510;150;89;61
41;1423;136;73;63
41;1336;167;81;86
41;1249;165;97;68
41;1162;157;100;57
41;1075;186;92;94
41;988;206;111;95
41;901;240;121;119
41;814;199;113;86
41;727;249;126;123
41;640;231;111;120
41;553;281;149;132
41;466;357;199;158
41;379;312;155;157
41;292;333;175;158
41;205;378;194;184
41;118;399;201;198
41;31;440;217;223
41;1511;125;63;62
41;1424;145;71;74
41;1337;147;89;58
41;1250;149;96;53
41;1163;162;76;86
41;1076;196;105;91
41;989;221;109;112
41;902;225;124;101
41;815;236;124;112
41;728;214;102;112
41;641;266;144;122
41;554;343;193;150
41;467;299;147;152
41;380;318;169;149
41;293;370;190;180
41;206;391;196;195
41;119;426;213;213
41;32;415;208;207
41;1512;130;65;65
41;1425;131;81;50
41;1338;136;87;49
41;1251;160;70;90
41;1164;187;101;86
41;1077;215;107;108
41;990;217;120;97
41;903;254;133;121
41;816;202;93;109
41;729;259;138;121
41;642;333;187;146
41;555;289;142;147
41;468;310;164;146
41;381;362;187;175
41;294;385;192;193
41;207;423;210;213
41;120;408;203;205
41;33;410;220;190
41;1513;120;76;44
41;1426;118;74;44
41;1339;147;58;89
41;1252;178;96;82
41;1165;202;99;103
41;1078;206;117;89
41;991;247;129;118
41;904;245;107;138
41;817;250;132;118
41;730;323;184;139
41;643;281;140;141
41;556;303;159;144
41;469;347;180;167
41;382;380;184;196
41;295;414;205;209
41;208;402;198;204
41;121;403;216;187
41;34;421;226;195
41;1514;107;65;42
41;1427;132;51;81
41;1340;171;87;84
41;1253;200;93;107
41;1166;197;114;83
41;1079;234;125;109
41;992;239;108;131
41;905;271;134;137
41;818;317;179;138
41;731;274;138;136
41;644;295;157;138
41;557;341;174;167
41;470;370;181;189
41;383;406;202;204
41;296;393;194;199
41;209;399;215;184
41;122;412;219;193
41;35;393;189;204
41;1515;119;45;74
41;1428;158;77;81
41;1341;191;90;101
41;1254;193;114;79
41;1167;227;120;107
41;1080;231;106;125
41;993;263;130;133
41;906;329;179;150
41;819;268;135;133
41;732;290;153;137
41;645;326;163;163
41;558;363;176;187
41;471;396;197;199
41;384;381;185;196
41;297;389;213;176
41;210;409;219;190
41;123;389;187;202
41;36;406;219;187
41;1516;149;71;78
41;1429;174;78;96
41;1342;186;107;79
41;1255;226;122;104
41;1168;231;106;125
41;1081;256;124;132
41;994;320;178;142
41;907;291;140;151
41;820;278;146;132
41;733;321;162;159
41;646;355;169;186
41;559;388;193;195
41;472;370;180;190
41;385;383;211;172
41;298;403;218;185
41;211;387;189;198
41;124;401;215;186
41;37;437;226;211
41;1517;164;71;93
41;1430;179;99;80
41;1343;220;118;102
41;1256;225;101;124
41;1169;253;125;128
41;1082;312;173;139
41;995;281;130;151
41;908;291;147;144
41;821;310;155;155
41;734;349;165;184
41;647;381;190;191
41;560;365;178;187
41;473;373;203;170
41;386;398;214;184
41;299;379;184;195
41;212;396;212;184
41;125;429;220;209
41;38;424;214;210
41;1518;175;97;78
41;1431;212;112;100
41;1344;217;97;120
41;1257;250;126;124
41;1170;305;168;137
41;1083;279;128;151
41;996;287;143;144
41;909;341;172;169
41;822;341;157;184
41;735;376;190;186
41;648;352;171;181
41;561;364;201;163
41;474;387;206;181
41;387;371;174;197
41;300;391;211;180
41;213;422;217;205
41;126;414;207;207
41;39;391;197;194
41;1519;204;107;97
41;1432;212;95;117
41;1345;249;126;123
41;1258;302;163;139
41;1171;274;126;148
41;1084;286;142;144
41;997;332;168;164
41;910;348;166;182
41;823;365;182;183
41;736;347;168;179
41;649;359;196;163
41;562;378;201;177
41;475;363;170;193
41;388;390;209;181
41;301;412;213;199
41;214;412;207;205
41;127;386;193;193
41;40;418;217;201
41;1520;206;90;116
41;1433;242;125;117
41;1346;292;157;135
41;1259;276;128;148
41;1172;278;137;141
41;1085;331;171;160
41;998;349;166;183
41;911;379;187;192
41;824;337;162;175
41;737;358;193;165
41;650;373;198;175
41;563;354;164;190
41;476;378;199;179
41;389;407;211;196
41;302;404;201;203
41;215;380;192;188
41;128;414;213;201
41;41;434;212;222
41;1521;236;123;113
41;1434;290;158;132
41;1347;268;123;145
41;1260;279;137;142
41;1173;331;172;159
41;1086;343;165;178
41;999;379;189;190
41;912;357;181;176
41;825;348;187;161
41;738;366;193;173
41;651;351;164;187
41;564;365;194;171
41;477;398;206;192
41;390;396;194;202
41;303;374;187;187
41;216;407;208;199
41;129;428;209;219
41;42;411;206;205
41;1522;276;150;126
41;1435;261;119;142
41;1348;272;137;135
41;1261;325;172;153
41;1174;341;166;175
41;1087;371;183;188
41;1000;345;177;168
41;913;352;188;164
41;826;355;186;169
41;739;344;159;185
41;652;362;188;174
41;565;392;206;186
41;478;385;190;195
41;391;364;183;181
41;304;401;208;193
41;217;428;208;220
41;130;403;200;203
41;43;422;227;195
41;1523;247;111;136
41;1436;266;135;131
41;1349;325;175;150
41;1262;343;166;177
41;1175;367;182;185
41;1088;347;177;170
41;1001;339;178;161
41;914;361;189;172
41;827;336;152;184
41;740;361;188;173
41;653;384;199;185
41;566;381;187;194
41;479;362;181;181
41;392;391;206;185
41;305;423;206;217
41;218;397;198;199
41;131;426;227;199
41;44;409;223;186
41;1524;264;134;130
41;1437;320;172;148
41;1350;333;160;173
41;1263;361;181;180
41;1176;345;174;171
41;1089;333;176;157
41;1002;355;185;170
41;915;341;159;182
41;828;351;182;169
41;741;384;199;185
41;654;372;180;192
41;567;349;175;174
41;480;379;195;184
41;393;417;203;214
41;306;395;196;199
41;219;423;224;199
41;132;407;223;184
41;45;372;185;187
41;1525;315;170;145
41;1438;327;156;171
41;1351;358;179;179
41;1264;339;168;171
41;1177;324;171;153
41;1090;344;179;165
41;1003;336;156;180
41;916;348;180;168
41;829;371;194;177
41;742;363;179;184
41;655;346;172;174
41;568;369;189;180
41;481;407;202;205
41;394;384;194;190
41;307;421;224;197
41;220;405;221;184
41;133;365;181;184
41;46;355;184;171
41;1526;321;155;166
41;1439;352;175;177
41;1352;338;166;172
41;1265;319;167;152
41;1178;340;177;163
41;1091;340;158;182
41;1004;338;175;163
41;917;388;205;183
41;830;361;177;184
41;743;340;170;170
41;656;364;186;178
41;569;401;197;204
41;482;375;187;188
41;395;417;221;196
41;308;401;219;182
41;221;364;179;185
41;134;353;182;171
41;47;351;165;186
41;1527;343;170;173
41;1440;329;161;168
41;1353;319;165;154
41;1266;336;172;164
41;1179;337;157;180
41;1092;325;170;155
41;1005;380;201;179
41;918;377;182;195
41;831;335;168;167
41;744;357;180;177
41;657;396;194;202
41;570;368;185;183
41;483;407;216;191
41;396;394;215;179
41;309;361;177;184
41;222;348;180;168
41;135;348;162;186
41;48;334;164;170
41;1528;321;156;165
41;1441;315;162;153
41;1354;331;168;163
41;1267;338;157;181
41;1180;325;168;157
41;1093;377;197;180
41;1006;372;180;192
41;919;361;189;172
41;832;348;172;176
41;745;390;192;198
41;658;356;177;179
41;571;398;211;187
41;484;388;214;174
41;397;357;175;182
41;310;342;176;166
41;223;341;158;183
41;136;328;160;168
41;49;349;181;168
41;1529;315;163;152
41;1442;317;158;159
41;1355;333;154;179
41;1268;323;169;154
41;1181;375;196;179
41;1094;363;175;188
41;1007;357;182;175
41;920;363;178;185
41;833;380;184;196
41;746;352;177;175
41;659;388;205;183
41;572;386;211;175
41;485;347;169;178
41;398;331;173;158
41;311;340;156;184
41;224;322;156;166
41;137;343;178;165
41;50;357;175;182
41;1530;311;153;158
41;1443;327;152;175
41;1356;314;163;151
41;1269;369;193;176
41;1182;363;175;188
41;1095;354;183;171
41;1008;359;174;185
41;921;399;196;203
41;834;344;168;176
41;747;386;204;182
41;660;377;204;173
41;573;336;163;173
41;486;324;169;155
41;399;336;154;182
41;312;314;152;162
41;225;337;175;162
41;138;355;173;182
41;51;353;176;177
41;1531;317;146;171
41;1444;312;163;149
41;1357;360;188;172
41;1270;358;174;184
41;1183;352;183;169
41;1096;358;175;183
41;1009;391;192;199
41;922;336;171;165
41;835;375;193;182
41;748;374;203;171
41;661;330;157;173
41;574;320;167;153
41;487;320;145;175
41;400;308;148;160
41;313;329;170;159
41;226;351;170;181
41;139;345;170;175
41;52;355;168;187
41;1532;303;158;145
41;1445;350;180;170
41;1358;354;173;181
41;1271;350;183;167
41;1184;359;174;185
41;1097;380;187;193
41;1010;328;166;162
41;923;362;194;168
41;836;370;198;172
41;749;321;152;169
41;662;314;162;152
41;575;314;145;169
41;488;298;143;155
41;401;324;166;158
41;314;343;166;177
41;227;340;167;173
41;140;348;163;185
41;53;332;169;163
41;1533;346;178;168
41;1446;345;166;179
41;1359;348;182;166
41;1272;354;169;185
41;1185;376;184;192
41;1098;317;157;160
41;1011;354;189;165
41;924;357;190;167
41;837;313;147;166
41;750;313;165;148
41;663;301;134;167
41;576;294;141;153
41;489;309;156;153
41;402;338;162;176
41;315;339;168;171
41;228;348;162;186
41;141;328;167;161
41;54;294;148;146
41;1534;341;163;178
41;1447;342;177;165
41;1360;349;164;185
41;1273;369;183;186
41;1186;319;159;160
41;1099;342;177;165
41;1012;349;182;167
41;925;317;152;165
41;838;308;159;149
41;751;300;134;166
41;664;285;137;148
41;577;302;150;152
41;490;333;159;174
41;403;331;163;168
41;316;336;153;183
41;229;322;160;162
41;142;289;144;145
41;55;277;147;130
41;1535;332;169;163
41;1448;345;162;183
41;1361;363;178;185
41;1274;314;154;160
41;1187;343;177;166
41;1100;344;178;166
41;1013;306;145;161
41;926;310;152;158
41;839;296;130;166
41;752;274;128;146
41;665;295;146;149
41;578;328;156;172
41;491;323;160;163
41;404;329;149;180
41;317;319;157;162
41;230;284;140;144
41;143;269;141;128
41;56;331;150;181
41;1536;341;160;181
41;1449;363;180;183
41;1362;311;154;157
41;1275;336;173;163
41;1188;338;175;163
41;1101;303;144;159
41;1014;304;147;157
41;927;291;129;162
41;840;266;122;144
41;753;284;135;149
41;666;319;151;168
41;579;321;158;163
41;492;321;143;178
41;405;315;151;164
41;318;282;137;145
41;231;264;139;125
41;144;321;146;175
41;57;316;152;164
41;1537;360;176;184
41;1450;307;151;156
41;1363;336;171;165
41;1276;332;169;163
41;1189;299;141;158
41;1102;293;140;153
41;1015;285;123;162
41;928;273;120;153
41;841;274;130;144
41;754;314;147;167
41;667;311;151;160
41;580;315;138;177
41;493;307;145;162
41;406;281;134;147
41;319;260;137;123
41;232;314;140;174
41;145;311;148;163
41;58;335;158;177
41;1538;302;148;154
41;1451;332;171;161
41;1364;329;166;163
41;1277;297;139;158
41;1190;288;138;150
41;1103;282;122;160
41;1016;269;116;153
41;929;288;136;152
41;842;308;144;164
41;755;302;144;158
41;668;311;134;177
41;581;298;140;158
41;494;272;128;144
41;407;255;134;121
41;320;310;139;171
41;233;302;145;157
41;146;327;154;173
41;59;408;178;230
41;1539;324;166;158
41;1452;325;160;165
41;1365;292;138;154
41;1278;283;133;150
41;1191;276;119;157
41;1104;266;113;153
41;1017;283;133;150
41;930;308;138;170
41;843;291;137;154
41;756;303;132;171
41;669;289;134;155
41;582;264;122;142
41;495;247;129;118
41;408;297;128;169
41;321;296;139;157
41;234;322;150;172
41;147;399;172;227
41;60;403;189;214
41;1540;319;158;161
41;1453;289;136;153
41;1366;274;127;147
41;1279;264;116;148
41;1192;263;110;153
41;1105;277;130;147
41;1018;301;134;167
41;931;292;134;158
41;844;303;132;171
41;757;284;130;154
41;670;257;118;139
41;583;238;122;116
41;496;287;125;162
41;409;288;132;156
41;322;311;141;170
41;235;386;164;222
41;148;396;182;214
41;61;341;154;187
41;1541;283;133;150
41;1454;271;127;144
41;1367;264;118;146
41;1280;257;108;149
41;1193;270;125;145
41;1106;300;132;168
41;1019;279;124;155
41;932;313;136;177
41;845;276;124;152
41;758;253;113;140
41;671;228;115;113
41;584;283;121;162
41;497;282;128;154
41;410;298;133;165
41;323;382;162;220
41;236;391;178;213
41;149;332;148;184
41;62;315;141;174
41;1542;268;126;142
41;1455;256;113;143
41;1368;250;105;145
41;1281;261;120;141
41;1194;294;129;165
41;1107;273;120;153
41;1020;295;124;171
41;933;268;123;145
41;846;250;110;140
41;759;220;110;110
41;672;277;115;162
41;585;278;126;152
41;498;291;127;164
41;411;370;155;215
41;324;384;173;211
41;237;325;143;182
41;150;311;136;175
41;63;330;139;191
41;1543;246;108;138
41;1456;246;101;145
41;1369;256;117;139
41;1282;283;123;160
41;1195;264;116;148
41;1108;288;118;170
41;1021;259;118;141
41;934;246;105;141
41;847;210;103;107
41;760;269;111;158
41;673;264;118;146
41;586;270;116;154
41;499;359;150;209
41;412;372;165;207
41;325;320;142;178
41;238;304;134;170
41;151;330;136;194
41;64;328;141;187
41;1544;242;98;144
41;1457;247;109;138
41;1370;272;120;152
41;1283;261;114;147
41;1196;280;114;166
41;1109;245;107;138
41;1022;238;101;137
41;935;210;103;107
41;848;263;107;156
41;761;260;113;147
41;674;260;111;149
41;587;349;148;201
41;500;358;159;199
41;413;311;135;176
41;326;296;127;169
41;239;325;131;194
41;152;321;136;185
41;65;308;129;179
41;1545;238;101;137
41;1458;263;114;149
41;1371;252;106;146
41;1284;272;109;163
41;1197;238;102;136
41;1110;232;99;133
41;1023;204;100;104
41;936;254;103;151
41;849;251;107;144
41;762;253;105;148
41;675;333;135;198
41;588;346;152;194
41;501;299;129;170
41;414;288;123;165
41;327;314;120;194
41;240;320;135;185
41;153;304;127;177
41;66;292;121;171
41;1546;252;109;143
41;1459;247;102;145
41;1372;270;107;163
41;1285;235;99;136
41;1198;231;98;133
41;1111;195;95;100
41;1024;245;98;147
41;937;252;104;148
41;850;246;100;146
41;763;326;129;197
41;676;332;143;189
41;589;285;119;166
41;502;278;117;161
41;415;308;116;192
41;328;312;127;185
41;241;298;123;175
41;154;287;121;166
41;67;301;123;178
41;1547;242;100;142
41;1460;263;105;158
41;1373;225;93;132
41;1286;226;95;131
41;1199;187;88;99
41;1112;235;92;143
41;1025;245;98;147
41;938;261;104;157
41;851;315;122;193
41;764;319;136;183
41;677;269;108;161
41;590;261;106;155
41;503;293;109;184
41;416;302;122;180
41;329;291;121;170
41;242;287;122;165
41;155;295;122;173
41;68;326;133;193
41;1548;255;99;156
41;1461;218;88;130
41;1374;219;89;130
41;1287;181;85;96
41;1200;230;89;141
41;1113;233;91;142
41;1026;255;100;155
41;939;319;124;195
41;852;296;121;175
41;765;256;102;154
41;678;248;97;151
41;591;282;104;178
41;504;300;120;180
41;417;282;114;168
41;330;279;120;159
41;243;283;112;171
41;156;316;129;187
41;69;336;135;201
41;1549;205;82;123
41;1462;211;82;129
41;1375;177;83;94
41;1288;225;86;139
41;1201;225;88;137
41;1114;250;97;153
41;1027;310;119;191
41;940;279;105;174
41;853;246;93;153
41;766;239;92;147
41;679;270;97;173
41;592;291;115;176
41;505;272;107;165
41;418;265;110;155
41;331;274;105;169
41;244;301;119;182
41;157;333;133;200
41;70;277;115;162
41;1550;200;78;122
41;1463;171;79;92
41;1376;218;83;135
41;1289;220;86;134
41;1202;238;88;150
41;1115;304;119;185
41;1028;269;98;171
41;941;247;95;152
41;854;230;86;144
41;767;264;95;169
41;680;279;105;174
41;593;259;98;161
41;506;250;103;147
41;419;258;94;164
41;332;290;115;175
41;245;320;122;198
41;158;265;108;157
41;71;285;97;188
41;1551;161;69;92
41;1464;210;80;130
41;1377;215;82;133
41;1290;236;88;148
41;1203;292;111;181
41;1116;258;95;163
41;1029;244;93;151
41;942;218;76;142
41;855;251;89;162
41;768;269;101;168
41;681;253;96;157
41;594;227;88;139
41;507;250;91;159
41;420;286;113;173
41;333;302;115;187
41;246;256;103;153
41;159;272;93;179
41;72;254;83;171
41;1552;203;74;129
41;1465;208;78;130
41;1378;232;87;145
41;1291;280;103;177
41;1204;247;88;159
41;1117;240;92;148
41;1030;212;73;139
41;943;237;87;150
41;856;259;91;168
41;769;247;91;156
41;682;219;82;137
41;595;242;85;157
41;508;274;106;168
41;421;294;109;185
41;334;241;91;150
41;247;263;87;176
41;160;246;80;166
41;73;280;98;182
41;1553;200;71;129
41;1466;222;81;141
41;1379;268;98;170
41;1292;239;84;155
41;1205;225;85;140
41;1118;205;70;135
41;1031;225;79;146
41;944;253;88;165
41;857;237;82;155
41;770;205;75;130
41;683;230;81;149
41;596;257;96;161
41;509;281;105;176
41;422;232;86;146
41;335;257;84;173
41;248;241;76;165
41;161;271;93;178
41;74;258;102;156
41;1554;209;74;135
41;1467;258;96;162
41;1380;224;75;149
41;1293;210;79;131
41;1206;196;63;133
41;1119;207;73;134
41;1032;239;80;159
41;945;223;77;146
41;858;190;68;122
41;771;216;72;144
41;684;245;90;155
41;597;265;93;172
41;510;222;79;143
41;423;250;82;168
41;336;228;68;160
41;249;260;88;172
41;162;243;96;147
41;75;245;82;163
41;1555;249;93;156
41;1468;216;72;144
41;1381;200;75;125
41;1294;190;59;131
41;1207;200;70;130
41;1120;227;74;153
41;1033;213;71;142
41;946;173;62;111
41;859;208;69;139
41;772;231;80;151
41;685;261;92;169
41;598;213;75;138
41;511;236;74;162
41;424;214;59;155
41;337;250;82;168
41;250;236;92;144
41;163;237;78;159
41;76;214;59;155
41;1556;208;68;140
41;1469;188;69;119
41;1382;181;52;129
41;1295;189;65;124
41;1208;210;67;143
41;1121;197;62;135
41;1034;170;62;108
41;947;194;65;129
41;860;212;71;141
41;773;243;83;160
41;686;201;70;131
41;599;220;69;151
41;512;203;54;149
41;425;232;72;160
41;338;211;80;131
41;251;224;71;153
41;164;206;55;151
41;77;187;44;143
41;1557;176;62;114
41;1470;177;51;126
41;1383;178;58;120
41;1296;199;61;138
41;1209;185;59;126
41;1122;164;58;106
41;1035;185;60;125
41;948;205;69;136
41;861;226;76;150
41;774;194;66;128
41;687;201;60;141
41;600;187;50;137
41;513;218;67;151
41;426;193;73;120
41;339;205;64;141
41;252;199;54;145
41;165;178;41;137
41;78;195;54;141
41;1558;164;46;118
41;1471;167;55;112
41;1384;182;49;133
41;1297;174;55;119
41;1210;152;53;99
41;1123;172;54;118
41;1036;186;63;123
41;949;209;69;140
41;862;178;58;120
41;775;185;55;130
41;688;173;47;126
41;601;207;63;144
41;514;178;68;110
41;427;189;57;132
41;340;193;49;144
41;253;172;39;133
41;166;188;52;136
41;79;157;39;118
41;1559;154;48;106
41;1472;169;46;123
41;1385;167;51;116
41;1298;147;49;98
41;1211;158;48;110
41;1124;175;59;116
41;1037;201;65;136
41;950;170;54;116
41;863;173;51;122
41;776;163;44;119
41;689;199;59;140
41;602;165;60;105
41;515;171;49;122
41;428;179;41;138
41;341;163;37;126
41;254;175;46;129
41;167;143;31;112
41;80;148;38;110
41;1560;161;43;118
41;1473;162;48;114
41;1386;142;47;95
41;1299;148;44;104
41;1212;166;54;112
41;1125;189;58;131
41;1038;160;51;109
41;951;141;38;103
41;864;148;39;109
41;777;182;55;127
41;690;153;52;101
41;603;157;42;115
41;516;163;37;126
41;429;147;35;112
41;342;167;43;124
41;255;135;25;110
41;168;135;33;102
41;81;145;34;111
41;1561;147;42;105
41;1474;129;40;89
41;1387;137;39;98
41;1300;158;48;110
41;1213;172;49;123
41;1126;151;46;105
41;1039;132;34;98
41;952;135;35;100
41;865;166;52;114
41;778;142;48;94
41;691;137;33;104
41;604;144;30;114
41;517;134;32;102
41;430;149;38;111
41;343;122;21;101
41;256;130;28;102
41;169;137;31;106
41;82;92;31;61
41;1562;122;38;84
41;1475;124;36;88
41;1388;142;37;105
41;1301;156;42;114
41;1214;138;38;100
41;1127;114;30;84
41;1040;126;30;96
41;953;146;39;107
41;866;124;42;82
41;779;118;27;91
41;692;136;26;110
41;605;120;26;94
41;518;131;31;100
41;431;116;15;101
41;344;117;24;93
41;257;122;23;99
41;170;81;26;55
41;83;58;18;40
41;1563;116;33;83
41;1476;131;33;98
41;1389;145;39;106
41;1302;127;32;95
41;1215;99;25;74
41;1128;114;29;85
41;1041;133;38;95
41;954;119;37;82
41;867;104;22;82
41;780;126;24;102
41;693;101;21;80
41;606;121;28;93
41;519;100;13;87
41;432;100;19;81
41;345;112;19;93
41;258;68;20;48
41;171;55;18;37
41;84;69;20;49
41;1564;124;31;93
41;1477;134;33;101
41;1390;116;28;88
41;1303;87;23;64
41;1216;101;26;75
41;1129;117;32;85
41;1042;114;37;77
41;955;92;21;71
41;868;113;23;90
41;781;91;18;73
41;694;97;17;80
41;607;90;12;78
41;520;90;17;73
41;433;103;17;86
41;346;66;19;47
41;259;49;15;34
41;172;64;18;46
41;85;62;14;48
41;1565;544;115;429
41;1478;519;113;406
41;1391;483;105;378
41;1304;494;106;388
41;1217;484;102;382
41;1130;459;94;365
41;1043;431;75;356
41;956;421;70;351
41;869;372;63;309
41;782;360;55;305
41;695;351;55;296
41;608;335;63;272
41;521;338;68;270
41;434;304;62;242
41;347;312;69;243
41;260;325;69;256
41;173;341;69;272
41;86;366;86;280
41;1566;19546;9160;10386
41;1479;20311;9529;10782
41;1392;20956;9830;11126
41;1305;21555;10162;11393
41;1218;21979;10360;11619
41;1131;22549;10633;11916
41;1044;23170;10920;12250
41;957;23847;11226;12621
41;870;24705;11628;13077
41;783;25434;12017;13417
41;696;25953;12250;13703
41;609;26589;12600;13989
41;522;27252;12959;14293
41;435;28025;13289;14736
41;348;28535;13554;14981
41;261;28926;13747;15179
41;174;29157;13855;15302
41;87;29528;14073;15455
42;1480;132;68;64
42;1393;156;79;77
42;1306;158;84;74
42;1219;136;58;78
42;1132;151;89;62
42;1045;140;61;79
42;958;152;70;82
42;871;151;81;70
42;784;142;67;75
42;697;154;82;72
42;610;131;69;62
42;523;139;79;60
42;436;128;67;61
42;349;133;68;65
42;262;145;69;76
42;175;119;69;50
42;88;136;67;69
42;1;154;78;76
42;1481;155;78;77
42;1394;159;86;73
42;1307;133;55;78
42;1220;153;85;68
42;1133;138;60;78
42;1046;146;70;76
42;959;148;80;68
42;872;143;67;76
42;785;150;79;71
42;698;134;69;65
42;611;134;75;59
42;524;127;68;59
42;437;131;68;63
42;350;141;69;72
42;263;121;72;49
42;176;131;65;66
42;89;154;79;75
42;2;147;67;80
42;1482;158;84;74
42;1395;132;56;76
42;1308;159;87;72
42;1221;143;63;80
42;1134;141;68;73
42;1047;144;75;69
42;960;147;72;75
42;873;165;76;89
42;786;135;70;65
42;699;133;75;58
42;612;126;69;57
42;525;130;66;64
42;438;140;70;70
42;351;120;70;50
42;264;131;66;65
42;177;154;80;74
42;90;146;68;78
42;3;144;78;66
42;1483;128;52;76
42;1396;158;83;75
42;1309;142;67;75
42;1222;140;70;70
42;1135;147;77;70
42;1048;146;71;75
42;961;156;69;87
42;874;136;70;66
42;787;128;70;58
42;700;122;65;57
42;613;132;66;66
42;526;145;71;74
42;439;118;70;48
42;352;134;69;65
42;265;158;85;73
42;178;146;70;76
42;91;142;77;65
42;4;185;91;94
42;1484;148;78;70
42;1397;141;65;76
42;1310;147;73;74
42;1223;142;77;65
42;1136;136;70;66
42;1049;143;62;81
42;962;127;65;62
42;875;123;67;56
42;788;125;67;58
42;701;131;65;66
42;614;144;72;72
42;527;116;70;46
42;440;124;65;59
42;353;157;83;74
42;266;145;70;75
42;179;142;77;65
42;92;185;92;93
42;5;179;87;92
42;1485;139;64;75
42;1398;146;71;75
42;1311;151;83;68
42;1224;136;69;67
42;1137;138;56;82
42;1050;127;64;63
42;963;120;65;55
42;876;132;72;60
42;789;130;64;66
42;702;142;74;68
42;615;115;68;47
42;528;125;65;60
42;441;152;81;71
42;354;145;68;77
42;267;148;84;64
42;180;185;92;93
42;93;179;87;92
42;6;195;102;93
42;1486;150;73;77
42;1399;148;78;70
42;1312;136;71;65
42;1225;145;59;86
42;1138;132;64;68
42;1051;122;63;59
42;964;129;71;58
42;877;125;61;64
42;790;141;75;66
42;703;111;65;46
42;616;127;65;62
42;529;152;79;73
42;442;144;68;76
42;355;150;86;64
42;268;181;90;91
42;181;181;88;93
42;94;190;102;88
42;7;224;110;114
42;1487;153;80;73
42;1400;141;71;70
42;1313;153;61;92
42;1226;138;69;69
42;1139;133;68;65
42;1052;133;75;58
42;965;122;58;64
42;878;136;70;66
42;791;109;65;44
42;704;125;66;59
42;617;152;78;74
42;530;143;66;77
42;443;146;81;65
42;356;180;89;91
42;269;181;91;90
42;182;188;100;88
42;95;220;109;111
42;8;229;118;111
42;1488;144;73;71
42;1401;151;63;88
42;1314;144;71;73
42;1227;138;73;65
42;1140;136;74;62
42;1053;123;61;62
42;966;136;68;68
42;879;121;74;47
42;792;123;65;58
42;705;142;72;70
42;618;143;67;76
42;531;146;84;62
42;444;175;87;88
42;357;178;90;88
42;270;187;98;89
42;183;222;111;111
42;96;224;114;110
42;9;253;132;121
42;1489;152;67;85
42;1402;139;68;71
42;1315;142;73;69
42;1228;137;78;59
42;1141;122;61;61
42;1054;135;68;67
42;967;120;73;47
42;880;124;64;60
42;793;145;73;72
42;706;141;66;75
42;619;146;79;67
42;532;167;82;85
42;445;174;90;84
42;358;194;103;91
42;271;226;114;112
42;184;226;117;109
42;97;249;130;119
42;10;245;126;119
42;1490;142;73;69
42;1403;137;72;65
42;1316;136;75;61
42;1229;120;61;59
42;1142;132;68;64
42;1055;116;72;44
42;968;123;62;61
42;881;143;71;72
42;794;148;68;80
42;707;148;81;67
42;620;163;80;83
42;533;176;91;85
42;446;193;103;90
42;359;220;112;108
42;272;229;121;108
42;185;250;130;120
42;98;243;125;118
42;11;317;167;150
42;1491;131;71;60
42;1404;133;72;61
42;1317;128;64;64
42;1230;128;69;59
42;1143;119;73;46
42;1056;124;61;63
42;969;141;73;68
42;882;159;71;88
42;795;145;81;64
42;708;166;82;84
42;621;175;90;85
42;534;189;101;88
42;447;220;110;110
42;360;226;120;106
42;273;254;133;121
42;186;237;122;115
42;99;312;164;148
42;12;269;135;134
42;1492;127;69;58
42;1405;127;65;62
42;1318;126;67;59
42;1231;116;71;45
42;1144;125;61;64
42;1057;137;70;67
42;970;159;69;90
42;883;152;81;71
42;796;167;82;85
42;709;181;91;90
42;622;191;102;89
42;535;212;108;104
42;448;223;120;103
42;361;248;131;117
42;274;233;124;109
42;187;310;164;146
42;100;263;133;130
42;13;310;160;150
42;1493;126;65;61
42;1406;123;62;61
42;1319;116;70;46
42;1232;124;62;62
42;1145;142;71;71
42;1058;152;67;85
42;971;150;78;72
42;884;179;92;87
42;797;178;90;88
42;710;188;101;87
42;623;213;109;104
42;536;222;119;103
42;449;246;132;114
42;362;233;125;108
42;275;307;164;143
42;188;265;134;131
42;101;302;153;149
42;14;299;166;133
42;1494;120;63;57
42;1407;111;66;45
42;1320;124;61;63
42;1233;137;69;68
42;1146;152;67;85
42;1059;152;79;73
42;972;180;92;88
42;885;176;91;85
42;798;190;103;87
42;711;212;107;105
42;624;221;118;103
42;537;249;133;116
42;450;228;123;105
42;363;301;160;141
42;276;260;132;128
42;189;296;149;147
42;102;297;165;132
42;15;318;176;142
42;1495;115;69;46
42;1408;121;57;64
42;1321;138;69;69
42;1234;150;69;81
42;1147;147;77;70
42;1060;176;88;88
42;973;175;88;87
42;886;191;95;96
42;799;214;112;102
42;712;223;119;104
42;625;247;131;116
42;538;229;123;106
42;451;289;151;138
42;364;251;127;124
42;277;299;147;152
42;190;294;165;129
42;103;313;171;142
42;16;276;151;125
42;1496;120;56;64
42;1409;142;71;71
42;1322;147;69;78
42;1235;148;77;71
42;1148;177;91;86
42;1061;175;87;88
42;974;192;95;97
42;887;204;106;98
42;800;223;119;104
42;713;241;127;114
42;626;226;122;104
42;539;289;151;138
42;452;245;123;122
42;365;287;141;146
42;278;297;164;133
42;191;305;169;136
42;104;271;149;122
42;17;319;168;151
42;1497;140;69;71
42;1410;147;68;79
42;1323;146;78;68
42;1236;174;87;87
42;1149;170;84;86
42;1062;189;93;96
42;975;204;108;96
42;888;222;121;101
42;801;241;128;113
42;714;218;118;100
42;627;285;149;136
42;540;243;123;120
42;453;278;139;139
42;366;288;159;129
42;279;302;165;137
42;192;268;147;121
42;105;313;165;148
42;18;272;137;135
42;1498;148;70;78
42;1411;142;76;66
42;1324;170;85;85
42;1237;163;81;82
42;1150;189;90;99
42;1063;196;103;93
42;976;217;118;99
42;889;231;128;103
42;802;224;118;106
42;715;279;144;135
42;628;236;122;114
42;541;271;136;135
42;454;275;148;127
42;367;292;160;132
42;280;256;136;120
42;193;311;165;146
42;106;266;133;133
42;19;265;146;119
42;1499;137;74;63
42;1412;167;84;83
42;1325;158;78;80
42;1238;186;90;96
42;1151;194;103;91
42;1064;210;114;96
42;977;220;122;98
42;890;188;97;91
42;803;277;144;133
42;716;233;119;114
42;629;266;134;132
42;542;273;147;126
42;455;274;148;126
42;368;250;134;116
42;281;302;160;142
42;194;265;132;133
42;107;253;141;112
42;20;210;121;89
42;1500;165;80;85
42;1413;149;72;77
42;1326;181;85;96
42;1239;189;100;89
42;1152;203;109;94
42;1065;216;120;96
42;978;176;88;88
42;891;200;102;98
42;804;226;113;113
42;717;265;132;133
42;630;269;144;125
42;543;267;144;123
42;456;232;125;107
42;369;290;157;133
42;282;255;125;130
42;195;251;139;112
42;108;200;117;83
42;21;204;98;106
42;1501;134;66;68
42;1414;181;86;95
42;1327;189;97;92
42;1240;204;108;96
42;1153;222;122;100
42;1066;174;89;85
42;979;190;97;93
42;892;170;79;91
42;805;258;131;127
42;718;263;140;123
42;631;265;143;122
42;544;220;121;99
42;457;274;148;126
42;370;248;121;127
42;283;239;134;105
42;196;199;119;80
42;109;200;96;104
42;22;214;112;102
42;1502;172;83;89
42;1415;189;92;97
42;1328;202;107;95
42;1241;215;117;98
42;1154;168;88;80
42;1067;169;90;79
42;980;160;75;85
42;893;189;95;94
42;806;258;138;120
42;719;261;145;116
42;632;214;119;95
42;545;261;142;119
42;458;236;117;119
42;371;230;130;100
42;284;194;112;82
42;197;195;98;97
42;110;206;111;95
42;23;195;114;81
42;1503;175;88;87
42;1416;197;101;96
42;1329;205;107;98
42;1242;162;82;80
42;1155;169;94;75
42;1068;148;71;77
42;981;172;83;89
42;894;198;118;80
42;807;252;141;111
42;720;208;115;93
42;633;258;140;118
42;546;231;114;117
42;459;224;123;101
42;372;182;109;73
42;285;183;89;94
42;198;202;111;91
42;111;188;109;79
42;24;224;131;93
42;1504;188;93;95
42;1417;198;103;95
42;1330;158;79;79
42;1243;169;94;75
42;1156;133;69;64
42;1069;167;83;84
42;982;173;101;72
42;895;190;100;90
42;808;199;108;91
42;721;258;136;122
42;634;226;106;120
42;547;214;116;98
42;460;176;107;69
42;373;173;83;90
42;286;196;104;92
42;199;189;104;85
42;112;221;127;94
42;25;256;126;130
42;1505;190;97;93
42;1418;142;76;66
42;1331;172;96;76
42;1244;140;73;67
42;1157;174;85;89
42;1070;168;98;70
42;983;181;96;85
42;896;159;82;77
42;809;249;135;114
42;722;213;100;113
42;635;213;113;100
42;548;178;107;71
42;461;177;82;95
42;374;186;102;84
42;287;190;101;89
42;200;226;127;99
42;113;247;120;127
42;26;231;115;116
42;1506;134;70;64
42;1419;157;87;70
42;1332;151;73;78
42;1245;171;83;88
42;1158;164;94;70
42;1071;173;91;82
42;984;149;83;66
42;897;180;96;84
42;810;194;92;102
42;723;200;110;90
42;636;182;109;73
42;549;171;79;92
42;462;185;99;86
42;375;190;102;88
42;288;217;126;91
42;201;249;120;129
42;114;228;115;113
42;27;208;103;105
42;1507;142;77;65
42;1420;140;70;70
42;1333;172;87;85
42;1246;161;93;68
42;1159;176;93;83
42;1072;150;86;64
42;985;158;86;72
42;898;168;72;96
42;811;198;108;90
42;724;182;108;74
42;637;171;77;94
42;550;176;96;80
42;463;184;99;85
42;376;214;125;89
42;289;245;119;126
42;202;226;115;111
42;115;204;99;105
42;28;231;122;109
42;1508;135;66;69
42;1421;168;89;79
42;1334;159;92;67
42;1247;170;85;85
42;1160;155;83;72
42;1073;159;87;72
42;986;168;72;96
42;899;166;90;76
42;812;180;104;76
42;725;170;78;92
42;638;170;92;78
42;551;187;97;90
42;464;200;118;82
42;377;245;114;131
42;290;223;115;108
42;203;200;96;104
42;116;229;122;107
42;29;263;119;144
42;1509;164;87;77
42;1422;154;88;66
42;1335;167;84;83
42;1248;167;88;79
42;1161;164;92;72
42;1074;160;67;93
42;987;154;85;69
42;900;148;74;74
42;813;170;77;93
42;726;158;84;74
42;639;192;99;93
42;552;190;110;80
42;465;240;112;128
42;378;220;111;109
42;291;197;92;105
42;204;236;122;114
42;117;257;115;142
42;30;235;125;110
42;1510;152;85;67
42;1423;158;77;81
42;1336;176;91;85
42;1249;159;87;72
42;1162;160;65;95
42;1075;157;85;72
42;988;145;65;80
42;901;165;77;88
42;814;162;86;76
42;727;186;97;89
42;640;184;106;78
42;553;239;111;128
42;466;223;114;109
42;379;200;95;105
42;292;224;117;107
42;205;254;115;139
42;118;232;122;110
42;31;255;114;141
42;1511;148;74;74
42;1424;168;84;84
42;1337;152;80;72
42;1250;166;66;100
42;1163;159;85;74
42;1076;155;73;82
42;989;161;77;84
42;902;155;68;87
42;815;182;100;82
42;728;183;102;81
42;641;236;105;131
42;554;220;109;111
42;467;193;93;100
42;380;226;119;107
42;293;255;114;141
42;206;233;123;110
42;119;247;110;137
42;32;238;105;133
42;1512;165;78;87
42;1425;148;82;66
42;1338;166;71;95
42;1251;159;85;74
42;1164;156;69;87
42;1077;156;70;86
42;990;149;66;83
42;903;154;80;74
42;816;186;102;84
42;729;229;103;126
42;642;224;110;114
42;555;191;91;100
42;468;230;121;109
42;381;251;110;141
42;294;225;118;107
42;207;251;113;138
42;120;228;103;125
42;33;233;111;122
42;1513;142;76;66
42;1426;158;65;93
42;1339;166;93;73
42;1252;158;74;84
42;1165;154;71;83
42;1078;143;59;84
42;991;152;79;73
42;904;168;93;75
42;817;227;104;123
42;730;228;111;117
42;643;197;96;101
42;556;232;124;108
42;469;249;109;140
42;382;218;114;104
42;295;245;109;136
42;208;227;104;123
42;121;231;110;121
42;34;242;111;131
42;1514;157;61;96
42;1427;154;84;70
42;1340;160;77;83
42;1253;159;72;87
42;1166;148;68;80
42;1079;144;75;69
42;992;167;94;73
42;905;203;99;104
42;818;230;112;118
42;731;194;92;102
42;644;230;122;108
42;557;250;108;142
42;470;213;113;100
42;383;252;111;141
42;296;216;100;116
42;209;231;109;122
42;122;237;110;127
42;35;270;114;156
42;1515;150;80;70
42;1428;161;77;84
42;1341;171;80;91
42;1254;154;70;84
42;1167;148;72;76
42;1080;157;84;73
42;993;191;92;99
42;906;191;95;96
42;819;192;91;101
42;732;228;118;110
42;645;252;109;143
42;558;201;105;96
42;471;245;107;138
42;384;204;97;107
42;297;228;105;123
42;210;236;110;126
42;123;260;107;153
42;36;291;135;156
42;1516;154;77;77
42;1429;167;75;92
42;1342;157;72;85
42;1255;137;64;73
42;1168;157;82;75
42;1081;192;92;100
42;994;181;88;93
42;907;184;91;93
42;820;221;115;106
42;733;254;108;146
42;646;199;106;93
42;559;241;105;136
42;472;203;97;106
42;385;228;108;120
42;298;230;107;123
42;211;257;109;148
42;124;287;129;158
42;37;291;137;154
42;1517;164;74;90
42;1430;160;72;88
42;1343;140;68;72
42;1256;157;82;75
42;1169;194;96;98
42;1082;177;88;89
42;995;186;94;92
42;908;184;96;88
42;821;249;105;144
42;734;199;103;96
42;647;246;111;135
42;560;208;101;107
42;473;219;102;117
42;386;226;106;120
42;299;254;110;144
42;212;282;124;158
42;125;286;135;151
42;38;291;132;159
42;1518;153;68;85
42;1431;146;69;77
42;1344;164;89;75
42;1257;199;100;99
42;1170;177;89;88
42;1083;185;91;94
42;996;181;92;89
42;909;230;97;133
42;822;204;106;98
42;735;247;110;137
42;648;205;97;108
42;561;214;98;116
42;474;223;107;116
42;387;250;106;144
42;300;285;124;161
42;213;285;133;152
42;126;283;128;155
42;39;280;131;149
42;1519;153;75;78
42;1432;162;88;74
42;1345;201;103;98
42;1258;181;95;86
42;1171;184;90;94
42;1084;181;91;90
42;997;223;96;127
42;910;207;107;100
42;823;245;110;135
42;736;205;96;109
42;649;212;94;118
42;562;217;103;114
42;475;240;99;141
42;388;278;121;157
42;301;279;131;148
42;214;286;130;156
42;127;275;126;149
42;40;318;142;176
42;1520;162;83;79
42;1433;201;104;97
42;1346;182;98;84
42;1259;194;98;96
42;1172;183;95;88
42;1085;218;90;128
42;998;207;107;100
42;911;232;115;117
42;824;209;98;111
42;737;214;94;120
42;650;218;105;113
42;563;236;97;139
42;476;269;116;153
42;389;275;129;146
42;302;282;128;154
42;215;271;124;147
42;128;310;140;170
42;41;294;130;164
42;1521;205;104;101
42;1434;182;99;83
42;1347;203;100;103
42;1260;188;101;87
42;1173;222;90;132
42;1086;202;101;101
42;999;230;115;115
42;912;214;93;121
42;825;210;90;120
42;738;218;104;114
42;651;231;94;137
42;564;263;113;150
42;477;258;117;141
42;390;281;125;156
42;303;266;124;142
42;216;307;140;167
42;129;288;127;161
42;42;332;137;195
42;1522;180;97;83
42;1435;207;101;106
42;1348;203;109;94
42;1261;224;91;133
42;1174;208;102;106
42;1087;234;118;116
42;1000;206;92;114
42;913;220;100;120
42;826;218;105;113
42;739;227;92;135
42;652;260;113;147
42;565;257;120;137
42;478;279;126;153
42;391;263;123;140
42;304;305;138;167
42;217;287;127;160
42;130;326;134;192
42;43;299;133;166
42;1523;207;99;108
42;1436;199;106;93
42;1349;229;92;137
42;1262;211;103;108
42;1175;230;117;113
42;1088;204;91;113
42;1001;213;97;116
42;914;206;101;105
42;827;229;93;136
42;740;257;111;146
42;653;252;113;139
42;566;267;119;148
42;479;255;120;135
42;392;299;137;162
42;305;285;124;161
42;218;329;137;192
42;131;292;131;161
42;44;319;150;169
42;1524;196;106;90
42;1437;217;84;133
42;1350;212;100;112
42;1263;233;120;113
42;1176;202;89;113
42;1089;209;97;112
42;1002;200;95;105
42;915;233;91;142
42;828;261;112;149
42;741;252;113;139
42;654;264;116;148
42;567;252;120;132
42;480;288;132;156
42;393;283;119;164
42;306;330;139;191
42;219;288;131;157
42;132;316;148;168
42;45;254;112;142
42;1525;230;89;141
42;1438;212;101;111
42;1351;233;119;114
42;1264;207;88;119
42;1177;203;94;109
42;1090;193;88;105
42;1003;226;88;138
42;916;249;104;145
42;829;252;117;135
42;742;266;116;150
42;655;249;116;133
42;568;283;129;154
42;481;276;113;163
42;394;322;137;185
42;307;280;128;152
42;220;311;144;167
42;133;247;108;139
42;46;258;123;135
42;1526;216;106;110
42;1439;232;119;113
42;1352;209;93;116
42;1265;202;94;108
42;1178;188;86;102
42;1091;225;89;136
42;1004;239;101;138
42;917;255;124;131
42;830;268;115;153
42;743;249;115;134
42;656;279;123;156
42;569;272;111;161
42;482;316;140;176
42;395;272;123;149
42;308;304;141;163
42;221;246;108;138
42;134;255;124;131
42;47;234;112;122
42;1527;231;117;114
42;1440;211;94;117
42;1353;204;92;112
42;1266;184;83;101
42;1179;227;88;139
42;1092;240;102;138
42;1005;254;124;130
42;918;252;106;146
42;831;250;118;132
42;744;284;125;159
42;657;269;114;155
42;570;312;136;176
42;483;263;121;142
42;396;295;135;160
42;309;241;105;136
42;222;252;123;129
42;135;233;113;120
42;48;222;101;121
42;1528;214;97;117
42;1441;209;97;112
42;1354;190;88;102
42;1267;224;83;141
42;1180;235;99;136
42;1093;247;120;127
42;1006;260;112;148
42;919;252;117;135
42;832;283;127;156
42;745;264;112;152
42;658;306;132;174
42;571;259;117;142
42;484;290;132;158
42;397;232;99;133
42;310;246;121;125
42;223;226;109;117
42;136;217;99;118
42;49;217;96;121
42;1529;209;98;111
42;1442;196;91;105
42;1355;230;87;143
42;1268;238;101;137
42;1181;246;121;125
42;1094;261;111;150
42;1007;248;114;134
42;920;286;131;155
42;833;264;113;151
42;746;309;131;178
42;659;255;112;143
42;572;288;131;157
42;485;229;99;130
42;398;242;117;125
42;311;227;108;119
42;224;213;96;117
42;137;214;95;119
42;50;235;107;128
42;1530;198;92;106
42;1443;229;86;143
42;1356;242;105;137
42;1269;252;123;129
42;1182;257;110;147
42;1095;245;113;132
42;1008;280;125;155
42;921;277;118;159
42;834;309;133;176
42;747;254;111;143
42;660;289;128;161
42;573;219;92;127
42;486;239;117;122
42;399;222;103;119
42;312;206;95;111
42;225;207;87;120
42;138;232;105;127
42;51;253;101;152
42;1531;232;88;144
42;1444;237;106;131
42;1357;256;123;133
42;1270;260;110;150
42;1183;247;117;130
42;1096;276;122;154
42;1009;270;113;157
42;922;300;125;175
42;835;258;111;147
42;748;285;128;157
42;661;212;88;124
42;574;233;112;121
42;487;214;99;115
42;400;199;91;108
42;313;206;88;118
42;226;230;102;128
42;139;245;99;146
42;52;209;100;109
42;1532;245;108;137
42;1445;251;120;131
42;1358;264;112;152
42;1271;234;112;122
42;1184;273;118;155
42;1097;274;115;159
42;1010;297;122;175
42;923;300;130;170
42;836;287;130;157
42;749;210;85;125
42;662;231;111;120
42;575;216;99;117
42;488;198;94;104
42;401;205;90;115
42;314;226;99;127
42;227;247;99;148
42;140;206;99;107
42;53;201;79;122
42;1533;255;118;137
42;1446;260;109;151
42;1359;230;113;117
42;1272;275;124;151
42;1185;279;116;163
42;1098;291;119;172
42;1011;294;126;168
42;924;308;136;172
42;837;208;85;123
42;750;228;107;121
42;663;215;97;118
42;576;195;90;105
42;489;204;92;112
42;402;218;89;129
42;315;244;98;146
42;228;208;100;108
42;141;201;80;121
42;54;166;75;91
42;1534;261;110;151
42;1447;236;120;116
42;1360;279;130;149
42;1273;281;115;166
42;1186;289;118;171
42;1099;291;126;165
42;1012;301;134;167
42;925;219;90;129
42;838;227;106;121
42;751;208;90;118
42;664;190;86;104
42;577;199;88;111
42;490;210;86;124
42;403;242;96;146
42;316;212;100;112
42;229;200;81;119
42;142;161;73;88
42;55;186;69;117
42;1535;238;119;119
42;1448;278;130;148
42;1361;290;122;168
42;1274;290;116;174
42;1187;296;128;168
42;1100;300;128;172
42;1013;215;90;125
42;926;235;108;127
42;839;210;91;119
42;752;189;85;104
42;665;196;85;111
42;578;210;83;127
42;491;236;92;144
42;404;219;105;114
42;317;201;80;121
42;230;162;73;89
42;143;178;65;113
42;56;188;75;113
42;1536;283;132;151
42;1449;288;120;168
42;1362;296;121;175
42;1275;293;127;166
42;1188;299;128;171
42;1101;217;90;127
42;1014;237;109;128
42;927;226;103;123
42;840;190;85;105
42;753;196;83;113
42;666;204;80;124
42;579;229;87;142
42;492;212;98;114
42;405;199;80;119
42;318;161;70;91
42;231;180;65;115
42;144;187;77;110
42;57;185;63;122
42;1537;291;121;170
42;1450;292;117;175
42;1363;294;128;166
42;1276;300;121;179
42;1189;221;92;129
42;1102;237;108;129
42;1015;223;105;118
42;928;204;95;109
42;841;197;83;114
42;754;199;75;124
42;667;223;81;142
42;580;210;95;115
42;493;191;75;116
42;406;155;67;88
42;319;177;62;115
42;232;180;74;106
42;145;180;62;118
42;58;179;81;98
42;1538;298;121;177
42;1451;294;129;165
42;1364;298;120;178
42;1277;219;90;129
42;1190;238;108;130
42;1103;224;104;120
42;1016;204;96;108
42;929;213;98;115
42;842;193;71;122
42;755;222;78;144
42;668;202;86;116
42;581;188;71;117
42;494;155;66;89
42;407;180;62;118
42;320;178;68;110
42;233;181;61;120
42;146;174;80;94
42;59;184;79;105
42;1539;295;128;167
42;1452;299;116;183
42;1365;220;91;129
42;1278;241;109;132
42;1191;225;107;118
42;1104;199;93;106
42;1017;214;99;115
42;930;210;76;134
42;843;220;77;143
42;756;197;83;114
42;669;187;72;115
42;582;154;63;91
42;495;182;62;120
42;408;180;69;111
42;321;183;63;120
42;234;173;78;95
42;147;174;76;98
42;60;194;86;108
42;1540;296;114;182
42;1453;219;88;131
42;1366;240;108;132
42;1279;224;103;121
42;1192;192;87;105
42;1105;211;98;113
42;1018;211;75;136
42;931;262;102;160
42;844;199;83;116
42;757;189;71;118
42;670;154;64;90
42;583;180;60;120
42;496;175;70;105
42;409;183;61;122
42;322;176;78;98
42;235;172;74;98
42;148;194;87;107
42;61;191;74;117
42;1541;224;84;140
42;1454;235;101;134
42;1367;227;105;122
42;1280;194;86;108
42;1193;215;98;117
42;1106;211;73;138
42;1019;262;101;161
42;932;217;94;123
42;845;182;68;114
42;758;152;63;89
42;671;174;56;118
42;584;173;70;103
42;497;179;58;121
42;410;176;77;99
42;323;174;74;100
42;236;193;86;107
42;149;187;74;113
42;62;169;67;102
42;1542;244;107;137
42;1455;235;106;129
42;1368;197;86;111
42;1281;221;100;121
42;1194;211;70;141
42;1107;270;104;166
42;1020;216;89;127
42;933;191;72;119
42;846;144;56;88
42;759;174;57;117
42;672;171;67;104
42;585;173;52;121
42;498;178;76;102
42;411;175;75;100
42;324;194;86;108
42;237;189;75;114
42;150;173;68;105
42;63;187;72;115
42;1543;236;107;129
42;1456;195;81;114
42;1369;227;101;126
42;1282;217;69;148
42;1195;265;100;165
42;1108;222;92;130
42;1021;193;72;121
42;934;152;68;84
42;847;175;59;116
42;760;171;66;105
42;673;174;51;123
42;586;175;74;101
42;499;178;76;102
42;412;196;85;111
42;325;190;76;114
42;238;175;71;104
42;151;185;69;116
42;64;170;69;101
42;1544;195;80;115
42;1457;235;102;133
42;1370;218;70;148
42;1283;267;99;168
42;1196;219;89;130
42;1109;192;71;121
42;1022;153;65;88
42;935;167;55;112
42;848;167;64;103
42;761;173;49;124
42;674;171;70;101
42;587;178;76;102
42;500;192;84;108
42;413;188;76;112
42;326;172;71;101
42;239;188;71;117
42;152;168;66;102
42;65;207;72;135
42;1545;229;98;131
42;1458;219;66;153
42;1371;271;100;171
42;1284;215;86;129
42;1197;187;66;121
42;1110;152;67;85
42;1023;163;52;111
42;936;173;69;104
42;849;166;47;119
42;762;161;63;98
42;675;171;73;98
42;588;185;78;107
42;501;181;70;111
42;414;176;74;102
42;327;187;68;119
42;240;170;66;104
42;153;203;68;135
42;66;162;68;94
42;1546;223;65;158
42;1459;272;98;174
42;1372;210;82;128
42;1285;179;61;118
42;1198;148;65;83
42;1111;164;52;112
42;1024;166;64;102
42;937;176;57;119
42;850;158;61;97
42;763;167;70;97
42;676;180;75;105
42;589;178;66;112
42;502;173;67;106
42;415;192;71;121
42;328;164;60;104
42;241;203;70;133
42;154;157;65;92
42;67;152;53;99
42;1547;273;98;175
42;1460;218;87;131
42;1373;178;65;113
42;1286;143;60;83
42;1199;163;50;113
42;1112;163;65;98
42;1025;173;56;117
42;938;161;69;92
42;851;170;73;97
42;764;178;73;105
42;677;178;65;113
42;590;172;68;104
42;503;183;62;121
42;416;157;57;100
42;329;196;62;134
42;242;156;64;92
42;155;146;52;94
42;68;167;56;111
42;1548;220;89;131
42;1461;179;65;114
42;1374;144;59;85
42;1287;166;52;114
42;1200;156;63;93
42;1113;172;55;117
42;1026;163;70;93
42;939;172;72;100
42;852;174;69;105
42;765;174;63;111
42;678;168;69;99
42;591;180;61;119
42;504;155;57;98
42;417;194;60;134
42;330;155;60;95
42;243;145;51;94
42;156;163;52;111
42;69;138;59;79
42;1549;182;67;115
42;1462;143;58;85
42;1375;160;53;107
42;1288;149;58;91
42;1201;170;54;116
42;1114;164;69;95
42;1027;168;66;102
42;940;176;73;103
42;853;171;62;109
42;766;165;70;95
42;679;174;58;116
42;592;155;55;100
42;505;186;57;129
42;418;156;58;98
42;331;150;50;100
42;244;162;49;113
42;157;138;58;80
42;70;157;60;97
42;1550;152;61;91
42;1463;159;55;104
42;1376;157;63;94
42;1289;168;53;115
42;1202;161;68;93
42;1115;165;61;104
42;1028;172;69;103
42;941;176;65;111
42;854;160;68;92
42;767;172;57;115
42;680;154;55;99
42;593;186;57;129
42;506;155;56;99
42;419;149;49;100
42;332;164;50;114
42;245;138;59;79
42;158;155;61;94
42;71;157;61;96
42;1551;158;54;104
42;1464;155;62;93
42;1377;166;50;116
42;1290;158;65;93
42;1203;164;60;104
42;1116;171;69;102
42;1029;175;67;108
42;942;153;60;93
42;855;170;55;115
42;768;151;55;96
42;681;180;56;124
42;594;153;54;99
42;507;142;45;97
42;420;165;51;114
42;333;134;57;77
42;246;153;58;95
42;159;157;62;95
42;72;129;53;76
42;1552;147;57;90
42;1465;168;50;118
42;1378;152;60;92
42;1291;163;58;105
42;1204;168;67;101
42;1117;176;65;111
42;1030;145;56;89
42;943;158;50;108
42;856;147;54;93
42;769;181;57;124
42;682;149;53;96
42;595;139;43;96
42;508;157;48;109
42;421;134;58;76
42;334;149;57;92
42;247;149;57;92
42;160;126;51;75
42;73;158;48;110
42;1553;170;52;118
42;1466;150;60;90
42;1379;158;57;101
42;1292;168;65;103
42;1205;176;64;112
42;1118;140;53;87
42;1031;156;48;108
42;944;132;50;82
42;857;177;57;120
42;770;149;52;97
42;683;140;45;95
42;596;157;50;107
42;509;135;58;77
42;422;149;58;91
42;335;151;59;92
42;248;122;50;72
42;161;158;49;109
42;74;126;53;73
42;1554;148;61;87
42;1467;161;57;104
42;1380;168;66;102
42;1293;163;54;109
42;1206;139;52;87
42;1119;151;45;106
42;1032;129;49;80
42;945;171;51;120
42;858;151;53;98
42;771;138;43;95
42;684;150;45;105
42;597;133;55;78
42;510;144;58;86
42;423;145;56;89
42;336;121;48;73
42;249;156;47;109
42;162;124;53;71
42;75;132;46;86
42;1555;156;54;102
42;1468;169;69;100
42;1381;163;53;110
42;1294;133;50;83
42;1207;146;42;104
42;1120;122;45;77
42;1033;166;49;117
42;946;141;50;91
42;859;132;42;90
42;772;151;47;104
42;685;132;54;78
42;598;143;57;86
42;511;141;55;86
42;424;116;45;71
42;337;155;47;108
42;250;125;53;72
42;163;126;44;82
42;76;124;30;94
42;1556;167;69;98
42;1469;164;53;111
42;1382;127;47;80
42;1295;142;38;104
42;1208;119;44;75
42;1121;163;49;114
42;1034;136;45;91
42;947;131;39;92
42;860;148;47;101
42;773;128;49;79
42;686;139;55;84
42;599;134;50;84
42;512;114;43;71
42;425;155;47;108
42;338;122;50;72
42;251;124;42;82
42;164;120;27;93
42;77;85;27;58
42;1557;164;50;114
42;1470;121;39;82
42;1383;136;36;100
42;1296;113;38;75
42;1209;153;46;107
42;1122;132;42;90
42;1035;127;37;90
42;948;151;48;103
42;861;126;48;78
42;774;131;49;82
42;687;130;46;84
42;600;103;38;65
42;513;148;45;103
42;426;116;46;70
42;339;115;39;76
42;252;115;24;91
42;165;82;24;58
42;78;98;28;70
42;1558;117;36;81
42;1471;129;34;95
42;1384;107;38;69
42;1297;148;45;103
42;1210;124;38;86
42;1123;127;39;88
42;1036;143;44;99
42;949;121;43;78
42;862;128;46;82
42;775;126;46;80
42;688;100;35;65
42;601;142;42;100
42;514;111;44;67
42;427;111;39;72
42;340;110;22;88
42;253;77;22;55
42;166;92;26;66
42;79;88;23;65
42;1559;125;31;94
42;1472;106;38;68
42;1385;137;41;96
42;1298;122;36;86
42;1211;122;38;84
42;1124;136;42;94
42;1037;116;44;72
42;950;129;46;83
42;863;120;43;77
42;776;89;27;62
42;689;135;40;95
42;602;102;36;66
42;515;107;38;69
42;428;104;20;84
42;341;74;21;53
42;254;90;28;62
42;167;84;21;63
42;80;64;17;47
42;1560;101;36;65
42;1473;127;39;88
42;1386;119;35;84
42;1299;117;37;80
42;1212;130;38;92
42;1125;106;39;67
42;1038;122;43;79
42;951;112;37;75
42;864;86;25;61
42;777;132;38;94
42;690;96;33;63
42;603;99;36;63
42;516;96;18;78
42;429;68;18;50
42;342;82;24;58
42;255;79;19;60
42;168;63;17;46
42;81;50;14;36
42;1561;123;36;87
42;1474;118;36;82
42;1387;104;32;72
42;1300;125;37;88
42;1213;99;35;64
42;1126;114;40;74
42;1039;109;36;73
42;952;85;26;59
42;865;129;36;93
42;778;83;26;57
42;691;90;33;57
42;604;93;18;75
42;517;65;15;50
42;430;78;22;56
42;343;77;18;59
42;256;58;15;43
42;169;48;14;34
42;82;57;15;42
42;1562;117;36;81
42;1475;93;28;65
42;1388;121;35;86
42;1301;98;34;64
42;1214;104;39;65
42;1127;105;35;70
42;1040;81;23;58
42;953;114;30;84
42;866;79;24;55
42;779;82;31;51
42;692;87;17;70
42;605;58;13;45
42;518;74;21;53
42;431;70;17;53
42;344;54;15;39
42;257;41;12;29
42;170;51;13;38
42;83;30;9;21
42;1563;82;23;59
42;1476;117;32;85
42;1389;93;32;61
42;1302;98;35;63
42;1215;102;33;69
42;1128;78;20;58
42;1041;109;27;82
42;954;80;23;57
42;867;77;27;50
42;780;86;19;67
42;693;56;12;44
42;606;66;18;48
42;519;64;14;50
42;432;51;15;36
42;345;39;12;27
42;258;42;9;33
42;171;29;10;19
42;84;28;10;18
42;1564;108;28;80
42;1477;90;32;58
42;1390;88;30;58
42;1303;91;27;64
42;1216;72;20;52
42;1129;100;26;74
42;1042;73;19;54
42;955;69;22;47
42;868;76;15;61
42;781;51;8;43
42;694;63;14;49
42;607;55;10;45
42;520;53;14;39
42;433;37;11;26
42;346;42;10;32
42;259;22;8;14
42;172;25;8;17
42;85;25;5;20
42;1565;476;126;350
42;1478;464;113;351
42;1391;447;103;344
42;1304;416;90;326
42;1217;399;81;318
42;1130;342;68;274
42;1043;332;71;261
42;956;300;59;241
42;869;240;47;193
42;782;235;52;183
42;695;220;52;168
42;608;213;51;162
42;521;185;44;141
42;434;185;50;135
42;347;173;53;120
42;260;172;50;122
42;173;178;55;123
42;86;179;60;119
42;1566;15381;6803;8578
42;1479;15449;6848;8601
42;1392;15542;6922;8620
42;1305;15379;6800;8579
42;1218;15358;6818;8540
42;1131;15353;6803;8550
42;1044;15512;6906;8606
42;957;15771;7057;8714
42;870;16212;7307;8905
42;783;16272;7315;8957
42;696;16386;7408;8978
42;609;16518;7504;9014
42;522;16704;7626;9078
42;435;17048;7797;9251
42;348;17222;7883;9339
42;261;17324;7956;9368
42;174;17372;7964;9408
42;87;17619;8071;9548
43;1480;831;403;428
43;1393;850;442;408
43;1306;942;483;459
43;1219;903;434;469
43;1132;858;443;415
43;1045;917;473;444
43;958;899;451;448
43;871;858;442;416
43;784;931;477;454
43;697;856;461;395
43;610;824;424;400
43;523;891;430;461
43;436;881;457;424
43;349;901;441;460
43;262;872;452;420
43;175;927;481;446
43;88;906;437;469
43;1;1061;564;497
43;1481;844;436;408
43;1394;933;480;453
43;1307;919;443;476
43;1220;868;440;428
43;1133;935;487;448
43;1046;914;461;453
43;959;867;451;416
43;872;941;509;432
43;785;846;453;393
43;698;800;412;388
43;611;869;416;453
43;524;871;449;422
43;437;880;429;451
43;350;861;447;414
43;263;938;479;459
43;176;914;446;468
43;89;1071;574;497
43;2;1126;606;520
43;1482;914;470;444
43;1395;906;436;470
43;1308;886;450;436
43;1221;948;488;460
43;1134;921;467;454
43;1047;884;464;420
43;960;954;511;443
43;873;879;496;383
43;786;794;414;380
43;699;846;402;444
43;612;856;442;414
43;525;861;420;441
43;438;840;432;408
43;351;930;476;454
43;264;926;448;478
43;177;1066;572;494
43;90;1126;599;527
43;3;1178;579;599
43;1483;868;422;446
43;1396;854;428;426
43;1309;919;465;454
43;1222;912;462;450
43;1135;878;466;412
43;1048;954;504;450
43;961;877;493;384
43;874;826;418;408
43;787;830;400;430
43;700;842;437;405
43;613;854;420;434
43;526;829;424;405
43;439;906;465;441
43;352;910;444;466
43;265;1056;560;496
43;178;1125;598;527
43;91;1166;568;598
43;4;1298;638;660
43;1484;827;414;413
43;1397;893;455;438
43;1310;889;444;445
43;1223;860;458;402
43;1136;949;507;442
43;1049;862;483;379
43;962;828;418;410
43;875;870;426;444
43;788;834;432;402
43;701;847;413;434
43;614;829;426;403
43;527;896;463;433
43;440;892;433;459
43;353;1029;547;482
43;266;1121;595;526
43;179;1165;565;600
43;92;1289;635;654
43;5;1290;655;635
43;1485;867;444;423
43;1398;841;419;422
43;1311;842;444;398
43;1224;947;504;443
43;1137;859;484;375
43;1050;806;400;406
43;963;870;427;443
43;876;877;468;409
43;789;836;410;426
43;702;813;416;397
43;615;886;453;433
43;528;892;433;459
43;441;1014;536;478
43;354;1106;586;520
43;267;1157;564;593
43;180;1279;625;654
43;93;1280;651;629
43;6;1371;693;678
43;1486;824;415;409
43;1399;818;429;389
43;1312;925;492;433
43;1225;853;484;369
43;1138;805;398;407
43;1051;867;422;445
43;964;875;469;406
43;877;894;442;452
43;790;803;412;391
43;703;858;436;422
43;616;874;423;451
43;529;996;527;469
43;442;1090;577;513
43;355;1147;562;585
43;268;1280;624;656
43;181;1270;645;625
43;94;1359;682;677
43;7;1362;715;647
43;1487;799;427;372
43;1400;910;483;427
43;1313;837;476;361
43;1226;802;399;403
43;1139;884;433;451
43;1052;876;469;407
43;965;896;443;453
43;878;848;443;405
43;791;870;437;433
43;704;874;420;454
43;617;987;528;459
43;530;1090;584;506
43;443;1128;553;575
43;356;1258;613;645
43;269;1265;634;631
43;182;1357;678;679
43;95;1359;707;652
43;8;1518;793;725
43;1488;875;467;408
43;1401;800;451;349
43;1314;787;388;399
43;1227;855;415;440
43;1140;879;473;406
43;1053;891;441;450
43;966;837;444;393
43;879;867;452;415
43;792;872;416;456
43;705;968;516;452
43;618;1087;586;501
43;531;1111;542;569
43;444;1240;610;630
43;357;1253;628;625
43;270;1348;674;674
43;183;1355;702;653
43;96;1513;789;724
43;9;1731;872;859
43;1489;765;433;332
43;1402;772;379;393
43;1315;845;403;442
43;1228;873;470;403
43;1141;881;435;446
43;1054;840;443;397
43;967;848;439;409
43;880;843;409;434
43;793;975;513;462
43;706;1082;585;497
43;619;1097;536;561
43;532;1232;607;625
43;445;1231;619;612
43;358;1332;665;667
43;271;1345;695;650
43;184;1512;789;723
43;97;1720;857;863
43;10;1823;937;886
43;1490;753;370;383
43;1403;827;398;429
43;1316;855;463;392
43;1229;872;429;443
43;1142;830;437;393
43;1055;852;446;406
43;968;838;406;432
43;881;968;504;464
43;794;1083;583;500
43;707;1085;527;558
43;620;1216;606;610
43;533;1219;613;606
43;446;1318;655;663
43;359;1326;679;647
43;272;1512;793;719
43;185;1704;849;855
43;98;1805;926;879
43;11;1855;968;887
43;1491;799;388;411
43;1404;835;449;386
43;1317;858;421;437
43;1230;822;436;386
43;1143;860;449;411
43;1056;839;401;438
43;969;974;509;465
43;882;1043;557;486
43;795;1073;514;559
43;708;1194;593;601
43;621;1207;609;598
43;534;1311;656;655
43;447;1307;669;638
43;360;1496;785;711
43;273;1698;853;845
43;186;1786;919;867
43;99;1829;953;876
43;12;1794;907;887
43;1492;807;433;374
43;1405;830;410;420
43;1318;808;427;381
43;1231;846;445;401
43;1144;826;397;429
43;1057;960;499;461
43;970;1030;551;479
43;883;1076;527;549
43;796;1178;578;600
43;709;1191;598;593
43;622;1297;649;648
43;535;1294;662;632
43;448;1484;781;703
43;361;1672;836;836
43;274;1764;905;859
43;187;1797;933;864
43;100;1758;890;868
43;13;1928;983;945
43;1493;814;407;407
43;1406;783;418;365
43;1319;839;443;396
43;1232;812;390;422
43;1145;956;495;461
43;1058;1016;545;471
43;971;1071;528;543
43;884;1168;583;585
43;797;1183;595;588
43;710;1282;639;643
43;623;1270;651;619
43;536;1462;770;692
43;449;1635;815;820
43;362;1729;882;847
43;275;1758;917;841
43;188;1719;867;852
43;101;1882;958;924
43;14;1952;1021;931
43;1494;769;410;359
43;1407;825;436;389
43;1320;809;389;420
43;1233;945;489;456
43;1146;998;531;467
43;1059;1073;528;545
43;972;1163;576;587
43;885;1179;594;585
43;798;1277;638;639
43;711;1247;634;613
43;624;1443;762;681
43;537;1611;800;811
43;450;1691;863;828
43;363;1723;897;826
43;276;1678;851;827
43;189;1841;938;903
43;102;1916;999;917
43;15;2009;1041;968
43;1495;814;432;382
43;1408;794;378;416
43;1321;955;496;459
43;1234;1002;534;468
43;1147;1072;528;544
43;1060;1161;571;590
43;973;1166;586;580
43;886;1233;641;592
43;799;1235;628;607
43;712;1421;748;673
43;625;1589;787;802
43;538;1666;849;817
43;451;1656;861;795
43;364;1647;835;812
43;277;1803;918;885
43;190;1879;977;902
43;103;1969;1011;958
43;16;1888;941;947
43;1496;780;367;413
43;1409;933;481;452
43;1322;979;520;459
43;1235;1056;519;537
43;1148;1151;567;584
43;1061;1160;582;578
43;974;1219;629;590
43;887;1222;634;588
43;800;1412;739;673
43;713;1580;779;801
43;626;1639;834;805
43;539;1624;843;781
43;452;1584;799;785
43;365;1750;894;856
43;278;1841;961;880
43;191;1927;988;939
43;104;1857;919;938
43;17;1881;903;978
43;1497;922;478;444
43;1410;961;511;450
43;1323;1048;516;532
43;1236;1147;568;579
43;1149;1152;583;569
43;1062;1215;624;591
43;975;1224;635;589
43;888;1374;714;660
43;801;1567;765;802
43;714;1611;817;794
43;627;1607;833;774
43;540;1553;786;767
43;453;1695;860;835
43;366;1798;934;864
43;279;1886;965;921
43;192;1809;893;916
43;105;1841;877;964
43;18;1843;938;905
43;1498;941;502;439
43;1411;1018;505;513
43;1324;1142;566;576
43;1237;1150;579;571
43;1150;1213;624;589
43;1063;1207;621;586
43;976;1360;713;647
43;889;1578;764;814
43;802;1586;801;785
43;715;1588;820;768
43;628;1532;773;759
43;541;1650;835;815
43;454;1731;899;832
43;367;1819;925;894
43;280;1755;866;889
43;193;1810;860;950
43;106;1797;912;885
43;19;1565;764;801
43;1499;958;479;479
43;1412;1094;552;542
43;1325;1122;565;557
43;1238;1179;609;570
43;1151;1182;607;575
43;1064;1332;700;632
43;977;1533;740;793
43;890;1441;743;698
43;803;1548;804;744
43;716;1506;756;750
43;629;1610;811;799
43;542;1687;870;817
43;455;1707;859;848
43;368;1683;828;855
43;281;1752;833;919
43;194;1764;887;877
43;107;1533;745;788
43;20;1457;745;712
43;1500;1027;525;502
43;1413;1092;553;539
43;1326;1145;592;553
43;1239;1166;597;569
43;1152;1297;678;619
43;1065;1502;717;785
43;978;1424;726;698
43;891;1308;685;623
43;804;1472;740;732
43;717;1589;795;794
43;630;1638;852;786
43;543;1663;830;833
43;456;1585;773;812
43;369;1672;795;877
43;282;1691;843;848
43;195;1476;720;756
43;108;1423;718;705
43;21;1471;747;724
43;1501;1024;518;506
43;1414;1100;576;524
43;1327;1138;579;559
43;1240;1266;659;607
43;1153;1472;697;775
43;1066;1395;704;691
43;979;1258;667;591
43;892;1259;630;629
43;805;1535;770;765
43;718;1599;829;770
43;631;1620;804;816
43;544;1547;755;792
43;457;1569;739;830
43;370;1624;809;815
43;283;1409;688;721
43;196;1377;698;679
43;109;1409;715;694
43;22;1402;676;726
43;1502;1039;542;497
43;1415;1081;554;527
43;1328;1226;636;590
43;1241;1440;689;751
43;1154;1366;689;677
43;1067;1228;647;581
43;980;1208;603;605
43;893;1369;682;687
43;806;1550;795;755
43;719;1586;784;802
43;632;1503;740;763
43;545;1521;714;807
43;458;1534;767;767
43;371;1347;652;695
43;284;1325;672;653
43;197;1364;696;668
43;110;1352;657;695
43;23;1487;742;745
43;1503;994;503;491
43;1416;1165;605;560
43;1329;1380;654;726
43;1242;1327;675;652
43;1155;1171;612;559
43;1068;1144;566;578
43;981;1309;658;651
43;894;1353;692;661
43;807;1520;744;776
43;720;1470;720;750
43;633;1482;693;789
43;546;1496;741;755
43;459;1273;608;665
43;372;1267;642;625
43;285;1311;668;643
43;198;1318;645;673
43;111;1433;713;720
43;24;1582;770;812
43;1504;1093;570;523
43;1417;1311;620;691
43;1330;1270;657;613
43;1243;1132;594;538
43;1156;1138;564;574
43;1069;1270;640;630
43;982;1286;668;618
43;895;1298;663;635
43;808;1405;690;715
43;721;1452;682;770
43;634;1450;711;739
43;547;1226;582;644
43;460;1194;608;586
43;373;1261;649;612
43;286;1284;632;652
43;199;1407;700;707
43;112;1544;747;797
43;25;1622;786;836
43;1505;1221;582;639
43;1418;1223;631;592
43;1331;1073;556;517
43;1244;1135;561;574
43;1157;1217;613;604
43;1070;1246;648;598
43;983;1223;627;596
43;896;1142;594;548
43;809;1380;649;731
43;722;1411;693;718
43;635;1195;575;620
43;548;1150;581;569
43;461;1193;618;575
43;374;1213;608;605
43;287;1341;682;659
43;200;1525;739;786
43;113;1609;788;821
43;26;1666;780;886
43;1506;1118;582;536
43;1419;982;519;463
43;1332;1075;518;557
43;1245;1175;596;579
43;1158;1225;639;586
43;1071;1161;584;577
43;984;1037;545;492
43;897;1100;546;554
43;810;1339;658;681
43;723;1135;552;583
43;636;1107;553;554
43;549;1171;597;574
43;462;1174;579;595
43;375;1293;648;645
43;288;1479;722;757
43;201;1594;786;808
43;114;1643;771;872
43;27;1715;776;939
43;1507;926;479;447
43;1420;984;479;505
43;1333;1115;562;553
43;1246;1206;629;577
43;1159;1128;567;561
43;1072;992;521;471
43;985;1023;510;513
43;898;1124;559;565
43;811;1057;514;543
43;724;1053;532;521
43;637;1144;578;566
43;550;1172;574;598
43;463;1253;634;619
43;376;1475;720;755
43;289;1558;768;790
43;202;1607;746;861
43;115;1689;757;932
43;28;1769;852;917
43;1508;927;453;474
43;1421;1058;548;510
43;1334;1185;616;569
43;1247;1087;549;538
43;1160;950;507;443
43;1073;1004;504;500
43;986;1064;525;539
43;899;1023;483;540
43;812;1018;510;508
43;725;1094;551;543
43;638;1150;558;592
43;551;1239;627;612
43;464;1430;694;736
43;377;1514;753;761
43;290;1579;737;842
43;203;1662;740;922
43;116;1748;830;918
43;29;1766;832;934
43;1509;994;511;483
43;1422;1075;563;512
43;1335;1041;523;518
43;1248;936;489;447
43;1161;960;490;470
43;1074;1024;501;523
43;987;998;458;540
43;900;1035;534;501
43;813;1072;531;541
43;726;1123;548;575
43;639;1206;615;591
43;552;1414;678;736
43;465;1479;738;741
43;378;1540;728;812
43;291;1635;733;902
43;204;1721;816;905
43;117;1732;810;922
43;30;1774;786;988
43;1510;1007;521;486
43;1423;968;492;476
43;1336;894;477;417
43;1249;916;465;451
43;1162;995;481;514
43;1075;973;454;519
43;988;999;514;485
43;901;1047;524;523
43;814;1091;533;558
43;727;1184;604;580
43;640;1375;663;712
43;553;1456;720;736
43;466;1510;713;797
43;379;1614;728;886
43;292;1668;791;877
43;205;1709;801;908
43;118;1731;760;971
43;31;1854;902;952
43;1511;912;465;447
43;1424;837;456;381
43;1337;852;431;421
43;1250;974;477;497
43;1163;960;444;516
43;1076;980;500;480
43;989;1001;501;500
43;902;1095;536;559
43;815;1157;580;577
43;728;1330;630;700
43;641;1441;714;727
43;554;1492;706;786
43;467;1564;705;859
43;380;1623;765;858
43;293;1659;778;881
43;206;1714;753;961
43;119;1826;885;941
43;32;1859;903;956
43;1512;792;435;357
43;1425;816;406;410
43;1338;918;454;464
43;1251;930;438;492
43;1164;957;491;466
43;1077;977;496;481
43;990;1049;504;545
43;903;1105;544;561
43;816;1294;617;677
43;729;1414;698;716
43;642;1470;690;780
43;555;1532;686;846
43;468;1582;743;839
43;381;1602;747;855
43;294;1685;742;943
43;207;1800;875;925
43;120;1822;882;940
43;33;1979;953;1026
43;1513;758;376;382
43;1426;865;413;452
43;1339;905;423;482
43;1252;940;480;460
43;1165;969;485;484
43;1078;1027;488;539
43;991;1081;533;548
43;904;1186;566;620
43;817;1401;687;714
43;730;1431;673;758
43;643;1503;675;828
43;556;1547;730;817
43;469;1568;726;842
43;382;1635;720;915
43;295;1755;849;906
43;208;1794;872;922
43;121;1957;940;1017
43;34;1983;920;1063
43;1514;836;400;436
43;1427;844;385;459
43;1340;919;469;450
43;1253;943;468;475
43;1166;1025;486;539
43;1079;1061;524;537
43;992;1158;558;600
43;905;1207;591;616
43;818;1407;653;754
43;731;1466;661;805
43;644;1532;729;803
43;557;1548;710;838
43;470;1594;704;890
43;383;1713;828;885
43;296;1750;854;896
43;209;1936;932;1004
43;122;1954;904;1050
43;35;1974;926;1048
43;1515;820;381;439
43;1428;870;445;425
43;1341;912;446;466
43;1254;1004;481;523
43;1167;1054;525;529
43;1080;1149;553;596
43;993;1177;576;601
43;906;1236;580;656
43;819;1429;638;791
43;732;1495;708;787
43;645;1521;697;824
43;558;1554;682;872
43;471;1665;796;869
43;384;1704;830;874
43;297;1893;910;983
43;210;1918;889;1029
43;123;1928;894;1034
43;36;1973;932;1041
43;1516;835;427;408
43;1429;864;419;445
43;1342;978;464;514
43;1255;1042;519;523
43;1168;1130;542;588
43;1081;1167;576;591
43;994;1218;568;650
43;907;1258;547;711
43;820;1456;689;767
43;733;1490;679;811
43;646;1524;672;852
43;559;1637;776;861
43;472;1655;805;850
43;385;1837;881;956
43;298;1883;877;1006
43;211;1900;884;1016
43;124;1941;923;1018
43;37;2079;943;1136
43;1517;842;415;427
43;1430;948;449;499
43;1343;1016;510;506
43;1256;1118;533;585
43;1169;1155;570;585
43;1082;1213;567;646
43;995;1240;534;706
43;908;1354;634;720
43;821;1477;668;809
43;734;1506;663;843
43;647;1602;756;846
43;560;1625;795;830
43;473;1794;849;945
43;386;1830;843;987
43;299;1867;859;1008
43;212;1901;899;1002
43;125;2040;918;1122
43;38;2109;980;1129
43;1518;917;438;479
43;1431;980;489;491
43;1344;1080;519;561
43;1257;1128;557;571
43;1170;1213;565;648
43;1083;1224;528;696
43;996;1338;626;712
43;909;1378;632;746
43;822;1482;647;835
43;735;1578;750;828
43;648;1611;791;820
43;561;1748;826;922
43;474;1770;807;963
43;387;1811;829;982
43;300;1851;877;974
43;213;2010;905;1105
43;126;2070;956;1114
43;39;2218;1008;1210
43;1519;957;483;474
43;1432;1055;512;543
43;1345;1099;539;560
43;1258;1199;565;634
43;1171;1209;521;688
43;1084;1337;624;713
43;997;1369;628;741
43;910;1408;616;792
43;823;1548;733;815
43;736;1579;773;806
43;649;1715;804;911
43;562;1741;792;949
43;475;1760;797;963
43;388;1811;859;952
43;301;1960;879;1081
43;214;2037;937;1100
43;127;2174;974;1200
43;40;2214;1015;1199
43;1520;1034;500;534
43;1433;1052;512;540
43;1346;1194;559;635
43;1259;1202;526;676
43;1172;1328;621;707
43;1085;1358;629;729
43;998;1397;611;786
43;911;1454;666;788
43;824;1553;752;801
43;737;1691;790;901
43;650;1705;778;927
43;563;1727;776;951
43;476;1756;829;927
43;389;1901;850;1051
43;302;1980;915;1065
43;215;2142;960;1182
43;128;2161;982;1179
43;41;2064;954;1110
43;1521;1038;503;535
43;1434;1164;540;624
43;1347;1199;530;669
43;1260;1313;610;703
43;1173;1333;617;716
43;1086;1385;608;777
43;999;1418;652;766
43;912;1433;657;776
43;825;1654;764;890
43;738;1681;759;922
43;651;1690;754;936
43;564;1727;816;911
43;477;1846;821;1025
43;390;1931;888;1043
43;303;2099;941;1158
43;216;2119;960;1159
43;129;2020;929;1091
43;42;2133;978;1155
43;1522;1127;527;600
43;1435;1163;513;650
43;1348;1303;605;698
43;1261;1317;603;714
43;1174;1382;605;777
43;1087;1404;643;761
43;1000;1408;638;770
43;913;1545;694;851
43;826;1658;740;918
43;739;1668;739;929
43;652;1702;806;896
43;565;1811;809;1002
43;478;1894;864;1030
43;391;2050;922;1128
43;304;2075;936;1139
43;217;1991;912;1079
43;130;2098;964;1134
43;43;1893;863;1030
43;1523;1143;501;642
43;1436;1271;586;685
43;1349;1299;592;707
43;1262;1364;598;766
43;1175;1398;644;754
43;1088;1395;630;765
43;1001;1526;684;842
43;914;1610;696;914
43;827;1633;722;911
43;740;1670;786;884
43;653;1769;788;981
43;566;1867;851;1016
43;479;1997;890;1107
43;392;2030;912;1118
43;305;1961;900;1061
43;218;2072;947;1125
43;131;1876;852;1024
43;44;1826;792;1034
43;1524;1245;571;674
43;1437;1265;573;692
43;1350;1341;583;758
43;1263;1371;628;743
43;1176;1384;630;754
43;1089;1506;668;838
43;1002;1571;676;895
43;915;1569;700;869
43;828;1644;770;874
43;741;1749;775;974
43;654;1836;836;1000
43;567;1963;877;1086
43;480;1999;902;1097
43;393;1933;884;1049
43;306;2028;920;1108
43;219;1847;842;1005
43;132;1792;777;1015
43;45;1742;800;942
43;1525;1235;555;680
43;1438;1312;568;744
43;1351;1331;605;726
43;1264;1368;620;748
43;1177;1471;647;824
43;1090;1545;665;880
43;1003;1552;692;860
43;916;1566;696;870
43;829;1715;752;963
43;742;1805;818;987
43;655;1917;856;1061
43;568;1962;886;1076
43;481;1892;863;1029
43;394;1975;904;1071
43;307;1804;828;976
43;220;1763;762;1001
43;133;1693;770;923
43;46;1560;733;827
43;1526;1276;553;723
43;1439;1305;590;715
43;1352;1344;596;748
43;1265;1457;640;817
43;1178;1530;659;871
43;1091;1527;683;844
43;1004;1553;690;863
43;917;1656;711;945
43;830;1767;797;970
43;743;1890;842;1048
43;656;1922;863;1059
43;569;1874;853;1021
43;482;1924;883;1041
43;395;1770;805;965
43;308;1729;749;980
43;221;1674;763;911
43;134;1527;718;809
43;47;1560;703;857
43;1527;1274;575;699
43;1440;1309;574;735
43;1353;1433;627;806
43;1266;1510;646;864
43;1179;1501;670;831
43;1092;1546;690;856
43;1005;1637;708;929
43;918;1741;774;967
43;831;1849;816;1033
43;744;1903;856;1047
43;657;1836;831;1005
43;570;1894;870;1024
43;483;1741;790;951
43;396;1685;726;959
43;309;1622;737;885
43;222;1514;711;803
43;135;1543;698;845
43;48;1441;676;765
43;1528;1284;560;724
43;1441;1410;615;795
43;1354;1489;631;858
43;1267;1484;660;824
43;1180;1527;682;845
43;1093;1613;696;917
43;1006;1723;767;956
43;919;1816;787;1029
43;832;1864;832;1032
43;745;1804;810;994
43;658;1859;847;1012
43;571;1713;772;941
43;484;1641;707;934
43;397;1575;715;860
43;310;1479;691;788
43;223;1521;684;837
43;136;1411;659;752
43;49;1572;709;863
43;1529;1384;600;784
43;1442;1466;618;848
43;1355;1465;650;815
43;1268;1500;660;840
43;1181;1606;691;915
43;1094;1713;757;956
43;1007;1794;776;1018
43;920;1856;808;1048
43;833;1775;794;981
43;746;1832;833;999
43;659;1681;758;923
43;572;1626;701;925
43;485;1534;692;842
43;398;1441;670;771
43;311;1485;666;819
43;224;1389;648;741
43;137;1514;672;842
43;50;1445;645;800
43;1530;1450;607;843
43;1443;1435;632;803
43;1356;1488;648;840
43;1269;1574;667;907
43;1182;1707;752;955
43;1095;1786;774;1012
43;1008;1835;794;1041
43;921;1778;784;994
43;834;1806;816;990
43;747;1653;738;915
43;660;1597;687;910
43;573;1505;671;834
43;486;1399;649;750
43;399;1447;647;800
43;312;1353;634;719
43;225;1488;653;835
43;138;1412;621;791
43;51;1465;626;839
43;1531;1418;625;793
43;1444;1453;629;824
43;1357;1555;654;901
43;1270;1673;726;947
43;1183;1771;766;1005
43;1096;1812;778;1034
43;1009;1762;781;981
43;922;1764;778;986
43;835;1627;717;910
43;748;1579;676;903
43;661;1474;652;822
43;574;1362;628;734
43;487;1415;630;785
43;400;1311;607;704
43;313;1450;641;809
43;226;1385;608;777
43;139;1420;599;821
43;52;1403;599;804
43;1532;1423;612;811
43;1445;1532;642;890
43;1358;1638;703;935
43;1271;1752;751;1001
43;1184;1792;770;1022
43;1097;1732;760;972
43;1010;1746;766;980
43;923;1647;715;932
43;836;1545;659;886
43;749;1457;642;815
43;662;1342;616;726
43;575;1398;624;774
43;488;1287;595;692
43;401;1415;622;793
43;314;1361;591;770
43;227;1397;588;809
43;140;1389;590;799
43;53;1346;599;747
43;1533;1495;627;868
43;1446;1612;697;915
43;1359;1711;723;988
43;1272;1767;755;1012
43;1185;1720;756;964
43;1098;1725;754;971
43;1011;1615;698;917
43;924;1567;655;912
43;837;1426;626;800
43;750;1308;595;713
43;663;1368;611;757
43;576;1271;591;680
43;489;1381;598;783
43;402;1321;565;756
43;315;1360;568;792
43;228;1368;579;789
43;141;1321;589;732
43;54;1253;511;742
43;1534;1586;682;904
43;1447;1668;696;972
43;1360;1737;734;1003
43;1273;1700;744;956
43;1186;1709;744;965
43;1099;1598;684;914
43;1012;1543;640;903
43;925;1449;624;825
43;838;1280;580;700
43;751;1355;603;752
43;664;1237;572;665
43;577;1353;582;771
43;490;1298;550;748
43;403;1333;554;779
43;316;1337;562;775
43;229;1302;575;727
43;142;1218;499;719
43;55;1291;549;742
43;1535;1637;679;958
43;1448;1702;715;987
43;1361;1662;723;939
43;1274;1688;735;953
43;1187;1583;674;909
43;1100;1515;627;888
43;1013;1424;609;815
43;926;1288;568;720
43;839;1333;592;741
43;752;1205;547;658
43;665;1318;561;757
43;578;1264;529;735
43;491;1301;539;762
43;404;1299;545;754
43;317;1276;556;720
43;230;1201;489;712
43;143;1251;530;721
43;56;1346;580;766
43;1536;1680;706;974
43;1449;1623;698;925
43;1362;1668;720;948
43;1275;1565;664;901
43;1188;1489;606;883
43;1101;1402;591;811
43;1014;1279;555;724
43;927;1313;593;720
43;840;1187;534;653
43;753;1288;548;740
43;666;1234;510;724
43;579;1276;525;751
43;492;1255;517;738
43;405;1255;547;708
43;318;1182;479;703
43;231;1225;516;709
43;144;1304;557;747
43;57;1305;594;711
43;1537;1603;686;917
43;1450;1646;711;935
43;1363;1538;651;887
43;1276;1462;590;872
43;1189;1383;583;800
43;1102;1258;540;718
43;1015;1291;574;717
43;928;1171;527;644
43;841;1261;527;734
43;754;1219;505;714
43;667;1240;508;732
43;580;1234;505;729
43;493;1234;536;698
43;406;1158;465;693
43;319;1196;499;697
43;232;1277;537;740
43;145;1277;579;698
43;58;1468;638;830
43;1538;1619;686;933
43;1451;1506;631;875
43;1364;1435;571;864
43;1277;1369;577;792
43;1190;1247;537;710
43;1103;1280;562;718
43;1016;1151;517;634
43;929;1244;517;727
43;842;1189;485;704
43;755;1212;484;728
43;668;1200;486;714
43;581;1211;525;686
43;494;1138;455;683
43;407;1170;487;683
43;320;1230;510;720
43;233;1241;559;682
43;146;1429;621;808
43;59;1522;641;881
43;1539;1487;619;868
43;1452;1411;558;853
43;1365;1346;558;788
43;1278;1232;527;705
43;1191;1255;546;709
43;1104;1133;506;627
43;1017;1220;504;716
43;930;1189;471;718
43;843;1181;470;711
43;756;1177;467;710
43;669;1198;512;686
43;582;1114;443;671
43;495;1148;472;676
43;408;1210;494;716
43;321;1206;542;664
43;234;1397;600;797
43;147;1482;621;861
43;60;1456;638;818
43;1540;1396;547;849
43;1453;1312;537;775
43;1366;1227;522;705
43;1279;1246;538;708
43;1192;1117;496;621
43;1105;1206;495;711
43;1018;1169;455;714
43;931;1216;484;732
43;844;1153;452;701
43;757;1172;492;680
43;670;1086;428;658
43;583;1126;459;667
43;496;1166;470;696
43;409;1176;524;652
43;322;1346;570;776
43;235;1446;606;840
43;148;1435;627;808
43;61;1278;558;720
43;1541;1284;525;759
43;1454;1205;506;699
43;1367;1214;520;694
43;1280;1100;480;620
43;1193;1189;486;703
43;1106;1142;437;705
43;1019;1192;466;726
43;932;1158;447;711
43;845;1160;483;677
43;758;1068;418;650
43;671;1104;446;658
43;584;1142;453;689
43;497;1141;501;640
43;410;1321;557;764
43;323;1397;581;816
43;236;1414;611;803
43;149;1263;548;715
43;62;1233;516;717
43;1542;1189;493;696
43;1455;1189;506;683
43;1368;1088;470;618
43;1281;1159;462;697
43;1194;1122;425;697
43;1107;1158;447;711
43;1020;1120;428;692
43;933;1174;489;685
43;846;1042;400;642
43;759;1077;428;649
43;672;1121;445;676
43;585;1116;482;634
43;498;1286;535;751
43;411;1374;563;811
43;324;1369;584;785
43;237;1254;542;712
43;150;1219;508;711
43;63;1211;481;730
43;1543;1179;494;685
43;1456;1075;460;615
43;1369;1140;454;686
43;1282;1105;419;686
43;1195;1139;440;699
43;1108;1103;418;685
43;1021;1153;477;676
43;934;1013;379;634
43;847;1059;413;646
43;760;1087;424;663
43;673;1082;461;621
43;586;1251;509;742
43;499;1331;539;792
43;412;1342;569;773
43;325;1232;525;707
43;238;1205;497;708
43;151;1190;467;723
43;64;1139;442;697
43;1544;1055;444;611
43;1457;1123;444;679
43;1370;1083;401;682
43;1283;1107;421;686
43;1196;1085;400;685
43;1109;1134;467;667
43;1022;993;365;628
43;935;1028;390;638
43;848;1060;404;656
43;761;1064;447;617
43;674;1213;483;730
43;587;1298;522;776
43;500;1300;547;753
43;413;1195;515;680
43;326;1180;484;696
43;239;1172;455;717
43;152;1118;431;687
43;65;1163;469;694
43;1545;1096;426;670
43;1458;1051;379;672
43;1371;1086;406;680
43;1284;1056;382;674
43;1197;1111;449;662
43;1110;974;355;619
43;1023;999;372;627
43;936;1051;402;649
43;849;1038;427;611
43;762;1167;456;711
43;675;1255;493;762
43;588;1258;514;744
43;501;1166;493;673
43;414;1134;458;676
43;327;1146;435;711
43;240;1109;423;686
43;153;1139;456;683
43;66;1029;390;639
43;1546;1031;362;669
43;1459;1057;387;670
43;1372;1032;369;663
43;1285;1094;437;657
43;1198;957;345;612
43;1111;972;354;618
43;1024;1027;384;643
43;937;1045;418;627
43;850;1131;437;694
43;763;1220;467;753
43;676;1226;496;730
43;589;1126;467;659
43;502;1099;433;666
43;415;1123;417;706
43;328;1091;403;688
43;241;1120;442;678
43;154;1014;379;635
43;67;1053;427;626
43;1547;1045;383;662
43;1460;1009;358;651
43;1373;1080;424;656
43;1286;933;330;603
43;1199;953;344;609
43;1112;1000;362;638
43;1025;1013;393;620
43;938;1177;450;727
43;851;1195;453;742
43;764;1198;477;721
43;677;1092;447;645
43;590;1065;417;648
43;503;1088;397;691
43;416;1057;378;679
43;329;1096;426;670
43;242;1018;376;642
43;155;1040;421;619
43;68;1035;406;629
43;1548;970;335;635
43;1461;1042;399;643
43;1374;920;324;596
43;1287;930;329;601
43;1200;978;351;627
43;1113;993;379;614
43;1026;1157;436;721
43;939;1218;460;758
43;852;1158;452;706
43;765;1061;424;637
43;678;1049;404;645
43;591;1054;374;680
43;504;1020;357;663
43;417;1071;412;659
43;330;996;362;634
43;243;1009;399;610
43;156;1017;391;626
43;69;1006;381;625
43;1549;1021;381;640
43;1462;901;314;587
43;1375;911;317;594
43;1288;952;342;610
43;1201;963;363;600
43;1114;1127;420;707
43;1027;1197;442;755
43;940;1170;450;720
43;853;1031;408;623
43;766;1018;388;630
43;679;1030;361;669
43;592;994;344;650
43;505;1043;401;642
43;418;969;348;621
43;331;990;381;609
43;244;985;374;611
43;157;983;371;612
43;70;876;336;540
43;1550;873;301;572
43;1463;890;306;584
43;1376;928;328;600
43;1289;951;354;597
43;1202;1092;402;690
43;1115;1157;421;736
43;1028;1146;437;709
43;941;1028;396;632
43;854;987;365;622
43;767;1001;343;658
43;680;964;330;634
43;593;1008;384;624
43;506;933;323;610
43;419;964;365;599
43;332;959;359;600
43;245;961;356;605
43;158;859;326;533
43;71;869;334;535
43;1551;864;287;577
43;1464;907;313;594
43;1377;929;340;589
43;1290;1061;383;678
43;1203;1128;405;723
43;1116;1103;405;698
43;1029;1006;382;624
43;942;991;357;634
43;855;973;329;644
43;768;939;312;627
43;681;967;365;602
43;594;913;306;607
43;507;935;347;588
43;420;931;344;587
43;333;945;337;608
43;246;838;311;527
43;159;847;315;532
43;72;886;335;551
43;1552;880;298;582
43;1465;900;323;577
43;1378;1032;360;672
43;1291;1096;380;716
43;1204;1079;387;692
43;1117;975;362;613
43;1030;949;329;620
43;943;984;328;656
43;856;917;304;613
43;769;930;341;589
43;682;884;294;590
43;595;911;335;576
43;508;905;329;576
43;421;912;314;598
43;334;820;297;523
43;247;830;310;520
43;160;866;329;537
43;73;867;328;539
43;1553;866;302;564
43;1466;993;337;656
43;1379;1058;365;693
43;1292;1054;373;681
43;1205;954;346;608
43;1118;921;311;610
43;1031;955;312;643
43;944;897;292;605
43;857;897;320;577
43;770;852;277;575
43;683;888;317;571
43;596;865;309;556
43;509;885;301;584
43;422;787;280;507
43;335;803;296;507
43;248;837;311;526
43;161;855;317;538
43;74;741;278;463
43;1554;951;315;636
43;1467;1016;336;680
43;1380;1025;353;672
43;1293;920;326;594
43;1206;900;299;601
43;1119;930;295;635
43;1032;864;271;593
43;945;902;310;592
43;858;825;263;562
43;771;853;295;558
43;684;830;294;536
43;597;860;289;571
43;510;754;263;491
43;423;777;280;497
43;336;810;300;510
43;249;841;305;536
43;162;725;270;455
43;75;688;199;489
43;1555;981;314;667
43;1468;981;328;653
43;1381;901;314;587
43;1294;879;285;594
43;1207;900;279;621
43;1120;831;248;583
43;1033;871;292;579
43;946;834;254;580
43;859;809;274;535
43;772;795;280;515
43;685;829;272;557
43;598;729;252;477
43;511;746;261;485
43;424;774;279;495
43;337;817;287;530
43;250;689;252;437
43;163;666;189;477
43;76;662;188;474
43;1556;948;304;644
43;1469;871;296;575
43;1382;852;267;585
43;1295;872;262;610
43;1208;810;239;571
43;1121;837;275;562
43;1034;806;240;566
43;947;811;274;537
43;860;758;256;502
43;773;800;259;541
43;686;695;234;461
43;599;713;241;472
43;512;735;260;475
43;425;778;269;509
43;338;662;237;425
43;251;643;176;467
43;164;637;175;462
43;77;602;168;434
43;1557;841;281;560
43;1470;816;247;569
43;1383;831;247;584
43;1296;786;229;557
43;1209;807;258;549
43;1122;770;222;548
43;1035;778;255;523
43;948;763;245;518
43;861;757;247;510
43;774;663;215;448
43;687;672;224;448
43;600;708;246;462
43;513;729;246;483
43;426;631;226;405
43;339;618;169;449
43;252;614;163;451
43;165;586;162;424
43;78;589;169;420
43;1558;786;234;552
43;1471;800;237;563
43;1384;748;208;540
43;1297;778;245;533
43;1210;747;209;538
43;1123;749;241;508
43;1036;726;221;505
43;949;748;243;505
43;862;641;204;437
43;775;630;205;425
43;688;671;229;442
43;601;685;222;463
43;514;609;215;394
43;427;578;161;417
43;340;578;145;433
43;253;561;153;408
43;166;574;161;413
43;79;468;123;345
43;1559;769;222;547
43;1472;697;186;511
43;1385;747;225;522
43;1298;712;195;517
43;1211;708;216;492
43;1124;693;208;485
43;1037;708;221;487
43;950;638;211;427
43;863;598;190;408
43;776;633;210;423
43;689;630;196;434
43;602;577;201;376
43;515;540;143;397
43;428;536;129;407
43;341;543;147;396
43;254;540;145;395
43;167;454;121;333
43;80;438;125;313
43;1560;662;172;490
43;1473;719;220;499
43;1386;682;188;494
43;1299;670;195;475
43;1212;660;196;464
43;1125;679;211;468
43;1038;590;192;398
43;951;596;192;404
43;864;588;197;391
43;777;596;176;420
43;690;538;185;353
43;603;506;130;376
43;516;505;114;391
43;429;499;131;368
43;342;502;133;369
43;255;425;112;313
43;168;409;113;296
43;81;377;104;273
43;1561;671;202;469
43;1474;645;170;475
43;1387;632;182;450
43;1300;635;190;445
43;1213;647;197;450
43;1126;554;176;378
43;1039;566;180;386
43;952;574;183;391
43;865;563;162;401
43;778;507;175;332
43;691;484;124;360
43;604;480;106;374
43;517;468;121;347
43;430;482;123;359
43;343;398;101;297
43;256;387;103;284
43;169;351;96;255
43;82;242;67;175
43;1562;618;161;457
43;1475;583;164;419
43;1388;592;173;419
43;1301;613;181;432
43;1214;518;162;356
43;1127;525;162;363
43;1040;546;170;376
43;953;542;154;388
43;866;471;161;310
43;779;446;110;336
43;692;448;96;352
43;605;439;109;330
43;518;448;112;336
43;431;369;91;278
43;344;361;98;263
43;257;316;80;236
43;170;226;63;163
43;83;216;57;159
43;1563;529;144;385
43;1476;552;156;396
43;1389;567;159;408
43;1302;478;140;338
43;1215;482;142;340
43;1128;507;156;351
43;1041;496;134;362
43;954;440;143;297
43;867;420;96;324
43;780;417;91;326
43;693;403;96;307
43;606;418;105;313
43;519;349;85;264
43;432;340;90;250
43;345;297;73;224
43;258;218;61;157
43;171;200;52;148
43;84;177;45;132
43;1564;498;141;357
43;1477;530;147;383
43;1390;438;128;310
43;1303;455;128;327
43;1216;464;143;321
43;1129;460;118;342
43;1042;398;126;272
43;955;398;94;304
43;868;385;81;304
43;781;370;79;291
43;694;383;92;291
43;607;320;75;245
43;520;321;84;237
43;433;272;63;209
43;346;204;54;150
43;259;177;45;132
43;172;164;43;121
43;85;196;47;149
43;1565;2427;590;1837
43;1478;2290;551;1739
43;1391;2252;526;1726
43;1304;2176;498;1678
43;1217;2022;441;1581
43;1130;1910;420;1490
43;1043;1810;380;1430
43;956;1705;362;1343
43;869;1715;349;1366
43;782;1607;349;1258
43;695;1464;307;1157
43;608;1375;300;1075
43;521;1263;284;979
43;434;1185;268;917
43;347;1206;281;925
43;260;1227;299;928
43;173;1255;298;957
43;86;1250;299;951
43;1566;88678;38835;49843
43;1479;91054;39959;51095
43;1392;93598;41152;52446
43;1305;95202;42004;53198
43;1218;96328;42597;53731
43;1131;97343;43029;54314
43;1044;98469;43640;54829
43;957;100027;44432;55595
43;870;103101;45927;57174
43;783;104793;46885;57908
43;696;106495;47790;58705
43;609;108314;48650;59664
43;522;109901;49518;60383
43;435;112543;50901;61642
43;348;114917;52078;62839
43;261;116925;53045;63880
43;174;118231;53687;64544
43;87;119808;54592;65216
44;1480;323;162;161
44;1393;340;189;151
44;1306;339;169;170
44;1219;364;183;181
44;1132;354;167;187
44;1045;349;172;177
44;958;302;173;129
44;871;309;155;154
44;784;372;202;170
44;697;349;189;160
44;610;382;174;208
44;523;390;197;193
44;436;432;240;192
44;349;408;206;202
44;262;431;225;206
44;175;443;240;203
44;88;455;237;218
44;1;410;224;186
44;1481;332;186;146
44;1394;331;164;167
44;1307;357;181;176
44;1220;345;168;177
44;1133;342;167;175
44;1046;303;174;129
44;959;293;149;144
44;872;362;194;168
44;785;344;186;158
44;698;386;176;210
44;611;398;202;196
44;524;431;242;189
44;437;408;207;201
44;350;439;230;209
44;263;430;234;196
44;176;460;237;223
44;89;396;218;178
44;2;477;236;241
44;1482;335;166;169
44;1395;340;175;165
44;1308;329;156;173
44;1221;322;159;163
44;1134;289;164;125
44;1047;272;136;136
44;960;338;184;154
44;873;299;161;138
44;786;368;163;205
44;699;407;205;202
44;612;424;236;188
44;525;412;213;199
44;438;434;229;205
44;351;428;231;197
44;264;459;238;221
44;177;398;220;178
44;90;475;238;237
44;3;472;239;233
44;1483;350;175;175
44;1396;336;164;172
44;1309;324;162;162
44;1222;289;166;123
44;1135;278;141;137
44;1048;333;182;151
44;961;296;158;138
44;874;342;153;189
44;787;402;199;203
44;700;423;234;189
44;613;403;209;194
44;526;431;228;203
44;439;425;230;195
44;352;456;234;222
44;265;404;227;177
44;178;472;235;237
44;91;473;241;232
44;4;480;243;237
44;1484;345;167;178
44;1397;335;168;167
44;1310;286;167;119
44;1223;286;144;142
44;1136;333;182;151
44;1049;299;160;139
44;962;332;150;182
44;875;370;181;189
44;788;404;222;182
44;701;409;217;192
44;614;426;224;202
44;527;425;229;196
44;440;445;226;219
44;353;403;227;176
44;266;478;239;239
44;179;476;241;235
44;92;483;246;237
44;5;527;264;263
44;1485;337;165;172
44;1398;300;176;124
44;1311;292;149;143
44;1224;327;179;148
44;1137;296;159;137
44;1050;336;147;189
44;963;361;179;182
44;876;371;207;164
44;789;398;207;191
44;702;423;221;202
44;615;430;231;199
44;528;439;223;216
44;441;395;221;174
44;354;476;238;238
44;267;480;242;238
44;180;488;250;238
44;93;536;268;268
44;6;482;251;231
44;1486;294;170;124
44;1399;285;151;134
44;1312;324;175;149
44;1225;288;153;135
44;1138;331;151;180
44;1051;354;177;177
44;964;375;212;163
44;877;364;186;178
44;790;409;215;194
44;703;435;233;202
44;616;431;223;208
44;529;401;225;176
44;442;474;235;239
44;355;476;239;237
44;268;489;247;242
44;181;538;270;268
44;94;480;253;227
44;7;544;286;258
44;1487;280;144;136
44;1400;331;178;153
44;1313;277;146;131
44;1226;323;148;175
44;1139;329;159;170
44;1052;358;205;153
44;965;355;181;174
44;878;369;181;188
44;791;416;226;190
44;704;418;217;201
44;617;401;224;177
44;530;464;226;238
44;443;472;235;237
44;356;492;248;244
44;269;537;274;263
44;182;484;253;231
44;95;540;292;248
44;8;629;309;320
44;1488;347;180;167
44;1401;292;154;138
44;1314;323;151;172
44;1227;340;169;171
44;1140;357;203;154
44;1053;354;180;174
44;966;371;181;190
44;879;429;231;198
44;792;414;216;198
44;705;404;226;178
44;618;457;221;236
44;531;482;241;241
44;444;489;243;246
44;357;535;271;264
44;270;486;255;231
44;183;542;294;248
44;96;625;311;314
44;9;741;370;371
44;1489;305;159;146
44;1402;321;153;168
44;1315;346;179;167
44;1228;353;202;151
44;1141;356;182;174
44;1054;360;177;183
44;967;436;237;199
44;880;405;216;189
44;793;392;219;173
44;706;460;223;237
44;619;476;238;238
44;532;487;239;248
44;445;537;269;268
44;358;490;256;234
44;271;546;298;248
44;184;629;309;320
44;97;738;372;366
44;10;737;384;353
44;1490;321;155;166
44;1403;343;181;162
44;1316;355;202;153
44;1229;358;180;178
44;1142;360;178;182
44;1055;424;225;199
44;968;391;205;186
44;881;422;227;195
44;794;443;219;224
44;707;470;235;235
44;620;480;233;247
44;533;544;274;270
44;446;486;252;234
44;359;548;299;249
44;272;633;310;323
44;185;740;375;365
44;98;740;387;353
44;11;743;364;379
44;1491;353;182;171
44;1404;362;208;154
44;1317;353;174;179
44;1230;354;170;184
44;1143;418;224;194
44;1056;378;199;179
44;969;416;222;194
44;882;465;239;226
44;795;472;241;231
44;708;483;235;248
44;621;542;273;269
44;534;488;254;234
44;447;546;297;249
44;360;630;310;320
44;273;733;370;363
44;186;742;389;353
44;99;733;359;374
44;12;728;372;356
44;1492;372;212;160
44;1405;363;178;185
44;1318;350;171;179
44;1231;417;225;192
44;1144;389;200;189
44;1057;417;226;191
44;970;463;239;224
44;883;497;261;236
44;796;489;242;247
44;709;547;277;270
44;622;482;252;230
44;535;546;295;251
44;448;630;310;320
44;361;732;368;364
44;274;742;386;356
44;187;726;358;368
44;100;726;371;355
44;13;699;359;340
44;1493;361;175;186
44;1406;358;173;185
44;1319;429;232;197
44;1232;393;200;193
44;1145;412;226;186
44;1058;473;244;229
44;971;483;249;234
44;884;500;248;252
44;797;539;274;265
44;710;489;261;228
44;623;551;296;255
44;536;632;317;315
44;449;720;358;362
44;362;749;392;357
44;275;721;354;367
44;188;732;373;359
44;101;694;355;339
44;14;752;381;371
44;1494;363;175;188
44;1407;427;233;194
44;1320;389;201;188
44;1233;413;228;185
44;1146;477;250;227
44;1059;477;246;231
44;972;486;242;244
44;885;544;276;268
44;798;485;255;230
44;711;552;298;254
44;624;625;313;312
44;537;718;357;361
44;450;741;383;358
44;363;720;354;366
44;276;712;357;355
44;189;697;352;345
44;102;754;379;375
44;15;730;387;343
44;1495;425;230;195
44;1408;388;201;187
44;1321;394;216;178
44;1234;462;242;220
44;1147;475;244;231
44;1060;483;238;245
44;973;542;274;268
44;886;521;264;257
44;799;555;299;256
44;712;627;316;311
44;625;718;360;358
44;538;739;385;354
44;451;713;352;361
44;364;704;353;351
44;277;700;353;347
44;190;747;374;373
44;103;724;385;339
44;16;714;366;348
44;1496;387;204;183
44;1409;402;221;181
44;1322;473;250;223
44;1235;478;245;233
44;1148;488;238;250
44;1061;542;274;268
44;974;516;262;254
44;887;565;310;255
44;800;622;317;305
44;713;710;354;356
44;626;746;387;359
44;539;708;353;355
44;452;686;342;344
44;365;692;346;346
44;278;734;370;364
44;191;719;383;336
44;104;704;359;345
44;17;697;365;332
44;1497;405;222;183
44;1410;478;253;225
44;1323;478;242;236
44;1236;488;236;252
44;1149;537;270;267
44;1062;509;260;249
44;975;561;308;253
44;888;639;327;312
44;801;709;357;352
44;714;751;393;358
44;627;699;351;348
44;540;679;338;341
44;453;669;329;340
44;366;725;368;357
44;279;717;386;331
44;192;695;354;341
44;105;684;359;325
44;18;658;336;322
44;1498;473;249;224
44;1411;483;241;242
44;1324;484;230;254
44;1237;534;271;263
44;1150;501;259;242
44;1063;563;312;251
44;976;634;325;309
44;889;686;348;338
44;802;751;392;359
44;715;701;353;348
44;628;669;334;335
44;541;662;328;334
44;454;702;354;348
44;367;702;378;324
44;280;691;352;339
44;193;680;356;324
44;106;657;334;323
44;19;522;274;248
44;1499;462;233;229
44;1412;479;227;252
44;1325;521;265;256
44;1238;501;257;244
44;1151;561;308;253
44;1064;618;317;301
44;977;664;339;325
44;890;612;335;277
44;803;692;346;346
44;716;669;332;337
44;629;656;327;329
44;542;692;354;338
44;455;682;365;317
44;368;688;351;337
44;281;681;359;322
44;194;650;334;316
44;107;511;268;243
44;20;426;258;168
44;1500;466;218;248
44;1413;512;263;249
44;1326;497;248;249
44;1239;554;303;251
44;1152;606;310;296
44;1065;642;334;308
44;978;604;336;268
44;891;567;291;276
44;804;660;326;334
44;717;653;329;324
44;630;678;348;330
44;543;674;364;310
44;456;661;332;329
44;369;667;356;311
44;282;655;336;319
44;195;512;272;240
44;108;425;252;173
44;21;407;220;187
44;1501;497;259;238
44;1414;498;251;247
44;1327;543;296;247
44;1240;601;308;293
44;1153;636;327;309
44;1066;600;329;271
44;979;553;284;269
44;892;516;271;245
44;805;658;334;324
44;718;673;345;328
44;631;650;354;296
44;544;638;318;320
44;457;639;342;297
44;370;650;336;314
44;283;517;272;245
44;196;424;251;173
44;109;410;215;195
44;22;441;232;209
44;1502;459;233;226
44;1415;537;289;248
44;1328;584;301;283
44;1241;630;328;302
44;1154;599;325;274
44;1067;547;289;258
44;980;494;255;239
44;893;504;273;231
44;806;664;346;318
44;719;638;351;287
44;632;633;315;318
44;545;630;335;295
44;458;620;324;296
44;371;508;266;242
44;284;413;245;168
44;197;415;215;200
44;110;436;227;209
44;23;470;261;209
44;1503;506;267;239
44;1416;569;299;270
44;1329;617;322;295
44;1242;577;319;258
44;1155;546;291;255
44;1068;481;263;218
44;981;477;261;216
44;894;531;283;248
44;807;621;342;279
44;720;628;319;309
44;633;620;333;287
44;546;607;319;288
44;459;489;255;234
44;372;413;244;169
44;285;419;214;205
44;198;439;226;213
44;111;476;266;210
44;24;497;280;217
44;1504;524;281;243
44;1417;590;313;277
44;1330;537;296;241
44;1243;536;285;251
44;1156;459;259;200
44;1069;450;249;201
44;982;501;272;229
44;895;472;261;211
44;808;604;305;299
44;721;605;326;279
44;634;589;313;276
44;547;480;248;232
44;460;398;233;165
44;373;410;212;198
44;286;431;228;203
44;199;479;264;215
44;112;485;276;209
44;25;507;273;234
44;1505;545;291;254
44;1418;511;285;226
44;1331;521;280;241
44;1244;447;254;193
44;1157;436;246;190
44;1070;486;271;215
44;983;433;238;195
44;896;455;247;208
44;809;587;316;271
44;722;580;308;272
44;635;463;240;223
44;548;376;231;145
44;461;389;201;188
44;374;419;220;199
44;287;482;258;224
44;200;488;280;208
44;113;508;271;237
44;26;468;232;236
44;1506;457;266;191
44;1419;496;268;228
44;1332;440;250;190
44;1245;420;241;179
44;1158;458;264;194
44;1071;409;230;179
44;984;415;237;178
44;897;406;227;179
44;810;552;295;257
44;723;457;239;218
44;636;373;229;144
44;549;370;195;175
44;462;395;209;186
44;375;471;255;216
44;288;478;275;203
44;201;502;268;234
44;114;460;227;233
44;27;485;260;225
44;1507;440;251;189
44;1420;423;239;184
44;1333;402;236;166
44;1246;430;252;178
44;1159;390;223;167
44;1072;385;220;165
44;985;370;212;158
44;898;401;201;200
44;811;428;231;197
44;724;377;230;147
44;637;355;189;166
44;550;383;202;181
44;463;449;243;206
44;376;461;271;190
44;289;498;268;230
44;202;458;227;231
44;115;473;255;218
44;28;491;279;212
44;1508;380;223;157
44;1421;366;220;146
44;1334;416;244;172
44;1247;384;216;168
44;1160;367;215;152
44;1073;349;210;139
44;986;363;186;177
44;899;370;195;175
44;812;351;213;138
44;725;347;182;165
44;638;380;207;173
44;551;438;234;204
44;464;460;272;188
44;377;499;271;228
44;290;449;219;230
44;203;476;256;220
44;116;469;265;204
44;29;493;256;237
44;1509;322;201;121
44;1422;400;235;165
44;1335;357;203;154
44;1248;345;208;137
44;1161;330;199;131
44;1074;339;171;168
44;987;343;184;159
44;900;370;195;175
44;813;338;178;160
44;726;372;201;171
44;639;419;222;197
44;552;455;266;189
44;465;490;267;223
44;378;454;218;236
44;291;472;249;223
44;204;459;257;202
44;117;475;242;233
44;30;500;248;252
44;1510;377;225;152
44;1423;323;192;131
44;1336;326;201;125
44;1249;314;194;120
44;1162;327;166;161
44;1075;334;184;150
44;988;349;181;168
44;901;354;182;172
44;814;363;198;165
44;727;406;217;189
44;640;459;266;193
44;553;480;261;219
44;466;451;214;237
44;379;468;249;219
44;292;448;248;200
44;205;475;238;237
44;118;501;252;249
44;31;555;289;266
44;1511;326;188;138
44;1424;313;196;117
44;1337;303;189;114
44;1250;307;156;151
44;1163;339;186;153
44;1076;342;182;160
44;989;343;178;165
44;902;369;180;189
44;815;394;215;179
44;728;468;280;188
44;641;471;253;218
44;554;452;213;239
44;467;473;252;221
44;380;448;252;196
44;293;469;231;238
44;206;503;254;249
44;119;543;284;259
44;32;601;282;319
44;1512;293;184;109
44;1425;289;182;107
44;1338;305;153;152
44;1251;329;175;154
44;1164;338;178;160
44;1077;337;179;158
44;990;367;176;191
44;903;392;216;176
44;816;459;277;182
44;729;476;256;220
44;642;434;206;228
44;555;480;255;225
44;468;438;245;193
44;381;461;230;231
44;294;493;251;242
44;207;538;285;253
44;120;589;278;311
44;33;582;292;290
44;1513;265;174;91
44;1426;292;150;142
44;1339;311;166;145
44;1252;343;183;160
44;1165;329;175;154
44;1078;364;177;187
44;991;383;207;176
44;904;459;249;210
44;817;461;250;211
44;730;443;207;236
44;643;471;250;221
44;556;441;240;201
44;469;452;226;226
44;382;495;250;245
44;295;536;286;250
44;208;586;278;308
44;121;566;281;285
44;34;589;275;314
44;1514;288;140;148
44;1427;306;168;138
44;1340;343;187;156
44;1253;316;174;142
44;1166;357;175;182
44;1079;379;208;171
44;992;447;244;203
44;905;459;246;213
44;818;434;209;225
44;731;467;244;223
44;644;424;230;194
44;557;448;225;223
44;470;486;240;246
44;383;534;278;256
44;296;585;277;308
44;209;565;279;286
44;122;581;271;310
44;35;623;316;307
44;1515;301;164;137
44;1428;329;182;147
44;1341;308;172;136
44;1254;352;169;183
44;1167;366;199;167
44;1080;425;231;194
44;993;449;239;210
44;906;488;233;255
44;819;457;237;220
44;732;430;232;198
44;645;445;223;222
44;558;489;238;251
44;471;519;269;250
44;384;585;282;303
44;297;565;277;288
44;210;577;262;315
44;123;615;313;302
44;36;626;328;298
44;1516;330;181;149
44;1429;318;176;142
44;1342;337;164;173
44;1255;367;200;167
44;1168;425;231;194
44;1081;436;230;206
44;994;474;231;243
44;907;519;261;258
44;820;432;235;197
44;733;449;229;220
44;646;492;236;256
44;559;517;271;246
44;472;574;274;300
44;385;561;273;288
44;298;571;260;311
44;211;618;312;306
44;124;626;324;302
44;37;657;334;323
44;1517;317;168;149
44;1430;336;163;173
44;1343;367;199;168
44;1256;413;229;184
44;1169;436;236;200
44;1082;462;225;237
44;995;499;253;246
44;908;502;281;221
44;821;429;221;208
44;734;489;234;255
44;647;523;279;244
44;560;564;268;296
44;473;553;265;288
44;386;567;260;307
44;299;611;309;302
44;212;616;319;297
44;125;649;325;324
44;38;640;317;323
44;1518;332;158;174
44;1431;368;203;165
44;1344;413;226;187
44;1257;446;237;209
44;1170;458;225;233
44;1083;494;248;246
44;996;489;278;211
44;909;515;261;254
44;822;486;235;251
44;735;524;277;247
44;648;552;264;288
44;561;563;274;289
44;474;561;252;309
44;387;627;319;308
44;300;614;314;300
44;213;644;325;319
44;126;631;314;317
44;39;692;366;326
44;1519;359;197;162
44;1432;419;231;188
44;1345;446;241;205
44;1258;456;222;234
44;1171;487;246;241
44;1084;481;268;213
44;997;498;257;241
44;910;535;270;265
44;823;514;269;245
44;736;555;265;290
44;649;573;278;295
44;562;553;250;303
44;475;622;314;308
44;388;615;309;306
44;301;642;322;320
44;214;633;317;316
44;127;676;360;316
44;40;682;353;329
44;1520;402;219;183
44;1433;449;241;208
44;1346;451;219;232
44;1259;487;240;247
44;1172;480;273;207
44;1085;495;250;245
44;998;527;265;262
44;911;575;308;267
44;824;546;263;283
44;737;578;280;298
44;650;551;249;302
44;563;613;307;306
44;476;608;297;311
44;389;642;324;318
44;302;635;316;319
44;215;671;358;313
44;128;670;342;328
44;41;651;350;301
44;1521;437;231;206
44;1434;453;219;234
44;1347;483;239;244
44;1260;482;278;204
44;1173;506;255;251
44;1086;514;257;257
44;999;572;303;269
44;912;613;297;316
44;825;572;280;292
44;738;553;254;299
44;651;606;297;309
44;564;594;286;308
44;477;637;317;320
44;390;635;315;320
44;303;674;362;312
44;216;680;348;332
44;129;658;352;306
44;42;659;333;326
44;1522;454;218;236
44;1435;490;239;251
44;1348;474;270;204
44;1261;500;253;247
44;1174;511;261;250
44;1087;572;302;270
44;1000;617;305;312
44;913;613;305;308
44;826;546;251;295
44;739;607;301;306
44;652;598;288;310
44;565;630;312;318
44;478;621;306;315
44;391;676;358;318
44;304;678;348;330
44;217;656;349;307
44;130;655;334;321
44;43;630;322;308
44;1523;478;234;244
44;1436;478;271;207
44;1349;496;251;245
44;1262;517;264;253
44;1175;571;300;271
44;1088;619;308;311
44;1001;611;304;307
44;914;597;284;313
44;827;604;296;308
44;740;602;292;310
44;653;616;306;310
44;566;616;303;313
44;479;674;357;317
44;392;677;347;330
44;305;661;348;313
44;218;650;334;316
44;131;627;321;306
44;44;571;275;296
44;1524;476;275;201
44;1437;501;260;241
44;1350;518;265;253
44;1263;574;298;276
44;1176;613;301;312
44;1089;605;306;299
44;1002;602;282;320
44;915;640;323;317
44;828;593;291;302
44;741;619;308;311
44;654;600;295;305
44;567;666;351;315
44;480;669;339;330
44;393;650;339;311
44;306;652;336;316
44;219;629;324;305
44;132;572;275;297
44;45;524;277;247
44;1525;500;256;244
44;1438;515;259;256
44;1351;567;295;272
44;1264;605;298;307
44;1177;605;307;298
44;1090;598;281;317
44;1003;630;320;310
44;916;630;331;299
44;829;611;310;301
44;742;597;297;300
44;655;672;351;321
44;568;662;334;328
44;481;655;342;313
44;394;662;339;323
44;307;633;323;310
44;220;575;280;295
44;133;524;280;244
44;46;523;259;264
44;1526;505;249;256
44;1439;563;296;267
44;1352;593;292;301
44;1265;604;310;294
44;1178;587;279;308
44;1091;630;322;308
44;1004;622;328;294
44;917;644;328;316
44;830;599;293;306
44;743;668;350;318
44;656;653;331;322
44;569;656;347;309
44;482;664;334;330
44;395;643;329;314
44;308;572;279;293
44;221;521;273;248
44;134;513;252;261
44;47;512;269;243
44;1527;576;302;274
44;1440;594;293;301
44;1353;599;309;290
44;1266;589;281;308
44;1179;635;325;310
44;1092;615;325;290
44;1005;633;319;314
44;918;628;312;316
44;831;668;352;316
44;744;640;324;316
44;657;646;342;304
44;570;657;327;330
44;483;638;322;316
44;396;578;282;296
44;309;533;277;256
44;222;513;249;264
44;135;511;269;242
44;48;491;255;236
44;1528;591;288;303
44;1441;592;308;284
44;1354;597;286;311
44;1267;637;328;309
44;1180;611;323;288
44;1093;634;316;318
44;1006;626;309;317
44;919;689;363;326
44;832;635;318;317
44;745;648;343;305
44;658;655;326;329
44;571;634;320;314
44;484;576;282;294
44;397;540;283;257
44;310;523;256;267
44;223;514;268;246
44;136;486;251;235
44;49;496;258;238
44;1529;582;297;285
44;1442;598;290;308
44;1355;642;332;310
44;1268;608;320;288
44;1181;627;311;316
44;1094;624;309;315
44;1007;688;360;328
44;920;626;322;304
44;833;643;339;304
44;746;655;321;334
44;659;631;312;319
44;572;572;280;292
44;485;535;274;261
44;398;528;261;267
44;311;510;264;246
44;224;482;249;233
44;137;498;266;232
44;50;497;268;229
44;1530;599;295;304
44;1443;646;340;306
44;1356;604;323;281
44;1269;628;309;319
44;1182;628;310;318
44;1095;671;348;323
44;1008;621;322;299
44;921;622;337;285
44;834;647;321;326
44;747;636;315;321
44;660;569;277;292
44;573;538;275;263
44;486;526;255;271
44;399;517;267;250
44;312;482;247;235
44;225;501;270;231
44;138;490;262;228
44;51;475;234;241
44;1531;639;335;304
44;1444;608;327;281
44;1357;627;307;320
44;1270;631;315;316
44;1183;669;347;322
44;1096;610;313;297
44;1009;619;332;287
44;922;669;343;326
44;835;632;315;317
44;748;562;273;289
44;661;537;272;265
44;574;523;255;268
44;487;523;271;252
44;400;484;250;234
44;313;512;274;238
44;226;489;260;229
44;139;467;226;241
44;52;455;211;244
44;1532;606;319;287
44;1445;629;307;322
44;1358;632;313;319
44;1271;664;343;321
44;1184;604;311;293
44;1097;618;331;287
44;1010;661;342;319
44;923;612;310;302
44;836;561;268;293
44;749;532;267;265
44;662;513;246;267
44;575;507;258;249
44;488;476;242;234
44;401;514;277;237
44;314;477;257;220
44;227;469;227;242
44;140;455;214;241
44;53;472;238;234
44;1533;628;303;325
44;1446;630;306;324
44;1359;666;345;321
44;1272;604;309;295
44;1185;609;324;285
44;1098;665;339;326
44;1011;604;305;299
44;924;560;273;287
44;837;528;261;267
44;750;521;251;270
44;663;509;260;249
44;576;471;233;238
44;489;510;270;240
44;402;476;254;222
44;315;468;228;240
44;228;458;219;239
44;141;470;238;232
44;54;438;235;203
44;1534;626;303;323
44;1447;670;348;322
44;1360;606;308;298
44;1273;601;318;283
44;1186;655;333;322
44;1099;587;295;292
44;1012;557;267;290
44;925;524;262;262
44;838;514;245;269
44;751;496;250;246
44;664;470;232;238
44;577;505;266;239
44;490;471;252;219
44;403;466;230;236
44;316;468;221;247
44;229;467;236;231
44;142;430;225;205
44;55;419;209;210
44;1535;666;347;319
44;1448;604;304;300
44;1361;605;319;286
44;1274;653;329;324
44;1187;586;290;296
44;1100;568;271;297
44;1013;522;261;261
44;926;497;246;251
44;839;488;246;242
44;752;469;231;238
44;665;500;264;236
44;578;468;251;217
44;491;469;231;238
44;404;469;216;253
44;317;468;236;232
44;230;422;216;206
44;143;416;211;205
44;56;501;242;259
44;1536;608;304;304
44;1449;608;318;290
44;1362;644;324;320
44;1275;589;291;298
44;1188;559;267;292
44;1101;525;262;263
44;1014;486;241;245
44;927;497;251;246
44;840;460;225;235
44;753;503;264;239
44;666;463;247;216
44;579;468;228;240
44;492;474;219;255
44;405;466;232;234
44;318;423;218;205
44;231;422;213;209
44;144;489;239;250
44;57;438;197;241
44;1537;601;315;286
44;1450;643;324;319
44;1363;588;289;299
44;1276;556;268;288
44;1189;521;259;262
44;1102;482;238;244
44;1015;494;250;244
44;928;471;229;242
44;841;500;261;239
44;754;457;242;215
44;667;454;220;234
44;580;472;215;257
44;493;457;223;234
44;406;417;210;207
44;319;418;207;211
44;232;486;234;252
44;145;422;189;233
44;58;557;273;284
44;1538;637;329;308
44;1451;590;288;302
44;1364;547;260;287
44;1277;508;245;263
44;1190;478;237;241
44;1103;482;245;237
44;1016;464;226;238
44;929;490;246;244
44;842;449;238;211
44;755;451;215;236
44;668;460;207;253
44;581;452;219;233
44;494;412;207;205
44;407;415;204;211
44;320;494;237;257
44;233;414;184;230
44;146;545;266;279
44;59;530;247;283
44;1539;581;283;298
44;1452;550;261;289
44;1365;508;246;262
44;1278;470;229;241
44;1191;479;240;239
44;1104;461;223;238
44;1017;484;242;242
44;930;460;252;208
44;843;444;208;236
44;756;447;201;246
44;669;439;209;230
44;582;406;203;203
44;495;405;199;206
44;408;488;239;249
44;321;421;184;237
44;234;541;266;275
44;147;520;240;280
44;60;538;259;279
44;1540;540;253;287
44;1453;515;247;268
44;1366;466;224;242
44;1279;478;237;241
44;1192;462;224;238
44;1105;472;231;241
44;1018;447;242;205
44;931;434;207;227
44;844;451;201;250
44;757;426;198;228
44;670;394;194;200
44;583;392;190;202
44;496;483;234;249
44;409;413;181;232
44;322;536;260;276
44;235;522;240;282
44;148;531;252;279
44;61;520;240;280
44;1541;519;251;268
44;1454;458;219;239
44;1367;476;233;243
44;1280;450;220;230
44;1193;466;227;239
44;1106;445;239;206
44;1019;432;203;229
44;932;454;205;249
44;845;421;194;227
44;758;385;187;198
44;671;388;187;201
44;584;483;236;247
44;497;411;176;235
44;410;529;257;272
44;323;518;237;281
44;236;525;248;277
44;149;518;238;280
44;62;470;212;258
44;1542;450;215;235
44;1455;470;229;241
44;1368;447;216;231
44;1281;462;225;237
44;1194;433;230;203
44;1107;430;200;230
44;1020;456;203;253
44;933;403;186;217
44;846;380;183;197
44;759;390;186;204
44;672;472;231;241
44;585;409;173;236
44;498;523;250;273
44;411;510;234;276
44;324;522;242;280
44;237;514;236;278
44;150;472;209;263
44;63;481;215;266
44;1543;461;223;238
44;1456;443;211;232
44;1369;459;220;239
44;1282;420;223;197
44;1195;430;198;232
44;1108;448;203;245
44;1021;402;186;216
44;934;374;179;195
44;847;374;175;199
44;760;463;225;238
44;673;403;169;234
44;586;511;237;274
44;499;503;227;276
44;412;515;234;281
44;325;514;238;276
44;238;462;202;260
44;151;478;213;265
44;64;486;210;276
44;1544;435;208;227
44;1457;441;206;235
44;1370;411;217;194
44;1283;432;197;235
44;1196;449;206;243
44;1109;398;181;217
44;1022;364;169;195
44;935;367;166;201
44;848;450;215;235
44;761;392;163;229
44;674;495;227;268
44;587;496;221;275
44;500;504;228;276
44;413;498;224;274
44;326;458;194;264
44;239;475;208;267
44;152;479;205;274
44;65;480;188;292
44;1545;432;198;234
44;1458;398;212;186
44;1371;421;194;227
44;1284;442;203;239
44;1197;386;171;215
44;1110;360;167;193
44;1023;365;163;202
44;936;441;200;241
44;849;386;161;225
44;762;486;219;267
44;675;489;216;273
44;588;496;222;274
44;501;487;218;269
44;414;449;188;261
44;327;477;213;264
44;240;473;205;268
44;153;485;191;294
44;66;447;189;258
44;1546;381;206;175
44;1459;415;190;225
44;1372;432;195;237
44;1285;376;162;214
44;1198;357;164;193
44;1111;357;156;201
44;1024;432;197;235
44;937;364;157;207
44;850;477;212;265
44;763;477;208;269
44;676;491;216;275
44;589;466;208;258
44;502;440;180;260
44;415;470;209;261
44;328;464;201;263
44;241;478;190;288
44;154;437;182;255
44;67;492;216;276
44;1547;401;178;223
44;1460;431;191;240
44;1373;369;157;212
44;1286;347;159;188
44;1199;345;151;194
44;1112;424;193;231
44;1025;355;149;206
44;938;449;204;245
44;851;466;203;263
44;764;474;205;269
44;677;449;197;252
44;590;429;173;256
44;503;465;204;261
44;416;456;199;257
44;329;463;180;283
44;242;429;177;252
44;155;482;209;273
44;68;463;175;288
44;1548;420;177;243
44;1461;363;155;208
44;1374;340;153;187
44;1287;334;145;189
44;1200;410;185;225
44;1113;349;143;206
44;1026;433;192;241
44;939;437;181;256
44;852;466;197;269
44;765;428;183;245
44;678;420;168;252
44;591;455;199;256
44;504;446;193;253
44;417;445;170;275
44;330;417;162;255
44;243;475;200;275
44;156;455;171;284
44;69;427;154;273
44;1549;358;151;207
44;1462;328;143;185
44;1375;325;142;183
44;1288;395;177;218
44;1201;337;138;199
44;1114;418;185;233
44;1027;424;176;248
44;940;429;179;250
44;853;412;172;240
44;766;405;156;249
44;679;436;193;243
44;592;441;191;250
44;505;433;161;272
44;418;404;153;251
44;331;459;188;271
44;244;446;166;280
44;157;419;145;274
44;70;421;158;263
44;1550;320;136;184
44;1463;314;133;181
44;1376;383;168;215
44;1289;329;138;191
44;1202;404;175;229
44;1115;402;161;241
44;1028;419;175;244
44;941;391;167;224
44;854;391;147;244
44;767;422;181;241
44;680;426;180;246
44;593;419;156;263
44;506;390;142;248
44;419;443;180;263
44;332;432;157;275
44;245;409;140;269
44;158;416;159;257
44;71;429;159;270
44;1551;299;121;178
44;1464;375;162;213
44;1377;322;133;189
44;1290;391;167;224
44;1203;394;153;241
44;1116;406;169;237
44;1029;383;159;224
44;942;368;141;227
44;855;406;172;234
44;768;411;176;235
44;681;405;144;261
44;594;380;141;239
44;507;416;163;253
44;420;418;152;266
44;333;398;136;262
44;246;397;143;254
44;159;412;152;260
44;72;375;141;234
44;1552;358;146;212
44;1465;310;123;187
44;1378;375;156;219
44;1291;384;148;236
44;1204;393;160;233
44;1117;369;156;213
44;1030;361;135;226
44;943;363;145;218
44;856;395;165;230
44;769;387;132;255
44;682;372;136;236
44;595;396;150;246
44;508;402;145;257
44;421;379;128;251
44;334;387;141;246
44;247;411;149;262
44;160;365;136;229
44;73;387;131;256
44;1553;307;124;183
44;1466;369;151;218
44;1379;371;138;233
44;1292;381;154;227
44;1205;358;149;209
44;1118;350;129;221
44;1031;357;141;216
44;944;352;136;216
44;857;376;126;250
44;770;352;125;227
44;683;387;147;240
44;596;387;136;251
44;509;362;118;244
44;422;376;136;240
44;335;400;139;261
44;248;353;124;229
44;161;375;123;252
44;74;392;134;258
44;1554;357;147;210
44;1467;356;127;229
44;1380;362;143;219
44;1293;350;140;210
44;1206;336;122;214
44;1119;347;136;211
44;1032;335;124;211
44;945;345;116;229
44;858;335;115;220
44;771;373;141;232
44;684;379;132;247
44;597;346;105;241
44;510;360;127;233
44;423;382;131;251
44;336;341;120;221
44;249;358;108;250
44;162;378;128;250
44;75;328;110;218
44;1555;347;122;225
44;1468;346;131;215
44;1381;334;131;203
44;1294;323;115;208
44;1207;332;126;206
44;1120;324;118;206
44;1033;330;108;222
44;946;306;107;199
44;859;360;132;228
44;772;364;121;243
44;685;328;94;234
44;598;345;118;227
44;511;364;118;246
44;424;330;116;214
44;337;339;100;239
44;250;363;125;238
44;163;312;102;210
44;76;276;75;201
44;1556;332;121;211
44;1469;312;123;189
44;1382;296;102;194
44;1295;327;121;206
44;1208;311;112;199
44;1121;323;104;219
44;1034;294;103;191
44;947;327;118;209
44;860;352;116;236
44;773;320;87;233
44;686;322;107;215
44;599;344;109;235
44;512;313;108;205
44;425;322;92;230
44;338;350;115;235
44;251;300;97;203
44;164;258;67;191
44;77;295;75;220
44;1557;296;117;179
44;1470;290;96;194
44;1383;313;114;199
44;1296;304;109;195
44;1209;308;96;212
44;1122;284;101;183
44;1035;309;110;199
44;948;318;108;210
44;861;306;79;227
44;774;314;105;209
44;687;328;100;228
44;600;292;98;194
44;513;313;88;225
44;426;331;103;228
44;339;285;91;194
44;252;256;66;190
44;165;289;73;216
44;78;283;77;206
44;1558;277;93;184
44;1471;297;106;191
44;1384;291;100;191
44;1297;298;91;207
44;1210;273;94;179
44;1123;291;101;190
44;1036;301;101;200
44;949;281;66;215
44;862;296;97;199
44;775;312;94;218
44;688;282;96;186
44;601;299;84;215
44;514;317;97;220
44;427;269;86;183
44;340;237;57;180
44;253;277;71;206
44;166;266;73;193
44;79;304;86;218
44;1559;280;99;181
44;1472;269;94;175
44;1385;285;86;199
44;1298;252;85;167
44;1211;272;94;178
44;1124;287;93;194
44;1037;262;58;204
44;950;275;81;194
44;863;287;90;197
44;776;264;91;173
44;689;289;84;205
44;602;308;93;215
44;515;249;77;172
44;428;221;54;167
44;341;259;63;196
44;254;252;67;185
44;167;287;75;212
44;80;239;75;164
44;1560;250;84;166
44;1473;264;78;186
44;1386;239;80;159
44;1299;261;90;171
44;1212;270;84;186
44;1125;251;55;196
44;1038;267;77;190
44;951;259;75;184
44;864;252;88;164
44;777;272;77;195
44;690;283;81;202
44;603;224;62;162
44;516;210;49;161
44;429;256;66;190
44;342;228;55;173
44;255;274;64;210
44;168;232;75;157
44;81;213;55;158
44;1561;245;70;175
44;1474;226;74;152
44;1387;243;83;160
44;1300;254;75;179
44;1213;237;54;183
44;1126;249;69;180
44;1039;239;66;173
44;952;215;70;145
44;865;247;64;183
44;778;263;80;183
44;691;207;56;151
44;604;187;46;141
44;517;237;59;178
44;430;217;53;164
44;343;244;56;188
44;256;210;64;146
44;169;192;50;142
44;82;171;42;129
44;1562;207;63;144
44;1475;231;77;154
44;1388;232;64;168
44;1301;216;47;169
44;1214;227;61;166
44;1127;223;57;166
44;1040;193;58;135
44;953;216;62;154
44;866;242;71;171
44;779;197;52;145
44;692;173;39;134
44;605;215;50;165
44;518;204;50;154
44;431;215;50;165
44;344;195;59;136
44;257;176;41;135
44;170;159;35;124
44;83;84;23;61
44;1563;212;72;140
44;1476;204;53;151
44;1389;204;42;162
44;1302;215;59;156
44;1215;205;51;154
44;1128;178;52;126
44;1041;190;48;142
44;954;205;60;145
44;867;177;47;130
44;780;165;36;129
44;693;192;44;148
44;606;175;45;130
44;519;195;48;147
44;432;173;50;123
44;345;151;36;115
44;258;141;29;112
44;171;74;21;53
44;84;110;26;84
44;1564;192;49;143
44;1477;187;38;149
44;1390;196;53;143
44;1303;193;46;147
44;1216;159;43;116
44;1129;173;40;133
44;1042;193;56;137
44;955;156;39;117
44;868;157;31;126
44;781;167;35;132
44;694;158;44;114
44;607;176;42;134
44;520;155;43;112
44;433;129;31;98
44;346;125;22;103
44;259;64;19;45
44;172;92;21;71
44;85;108;29;79
44;1565;912;207;705
44;1478;905;210;695
44;1391;870;196;674
44;1304;850;196;654
44;1217;828;183;645
44;1130;790;178;612
44;1043;743;159;584
44;956;723;158;565
44;869;707;168;539
44;782;680;172;508
44;695;652;157;495
44;608;584;133;451
44;521;543;119;424
44;434;536;118;418
44;347;535;125;410
44;260;592;149;443
44;173;625;161;464
44;86;654;162;492
44;1566;35734;17513;18221
44;1479;36417;17871;18546
44;1392;36705;17924;18781
44;1305;37173;18133;19040
44;1218;37488;18252;19236
44;1131;37867;18407;19460
44;1044;38392;18619;19773
44;957;39164;18958;20206
44;870;40377;19431;20946
44;783;40980;19680;21300
44;696;41162;19713;21449
44;609;41573;19913;21660
44;522;41930;20067;21863
44;435;42435;20401;22034
44;348;42588;20420;22168
44;261;42657;20467;22190
44;174;42628;20448;22180
44;87;42886;20529;22357
45;1480;196;99;97
45;1393;258;134;124
45;1306;285;154;131
45;1219;253;131;122
45;1132;249;124;125
45;1045;264;131;133
45;958;252;127;125
45;871;220;104;116
45;784;291;146;145
45;697;233;131;102
45;610;267;138;129
45;523;272;142;130
45;436;266;135;131
45;349;275;141;134
45;262;343;177;166
45;175;321;179;142
45;88;380;180;200
45;1;387;192;195
45;1481;247;131;116
45;1394;270;147;123
45;1307;257;136;121
45;1220;246;121;125
45;1133;261;127;134
45;1046;247;124;123
45;959;217;98;119
45;872;251;122;129
45;785;229;127;102
45;698;265;138;127
45;611;267;138;129
45;524;262;133;129
45;437;271;139;132
45;350;333;173;160
45;263;319;179;140
45;176;374;176;198
45;89;376;186;190
45;2;414;221;193
45;1482;254;136;118
45;1395;246;129;117
45;1308;232;116;116
45;1221;252;124;128
45;1134;233;117;116
45;1047;203;92;111
45;960;235;114;121
45;873;220;120;100
45;786;257;133;124
45;699;264;137;127
45;612;261;133;128
45;525;267;135;132
45;438;322;167;155
45;351;316;177;139
45;264;367;174;193
45;177;371;185;186
45;90;407;218;189
45;3;400;224;176
45;1483;247;129;118
45;1396;229;114;115
45;1309;245;120;125
45;1222;228;115;113
45;1135;205;93;112
45;1048;223;108;115
45;961;213;114;99
45;874;235;113;122
45;787;261;135;126
45;700;256;134;122
45;613;264;135;129
45;526;317;166;151
45;439;309;173;136
45;352;364;174;190
45;265;365;181;184
45;178;407;219;188
45;91;395;221;174
45;4;398;191;207
45;1484;229;114;115
45;1397;235;115;120
45;1310;228;116;112
45;1223;197;88;109
45;1136;211;104;107
45;1049;207;113;94
45;962;226;108;118
45;875;226;116;110
45;788;254;132;122
45;701;265;135;130
45;614;316;165;151
45;527;302;168;134
45;440;359;172;187
45;353;358;175;183
45;266;399;215;184
45;179;389;218;171
45;92;391;187;204
45;5;432;211;221
45;1485;235;116;119
45;1398;235;114;121
45;1311;193;87;106
45;1224;213;104;109
45;1137;196;107;89
45;1050;226;105;121
45;963;214;109;105
45;876;240;119;121
45;789;261;132;129
45;702;315;167;148
45;615;292;165;127
45;528;354;171;183
45;441;351;171;180
45;354;394;213;181
45;267;380;212;168
45;180;394;187;207
45;93;431;212;219
45;6;444;223;221
45;1486;227;112;115
45;1399;195;91;104
45;1312;215;102;113
45;1225;192;107;85
45;1138;213;99;114
45;1051;207;103;104
45;964;235;115;120
45;877;242;118;124
45;790;311;163;148
45;703;293;165;128
45;616;352;170;182
45;529;346;169;177
45;442;387;210;177
45;355;375;210;165
45;268;382;182;200
45;181;429;211;218
45;94;439;220;219
45;7;503;258;245
45;1487;192;89;103
45;1400;211;101;110
45;1313;190;105;85
45;1226;212;97;115
45;1139;199;98;101
45;1052;234;113;121
45;965;237;117;120
45;878;310;167;143
45;791;276;154;122
45;704;343;166;177
45;617;338;166;172
45;530;386;209;177
45;443;373;208;165
45;356;381;184;197
45;269;421;205;216
45;182;437;221;216
45;95;501;257;244
45;8;546;282;264
45;1488;208;104;104
45;1401;186;104;82
45;1314;213;97;116
45;1227;195;96;99
45;1140;230;111;119
45;1053;228;114;114
45;966;308;165;143
45;879;266;151;115
45;792;338;163;175
45;705;337;167;170
45;618;386;210;176
45;531;366;204;162
45;444;376;180;196
45;357;416;201;215
45;270;433;219;214
45;183;497;258;239
45;96;540;279;261
45;9;623;306;317
45;1489;183;101;82
45;1402;210;94;116
45;1315;192;96;96
45;1228;230;111;119
45;1141;227;114;113
45;1054;301;163;138
45;967;259;149;110
45;880;334;163;171
45;793;333;166;167
45;706;377;206;171
45;619;367;203;164
45;532;371;178;193
45;445;409;197;212
45;358;428;215;213
45;271;491;257;234
45;184;532;275;257
45;97;623;304;319
45;10;616;309;307
45;1490;205;91;114
45;1403;195;96;99
45;1316;228;108;120
45;1229;220;111;109
45;1142;296;158;138
45;1055;259;149;110
45;968;326;159;167
45;881;330;166;164
45;794;370;201;169
45;707;363;202;161
45;620;367;176;191
45;533;407;195;212
45;446;424;214;210
45;359;484;254;230
45;272;525;272;253
45;185;616;302;314
45;98;612;305;307
45;11;577;308;269
45;1491;195;97;98
45;1404;221;107;114
45;1317;215;109;106
45;1230;293;154;139
45;1143;258;146;112
45;1056;323;157;166
45;969;326;160;166
45;882;361;199;162
45;795;357;198;159
45;708;368;179;189
45;621;401;191;210
45;534;420;210;210
45;447;479;250;229
45;360;518;267;251
45;273;605;296;309
45;186;610;306;304
45;99;566;301;265
45;12;578;299;279
45;1492;217;106;111
45;1405;214;107;107
45;1318;294;154;140
45;1231;261;149;112
45;1144;315;154;161
45;1057;323;160;163
45;970;355;195;160
45;883;345;188;157
45;796;362;177;185
45;709;400;191;209
45;622;415;208;207
45;535;476;249;227
45;448;513;264;249
45;361;598;294;304
45;274;597;298;299
45;187;561;298;263
45;100;574;300;274
45;13;580;283;297
45;1493;210;106;104
45;1406;290;152;138
45;1319;259;148;111
45;1232;312;152;160
45;1145;316;155;161
45;1058;352;192;160
45;971;341;185;156
45;884;368;180;188
45;797;400;191;209
45;710;412;205;207
45;623;472;247;225
45;536;510;262;248
45;449;581;286;295
45;362;592;296;296
45;275;544;291;253
45;188;565;296;269
45;101;574;278;296
45;14;618;311;307
45;1494;286;151;135
45;1407;255;141;114
45;1320;304;150;154
45;1233;313;155;158
45;1146;345;189;156
45;1059;340;184;156
45;972;363;178;185
45;885;400;191;209
45;798;407;202;205
45;711;471;249;222
45;624;509;262;247
45;537;575;283;292
45;450;582;291;291
45;363;536;285;251
45;276;556;293;263
45;189;568;275;293
45;102;607;304;303
45;15;592;303;289
45;1495;252;137;115
45;1408;304;150;154
45;1321;312;155;157
45;1234;345;188;157
45;1147;339;187;152
45;1060;359;175;184
45;973;394;189;205
45;886;400;202;198
45;799;469;245;224
45;712;505;261;244
45;625;569;279;290
45;538;574;288;286
45;451;516;273;243
45;364;543;286;257
45;277;554;269;285
45;190;597;299;298
45;103;578;293;285
45;16;505;265;240
45;1496;306;151;155
45;1409;307;152;155
45;1322;341;186;155
45;1235;337;186;151
45;1148;350;170;180
45;1061;395;191;204
45;974;398;201;197
45;887;457;235;222
45;800;498;258;240
45;713;568;280;288
45;626;565;283;282
45;539;505;265;240
45;452;524;275;249
45;365;548;267;281
45;278;580;291;289
45;191;571;290;281
45;104;498;263;235
45;17;567;284;283
45;1497;305;151;154
45;1410;335;180;155
45;1323;336;184;152
45;1236;341;164;177
45;1149;393;188;205
45;1062;395;202;193
45;975;456;234;222
45;888;502;259;243
45;801;567;278;289
45;714;565;282;283
45;627;499;263;236
45;540;517;272;245
45;453;528;257;271
45;366;566;283;283
45;279;557;284;273
45;192;488;256;232
45;105;562;281;281
45;18;517;256;261
45;1498;327;176;151
45;1411;332;184;148
45;1324;339;163;176
45;1237;387;187;200
45;1150;383;198;185
45;1063;453;232;221
45;976;499;259;240
45;889;554;275;279
45;802;558;279;279
45;715;498;263;235
45;628;510;269;241
45;541;514;249;265
45;454;547;271;276
45;367;542;276;266
45;280;474;249;225
45;193;552;276;276
45;106;507;253;254
45;19;475;258;217
45;1499;305;171;134
45;1412;327;161;166
45;1325;377;182;195
45;1238;373;195;178
45;1151;438;226;212
45;1064;490;255;235
45;977;537;266;271
45;890;483;253;230
45;803;494;259;235
45;716;506;267;239
45;629;506;246;260
45;542;536;267;269
45;455;514;260;254
45;368;462;238;224
45;281;538;269;269
45;194;494;247;247
45;107;457;249;208
45;20;382;218;164
45;1500;304;146;158
45;1413;364;179;185
45;1326;363;192;171
45;1239;431;223;208
45;1152;477;251;226
45;1065;530;266;264
45;978;467;246;221
45;891;387;215;172
45;804;499;263;236
45;717;501;244;257
45;630;528;263;265
45;543;494;248;246
45;456;437;225;212
45;369;520;262;258
45;282;483;239;244
45;195;450;242;208
45;108;367;208;159
45;21;377;206;171
45;1501;340;172;168
45;1414;352;187;165
45;1327;417;215;202
45;1240;476;248;228
45;1153;510;256;254
45;1066;451;240;211
45;979;374;205;169
45;892;390;228;162
45;805;484;238;246
45;718;517;261;256
45;631;480;241;239
45;544;422;215;207
45;457;489;247;242
45;370;469;230;239
45;283;434;231;203
45;196;368;210;158
45;109;364;200;164
45;22;366;197;169
45;1502;329;172;157
45;1415;398;207;191
45;1328;450;237;213
45;1241;510;258;252
45;1154;441;238;203
45;1067;349;194;155
45;980;378;222;156
45;893;363;188;175
45;806;504;254;250
45;719;469;236;233
45;632;407;209;198
45;545;465;236;229
45;458;436;216;220
45;371;422;230;192
45;284;365;207;158
45;197;369;204;165
45;110;362;192;170
45;23;375;190;185
45;1503;351;184;167
45;1416;410;213;197
45;1329;487;246;241
45;1242;420;226;194
45;1155;326;191;135
45;1068;367;217;150
45;981;332;179;153
45;894;355;191;164
45;807;455;228;227
45;720;398;203;195
45;633;445;227;218
45;546;416;204;212
45;459;393;213;180
45;372;343;198;145
45;285;357;197;160
45;198;354;184;170
45;111;364;183;181
45;24;425;214;211
45;1504;373;196;177
45;1417;456;234;222
45;1330;393;213;180
45;1243;310;185;125
45;1156;344;210;134
45;1069;321;178;143
45;982;324;177;147
45;895;328;182;146
45;808;374;191;183
45;721;422;221;201
45;634;397;194;203
45;547;373;204;169
45;460;319;188;131
45;373;343;187;156
45;286;350;179;171
45;199;358;180;178
45;112;414;208;206
45;25;374;181;193
45;1505;424;223;201
45;1418;349;200;149
45;1331;278;170;108
45;1244;333;209;124
45;1157;299;168;131
45;1070;310;170;140
45;983;301;169;132
45;896;285;156;129
45;809;404;211;193
45;722;375;191;184
45;635;363;199;164
45;548;304;179;125
45;461;318;175;143
45;374;331;168;163
45;287;355;178;177
45;200;409;201;208
45;113;364;178;186
45;26;423;228;195
45;1506;302;174;128
45;1419;250;151;99
45;1332;308;198;110
45;1245;285;163;122
45;1158;291;167;124
45;1071;276;161;115
45;984;255;151;104
45;897;287;154;133
45;810;348;180;168
45;723;346;188;158
45;636;289;171;118
45;549;306;170;136
45;462;302;159;143
45;375;343;170;173
45;288;404;202;202
45;201;361;179;182
45;114;414;224;190
45;27;423;220;203
45;1507;219;134;85
45;1420;276;181;95
45;1333;274;159;115
45;1246;256;148;108
45;1159;254;156;98
45;1072;241;147;94
45;985;251;131;120
45;898;241;122;119
45;811;321;174;147
45;724;276;162;114
45;637;292;163;129
45;550;287;148;139
45;463;321;157;164
45;376;377;179;198
45;289;349;170;179
45;202;404;219;185
45;115;414;212;202
45;28;440;222;218
45;1508;241;160;81
45;1421;255;148;107
45;1334;239;138;101
45;1247;242;149;93
45;1160;238;149;89
45;1073;231;124;107
45;986;215;105;110
45;899;271;142;129
45;812;252;147;105
45;725;287;161;126
45;638;272;144;128
45;551;306;150;156
45;464;355;168;187
45;377;328;163;165
45;290;392;209;183
45;203;408;211;197
45;116;437;220;217
45;29;470;246;224
45;1509;220;131;89
45;1422;201;119;82
45;1335;223;143;80
45;1248;233;149;84
45;1161;206;110;96
45;1074;207;99;108
45;987;252;133;119
45;900;242;128;114
45;813;277;155;122
45;726;259;133;126
45;639;295;147;148
45;552;345;165;180
45;465;312;155;157
45;378;372;207;165
45;291;385;198;187
45;204;426;214;212
45;117;453;238;215
45;30;460;251;209
45;1510;176;103;73
45;1423;191;128;63
45;1336;217;136;81
45;1249;197;106;91
45;1162;191;90;101
45;1075;241;130;111
45;988;222;117;105
45;901;247;138;109
45;814;248;127;121
45;727;281;142;139
45;640;326;154;172
45;553;301;147;154
45;466;354;191;163
45;379;363;186;177
45;292;405;203;202
45;205;445;235;210
45;118;442;241;201
45;31;495;254;241
45;1511;164;113;51
45;1424;186;120;66
45;1337;191;104;87
45;1250;182;88;94
45;1163;225;121;104
45;1076;212;113;99
45;989;237;136;101
45;902;241;119;122
45;815;267;138;129
45;728;322;151;171
45;641;292;141;151
45;554;349;186;163
45;467;353;181;172
45;380;395;198;197
45;293;431;228;203
45;206;432;236;196
45;119;485;249;236
45;32;487;245;242
45;1512;176;116;60
45;1425;171;92;79
45;1338;177;85;92
45;1251;219;118;101
45;1164;207;107;100
45;1077;227;128;99
45;990;223;113;110
45;903;280;138;142
45;816;309;143;166
45;729;289;141;148
45;642;344;183;161
45;555;345;179;166
45;468;378;187;191
45;381;415;215;200
45;294;419;230;189
45;207;479;248;231
45;120;477;238;239
45;33;509;280;229
45;1513;168;89;79
45;1426;164;75;89
45;1339;201;108;93
45;1252;204;106;98
45;1165;226;128;98
45;1078;228;114;114
45;991;269;129;140
45;904;330;160;170
45;817;287;145;142
45;730;339;181;158
45;643;330;173;157
45;556;371;184;187
45;469;395;203;192
45;382;410;228;182
45;295;468;247;221
45;208;473;237;236
45;121;500;273;227
45;34;461;212;249
45;1514;147;70;77
45;1427;179;94;85
45;1340;201;104;97
45;1253;218;120;98
45;1166;213;107;106
45;1079;263;126;137
45;992;314;151;163
45;905;302;145;157
45;818;331;178;153
45;731;324;171;153
45;644;365;179;186
45;557;388;197;191
45;470;397;218;179
45;383;456;237;219
45;296;463;234;229
45;209;487;264;223
45;122;458;212;246
45;35;512;262;250
45;1515;166;89;77
45;1428;191;96;95
45;1341;196;105;91
45;1254;211;110;101
45;1167;258;121;137
45;1080;310;151;159
45;993;295;140;155
45;906;342;178;164
45;819;310;162;148
45;732;360;178;182
45;645;379;191;188
45;558;384;213;171
45;471;441;229;212
45;384;450;230;220
45;297;480;260;220
45;210;448;206;242
45;123;502;256;246
45;36;473;242;231
45;1516;187;94;93
45;1429;179;96;83
45;1342;212;109;103
45;1255;248;113;135
45;1168;303;147;156
45;1081;291;139;152
45;994;335;177;158
45;907;359;184;175
45;820;347;172;175
45;733;380;191;189
45;646;383;212;171
45;559;436;226;210
45;472;440;221;219
45;385;463;253;210
45;298;441;203;238
45;211;496;254;242
45;124;470;238;232
45;37;480;249;231
45;1517;172;91;81
45;1430;201;103;98
45;1343;239;108;131
45;1256;296;143;153
45;1169;284;135;149
45;1082;325;172;153
45;995;345;173;172
45;908;373;180;193
45;821;370;188;182
45;734;378;205;173
45;647;429;219;210
45;560;426;215;211
45;473;449;240;209
45;386;436;199;237
45;299;482;250;232
45;212;464;236;228
45;125;472;244;228
45;38;475;264;211
45;1518;181;88;93
45;1431;224;100;124
45;1344;289;140;149
45;1257;280;135;145
45;1170;314;166;148
45;1083;344;171;173
45;996;363;171;192
45;909;391;194;197
45;822;366;198;168
45;735;419;212;207
45;648;422;212;210
45;561;447;240;207
45;474;419;191;228
45;387;481;244;237
45;300;452;230;222
45;213;473;245;228
45;126;467;256;211
45;39;519;277;242
45;1519;219;97;122
45;1432;279;135;144
45;1345;277;136;141
45;1258;311;163;148
45;1171;329;165;164
45;1084;355;165;190
45;997;381;187;194
45;910;394;211;183
45;823;417;211;206
45;736;411;206;205
45;649;438;236;202
45;562;416;189;227
45;475;466;237;229
45;388;444;224;220
45;301;460;241;219
45;214;461;251;210
45;127;507;270;237
45;40;491;270;221
45;1520;275;135;140
45;1433;272;132;140
45;1346;309;161;148
45;1259;325;163;162
45;1172;347;164;183
45;1085;378;183;195
45;998;384;205;179
45;911;431;214;217
45;824;406;204;202
45;737;437;235;202
45;650;412;185;227
45;563;458;230;228
45;476;435;220;215
45;389;456;240;216
45;302;455;249;206
45;215;504;267;237
45;128;481;265;216
45;41;457;247;210
45;1521;274;133;141
45;1434;304;157;147
45;1347;326;165;161
45;1260;341;159;182
45;1173;375;180;195
45;1086;382;203;179
45;999;425;214;211
45;912;423;211;212
45;825;433;233;200
45;738;406;181;225
45;651;452;227;225
45;564;425;212;213
45;477;442;232;210
45;390;450;247;203
45;303;491;258;233
45;216;476;262;214
45;129;450;243;207
45;42;507;265;242
45;1522;298;153;145
45;1435;322;163;159
45;1348;333;155;178
45;1261;370;178;192
45;1174;375;198;177
45;1087;425;213;212
45;1000;420;206;214
45;913;460;243;217
45;826;399;175;224
45;739;444;222;222
45;652;417;209;208
45;565;434;227;207
45;478;434;236;198
45;391;478;254;224
45;304;468;256;212
45;217;446;241;205
45;130;495;259;236
45;43;462;238;224
45;1523;319;160;159
45;1436;326;151;175
45;1349;356;171;185
45;1262;370;195;175
45;1175;431;216;215
45;1088;418;206;212
45;1001;454;243;211
45;914;422;192;230
45;827;438;216;222
45;740;415;208;207
45;653;428;223;205
45;566;423;229;194
45;479;465;247;218
45;392;463;253;210
45;305;439;237;202
45;218;492;257;235
45;131;452;233;219
45;44;427;212;215
45;1524;324;151;173
45;1437;345;168;177
45;1350;369;197;172
45;1263;429;214;215
45;1176;414;203;211
45;1089;451;238;213
45;1002;420;191;229
45;915;455;227;228
45;828;408;205;203
45;741;415;214;201
45;654;417;225;192
45;567;453;239;214
45;480;451;245;206
45;393;432;231;201
45;306;483;251;232
45;219;445;229;216
45;132;422;209;213
45;45;394;196;198
45;1525;340;166;174
45;1438;354;190;164
45;1351;426;214;212
45;1264;411;201;210
45;1177;441;231;210
45;1090;414;186;228
45;1003;449;226;223
45;916;429;213;216
45;829;410;207;203
45;742;409;217;192
45;655;448;233;215
45;568;442;241;201
45;481;427;228;199
45;394;476;245;231
45;307;444;227;217
45;220;420;210;210
45;133;388;192;196
45;46;380;183;197
45;1526;347;186;161
45;1439;423;211;212
45;1352;406;200;206
45;1265;443;228;215
45;1178;413;188;225
45;1091;448;222;226
45;1004;432;217;215
45;917;432;229;203
45;830;399;212;187
45;743;446;231;215
45;656;436;238;198
45;569;422;224;198
45;482;463;235;228
45;395;431;219;212
45;308;415;207;208
45;221;378;186;192
45;134;369;176;193
45;47;385;197;188
45;1527;415;203;212
45;1440;401;200;201
45;1353;438;225;213
45;1266;407;183;224
45;1179;449;222;227
45;1092;421;210;211
45;1005;421;221;200
45;918;420;228;192
45;831;437;225;212
45;744;428;235;193
45;657;416;220;196
45;570;453;228;225
45;483;426;216;210
45;396;412;203;209
45;309;371;183;188
45;222;363;172;191
45;135;385;199;186
45;48;387;209;178
45;1528;396;200;196
45;1441;433;220;213
45;1354;399;177;222
45;1267;445;220;225
45;1180;417;203;214
45;1093;420;221;199
45;1006;416;224;192
45;919;473;244;229
45;832;424;237;187
45;745;410;214;196
45;658;448;224;224
45;571;422;214;208
45;484;406;198;208
45;397;365;179;186
45;310;359;171;188
45;223;380;194;186
45;136;381;205;176
45;49;400;220;180
45;1529;423;212;211
45;1442;386;170;216
45;1355;441;218;223
45;1268;416;200;216
45;1181;417;218;199
45;1094;414;221;193
45;1007;468;239;229
45;920;442;245;197
45;833;408;212;196
45;746;442;219;223
45;659;412;209;203
45;572;401;195;206
45;485;362;177;185
45;398;353;167;186
45;311;371;188;183
45;224;376;202;174
45;137;389;216;173
45;50;409;192;217
45;1530;382;165;217
45;1443;430;214;216
45;1356;416;201;215
45;1269;405;211;194
45;1182;410;217;193
45;1095;466;238;228
45;1008;440;242;198
45;921;405;210;195
45;834;429;211;218
45;747;408;206;202
45;660;393;191;202
45;573;350;167;183
45;486;346;163;183
45;399;368;184;184
45;312;370;199;171
45;225;391;217;174
45;138;403;188;215
45;51;383;203;180
45;1531;426;209;217
45;1444;407;194;213
45;1357;400;206;194
45;1270;402;210;192
45;1183;464;239;225
45;1096;433;239;194
45;1009;400;208;192
45;922;450;225;225
45;835;409;208;201
45;748;388;187;201
45;661;340;162;178
45;574;340;160;180
45;487;363;180;183
45;400;363;193;170
45;313;383;211;172
45;226;398;186;212
45;139;374;199;175
45;52;397;161;236
45;1532;403;191;212
45;1445;397;206;191
45;1358;400;209;191
45;1271;458;236;222
45;1184;427;236;191
45;1097;397;206;191
45;1010;444;222;222
45;923;418;211;207
45;836;386;186;200
45;749;334;158;176
45;662;334;157;177
45;575;353;176;177
45;488;353;185;168
45;401;376;205;171
45;314;391;182;209
45;227;366;191;175
45;140;392;159;233
45;53;369;181;188
45;1533;393;204;189
45;1446;390;203;187
45;1359;449;230;219
45;1272;417;230;187
45;1185;393;204;189
45;1098;442;221;221
45;1011;412;206;206
45;924;388;187;201
45;837;326;154;172
45;750;325;153;172
45;663;343;168;175
45;576;340;178;162
45;489;370;201;169
45;402;382;175;207
45;315;362;189;173
45;228;390;156;234
45;141;366;180;186
45;54;311;136;175
45;1534;389;203;186
45;1447;449;230;219
45;1360;407;223;184
45;1273;393;202;191
45;1186;442;221;221
45;1099;405;203;202
45;1012;382;184;198
45;925;344;162;182
45;838;321;150;171
45;751;335;164;171
45;664;334;171;163
45;577;355;191;164
45;490;375;172;203
45;403;352;185;167
45;316;380;153;227
45;229;355;174;181
45;142;300;132;168
45;55;338;160;178
45;1535;446;228;218
45;1448;399;218;181
45;1361;386;195;191
45;1274;441;219;222
45;1187;399;199;200
45;1100;379;182;197
45;1013;342;161;181
45;926;333;156;177
45;839;331;161;170
45;752;326;165;161
45;665;348;187;161
45;578;371;168;203
45;491;338;176;162
45;404;369;144;225
45;317;348;170;178
45;230;298;131;167
45;143;330;158;172
45;56;359;170;189
45;1536;393;210;183
45;1449;378;192;186
45;1362;429;212;217
45;1275;396;198;198
45;1188;374;180;194
45;1101;335;156;179
45;1014;329;154;175
45;927;345;165;180
45;840;319;162;157
45;753;347;186;161
45;666;364;163;201
45;579;327;167;160
45;492;361;138;223
45;405;343;166;177
45;318;293;128;165
45;231;322;153;169
45;144;350;164;186
45;57;339;161;178
45;1537;371;184;187
45;1450;428;211;217
45;1363;390;194;196
45;1276;370;177;193
45;1189;328;153;175
45;1102;326;152;174
45;1015;339;159;180
45;928;328;163;165
45;841;340;179;161
45;754;364;162;202
45;667;320;164;156
45;580;354;132;222
45;493;338;161;177
45;406;288;125;163
45;319;317;149;168
45;232;342;161;181
45;145;333;157;176
45;58;414;198;216
45;1538;420;207;213
45;1451;381;187;194
45;1364;358;167;191
45;1277;318;148;170
45;1190;321;149;172
45;1103;333;151;182
45;1016;326;163;163
45;929;348;183;165
45;842;358;158;200
45;755;309;159;150
45;668;347;127;220
45;581;329;157;172
45;494;285;124;161
45;407;312;145;167
45;320;333;155;178
45;233;330;155;175
45;146;402;191;211
45;59;427;185;242
45;1539;375;180;195
45;1452;357;165;192
45;1365;312;145;167
45;1278;320;147;173
45;1191;328;149;179
45;1104;324;161;163
45;1017;343;179;164
45;930;362;152;210
45;843;306;156;150
45;756;333;120;213
45;669;322;153;169
45;582;279;118;161
45;495;303;139;164
45;408;322;148;174
45;321;325;151;174
45;234;391;184;207
45;147;411;176;235
45;60;446;194;252
45;1540;353;160;193
45;1453;305;141;164
45;1366;312;142;170
45;1279;325;149;176
45;1192;312;153;159
45;1105;338;176;162
45;1018;354;145;209
45;931;324;165;159
45;844;326;118;208
45;757;315;148;167
45;670;271;114;157
45;583;296;136;160
45;496;308;141;167
45;409;316;146;170
45;322;386;177;209
45;235;402;171;231
45;148;442;193;249
45;61;433;197;236
45;1541;297;136;161
45;1454;307;140;167
45;1367;318;144;174
45;1280;309;152;157
45;1193;331;170;161
45;1106;343;136;207
45;1019;323;164;159
45;932;334;119;215
45;845;303;140;163
45;758;262;109;153
45;671;282;128;154
45;584;300;137;163
45;497;307;138;169
45;410;376;171;205
45;323;394;164;230
45;236;432;186;246
45;149;426;194;232
45;62;409;166;243
45;1542;302;136;166
45;1455;310;141;169
45;1368;298;145;153
45;1281;323;165;158
45;1194;337;132;205
45;1107;317;158;159
45;1020;330;116;214
45;933;315;144;171
45;846;258;107;151
45;759;278;127;151
45;672;293;133;160
45;585;298;132;166
45;498;368;164;204
45;411;390;162;228
45;324;426;184;242
45;237;418;192;226
45;150;405;165;240
45;63;419;164;255
45;1543;303;140;163
45;1456;291;141;150
45;1369;308;155;153
45;1282;331;126;205
45;1195;311;156;155
45;1108;323;111;212
45;1021;307;139;168
45;934;269;106;163
45;847;269;118;151
45;760;280;124;156
45;673;292;132;160
45;586;361;161;200
45;499;381;158;223
45;412;415;176;239
45;325;414;186;228
45;238;403;163;240
45;151;416;163;253
45;64;388;136;252
45;1544;286;136;150
45;1457;294;147;147
45;1370;323;121;202
45;1283;299;149;150
45;1196;319;110;209
45;1109;307;139;168
45;1022;257;98;159
45;935;268;113;155
45;848;266;115;151
45;761;286;129;157
45;674;351;155;196
45;587;366;148;218
45;500;402;167;235
45;413;398;173;225
45;326;392;153;239
45;239;402;156;246
45;152;381;131;250
45;65;453;213;240
45;1545;287;142;145
45;1458;316;119;197
45;1371;285;141;144
45;1284;314;105;209
45;1197;303;136;167
45;1110;249;92;157
45;1023;261;108;153
45;936;272;111;161
45;849;281;126;155
45;762;344;150;194
45;675;354;141;213
45;588;389;157;232
45;501;380;162;218
45;414;384;146;238
45;327;392;152;240
45;240;376;126;250
45;153;450;212;238
45;66;387;162;225
45;1546;308;116;192
45;1459;278;136;142
45;1372;307;101;206
45;1285;295;134;161
45;1198;244;89;155
45;1111;256;104;152
45;1024;265;107;158
45;937;279;126;153
45;850;334;143;191
45;763;344;134;210
45;676;371;145;226
45;589;365;154;211
45;502;371;138;233
45;415;387;147;240
45;328;366;120;246
45;241;447;211;236
45;154;375;157;218
45;67;384;163;221
45;1547;272;132;140
45;1460;298;95;203
45;1373;287;130;157
45;1286;236;87;149
45;1199;243;95;148
45;1112;259;101;158
45;1025;272;119;153
45;938;339;140;199
45;851;333;126;207
45;764;355;138;217
45;677;346;145;201
45;590;359;130;229
45;503;368;138;230
45;416;356;116;240
45;329;435;200;235
45;242;375;158;217
45;155;376;157;219
45;68;367;141;226
45;1548;292;93;199
45;1461;278;123;155
45;1374;230;84;146
45;1287;236;90;146
45;1200;255;99;156
45;1113;265;114;151
45;1026;328;133;195
45;939;342;127;215
45;852;339;129;210
45;765;335;137;198
45;678;348;127;221
45;591;352;130;222
45;504;342;110;232
45;417;421;190;231
45;330;360;146;214
45;243;370;154;216
45;156;357;137;220
45;69;380;140;240
45;1549;271;119;152
45;1462;226;83;143
45;1375;233;89;144
45;1288;247;94;153
45;1201;258;108;150
45;1114;319;128;191
45;1027;329;120;209
45;940;345;131;214
45;853;322;133;189
45;766;341;123;218
45;679;332;123;209
45;592;336;107;229
45;505;397;176;221
45;418;342;135;207
45;331;359;142;217
45;244;346;129;217
45;157;367;132;235
45;70;347;128;219
45;1550;226;81;145
45;1463;225;86;139
45;1376;236;87;149
45;1289;246;103;143
45;1202;312;119;193
45;1115;322;115;207
45;1028;329;122;207
45;941;311;124;187
45;854;333;117;216
45;767;322;117;205
45;680;323;99;224
45;593;387;169;218
45;506;333;129;204
45;419;346;136;210
45;332;335;125;210
45;245;363;129;234
45;158;344;126;218
45;71;361;139;222
45;1551;215;79;136
45;1464;226;81;145
45;1377;239;98;141
45;1290;298;111;187
45;1203;311;110;201
45;1116;319;116;203
45;1029;298;120;178
45;942;315;106;209
45;855;311;113;198
45;768;304;89;215
45;681;375;162;213
45;594;326;126;200
45;507;341;133;208
45;420;321;117;204
45;333;351;122;229
45;246;320;112;208
45;159;354;136;218
45;72;324;120;204
45;1552;218;77;141
45;1465;234;94;140
45;1378;290;107;183
45;1291;301;104;197
45;1204;305;113;192
45;1117;282;108;174
45;1030;301;98;203
45;943;299;99;200
45;856;291;82;209
45;769;361;152;209
45;682;314;120;194
45;595;320;118;202
45;508;311;112;199
45;421;339;118;221
45;334;309;106;203
45;247;344;129;215
45;160;315;117;198
45;73;335;121;214
45;1553;220;87;133
45;1466;277;100;177
45;1379;293;100;193
45;1292;298;107;191
45;1205;273;104;169
45;1118;287;91;196
45;1031;290;95;195
45;944;281;77;204
45;857;346;141;205
45;770;296;110;186
45;683;298;106;192
45;596;300;105;195
45;509;322;106;216
45;422;299;100;199
45;335;328;116;212
45;248;306;110;196
45;161;327;122;205
45;74;305;96;209
45;1554;267;95;172
45;1467;278;91;187
45;1380;282;102;180
45;1293;265;97;168
45;1206;276;89;187
45;1119;273;85;188
45;1032;268;68;200
45;945;338;135;203
45;858;290;108;182
45;771;280;99;181
45;684;284;97;187
45;597;305;97;208
45;510;287;93;194
45;423;307;106;201
45;336;294;104;190
45;249;316;118;198
45;162;299;93;206
45;75;280;71;209
45;1555;268;85;183
45;1468;274;99;175
45;1381;250;89;161
45;1294;265;81;184
45;1207;261;79;182
45;1120;254;62;192
45;1033;318;126;192
45;946;269;97;172
45;859;269;91;178
45;772;272;90;182
45;685;297;93;204
45;598;278;90;188
45;511;290;94;196
45;424;278;95;183
45;337;296;109;187
45;250;284;81;203
45;163;278;68;210
45;76;260;85;175
45;1556;267;98;169
45;1469;237;80;157
45;1382;251;75;176
45;1295;254;75;179
45;1208;242;58;184
45;1121;302;118;184
45;1034;261;96;165
45;947;255;84;171
45;860;257;82;175
45;773;283;86;197
45;686;255;79;176
45;599;270;84;186
45;512;264;89;175
45;425;282;104;178
45;338;268;74;194
45;251;264;64;200
45;164;253;80;173
45;77;250;76;174
45;1557;227;73;154
45;1470;245;75;170
45;1383;242;70;172
45;1296;233;57;176
45;1209;287;110;177
45;1122;251;90;161
45;1035;232;75;157
45;948;235;74;161
45;861;266;78;188
45;774;249;76;173
45;687;258;79;179
45;600;249;85;164
45;513;265;95;170
45;426;250;66;184
45;339;246;56;190
45;252;246;75;171
45;165;237;71;166
45;78;279;85;194
45;1558;227;71;156
45;1471;230;64;166
45;1384;219;52;167
45;1297;276;105;171
45;1210;232;80;152
45;1123;224;70;154
45;1036;222;67;155
45;949;243;70;173
45;862;235;68;167
45;775;245;75;170
45;688;238;79;159
45;601;242;87;155
45;514;231;59;172
45;427;232;50;182
45;340;231;69;162
45;253;215;62;153
45;166;263;81;182
45;79;205;58;147
45;1559;222;61;161
45;1472;202;49;153
45;1385;257;97;160
45;1298;217;71;146
45;1211;215;66;149
45;1124;201;57;144
45;1037;226;65;161
45;950;220;59;161
45;863;230;66;164
45;776;218;71;147
45;689;227;77;150
45;602;224;57;167
45;515;220;49;171
45;428;214;58;156
45;341;200;54;146
45;254;244;71;173
45;167;192;54;138
45;80;184;50;134
45;1560;194;45;149
45;1473;231;82;149
45;1386;202;60;142
45;1299;203;58;145
45;1212;187;50;137
45;1125;211;61;150
45;1038;202;54;148
45;951;210;57;153
45;864;204;67;137
45;777;212;71;141
45;690;207;51;156
45;603;205;42;163
45;516;205;53;152
45;429;188;50;138
45;342;231;65;166
45;255;174;47;127
45;168;174;48;126
45;81;163;54;109
45;1561;210;68;142
45;1474;183;52;131
45;1387;191;53;138
45;1300;180;47;133
45;1213;196;58;138
45;1126;193;53;140
45;1039;190;48;142
45;952;178;49;129
45;865;193;64;129
45;778;186;45;141
45;691;190;38;152
45;604;189;46;143
45;517;173;45;128
45;430;199;53;146
45;343;157;37;120
45;256;160;40;120
45;169;152;50;102
45;82;118;29;89
45;1562;159;43;116
45;1475;183;46;137
45;1388;164;45;119
45;1301;181;55;126
45;1214;182;48;134
45;1127;169;43;126
45;1040;164;44;120
45;953;169;55;114
45;866;164;35;129
45;779;172;36;136
45;692;173;40;133
45;605;152;37;115
45;518;182;42;140
45;431;142;30;112
45;344;149;33;116
45;257;139;45;94
45;170;105;26;79
45;83;92;19;73
45;1563;172;42;130
45;1476;149;38;111
45;1389;164;51;113
45;1302;166;43;123
45;1215;161;40;121
45;1128;148;37;111
45;1041;150;46;104
45;954;155;34;121
45;867;154;27;127
45;780;151;30;121
45;693;134;31;103
45;606;163;37;126
45;519;123;26;97
45;432;133;29;104
45;345;126;39;87
45;258;92;21;71
45;171;79;15;64
45;84;90;25;65
45;1564;138;37;101
45;1477;150;48;102
45;1390;146;35;111
45;1303;146;34;112
45;1216;134;30;104
45;1129;124;36;88
45;1042;133;29;104
45;955;130;26;104
45;868;136;25;111
45;781;120;26;94
45;694;143;32;111
45;607;110;22;88
45;520;117;24;93
45;433;120;36;84
45;346;87;20;67
45;259;73;12;61
45;172;80;23;57
45;85;91;28;63
45;1565;672;151;521
45;1478;656;136;520
45;1391;637;125;512
45;1304;630;125;505
45;1217;608;123;485
45;1130;590;105;485
45;1043;572;108;464
45;956;556;110;446
45;869;540;103;437
45;782;515;99;416
45;695;512;102;410
45;608;499;100;399
45;521;462;108;354
45;434;454;109;345
45;347;494;116;378
45;260;499;137;362
45;173;498;139;359
45;86;496;124;372
45;1566;23967;11293;12674
45;1479;24796;11700;13096
45;1392;25601;12077;13524
45;1305;26213;12338;13875
45;1218;26653;12543;14110
45;1131;27245;12786;14459
45;1044;27752;13028;14724
45;957;28511;13392;15119
45;870;29400;13815;15585
45;783;30004;14130;15874
45;696;30598;14369;16229
45;609;31230;14657;16573
45;522;31898;15016;16882
45;435;32870;15544;17326
45;348;33629;15932;17697
45;261;34211;16257;17954
45;174;34569;16422;18147
45;87;34980;16610;18370
46;1480;353;167;186
46;1393;386;182;204
46;1306;400;207;193
46;1219;336;166;170
46;1132;369;182;187
46;1045;384;203;181
46;958;367;180;187
46;871;361;180;181
46;784;386;203;183
46;697;413;218;195
46;610;409;200;209
46;523;392;186;206
46;436;367;190;177
46;349;423;225;198
46;262;412;229;183
46;175;388;202;186
46;88;407;215;192
46;1;449;250;199
46;1481;380;180;200
46;1394;389;206;183
46;1307;331;168;163
46;1220;372;188;184
46;1133;381;202;179
46;1046;361;176;185
46;959;361;180;181
46;872;347;187;160
46;785;408;217;191
46;698;397;192;205
46;611;387;185;202
46;524;362;186;176
46;437;418;223;195
46;350;415;232;183
46;263;389;206;183
46;176;410;215;195
46;89;442;246;196
46;2;537;280;257
46;1482;375;196;179
46;1395;322;158;164
46;1308;380;188;192
46;1221;374;200;174
46;1134;351;171;180
46;1047;358;177;181
46;960;341;187;154
46;873;385;202;183
46;786;387;185;202
46;699;380;185;195
46;612;356;184;172
46;525;411;219;192
46;438;406;227;179
46;351;389;206;183
46;264;412;217;195
46;177;445;243;202
46;90;532;281;251
46;3;562;278;284
46;1483;314;161;153
46;1396;371;182;189
46;1309;369;196;173
46;1222;348;170;178
46;1135;353;172;181
46;1048;331;178;153
46;961;383;204;179
46;874;374;186;188
46;787;373;184;189
46;700;358;186;172
46;613;408;219;189
46;526;406;224;182
46;439;378;202;176
46;352;410;217;193
46;265;442;244;198
46;178;539;283;256
46;91;559;280;279
46;4;581;299;282
46;1484;363;179;184
46;1397;368;193;175
46;1310;343;168;175
46;1223;350;169;181
46;1136;324;178;146
46;1049;380;203;177
46;962;364;181;183
46;875;359;180;179
46;788;352;183;169
46;701;405;218;187
46;614;401;220;181
46;527;375;197;178
46;440;400;210;190
46;353;442;243;199
46;266;541;285;256
46;179;558;280;278
46;92;570;295;275
46;5;572;301;271
46;1485;365;198;167
46;1398;343;168;175
46;1311;341;163;178
46;1224;316;176;140
46;1137;367;195;172
46;1050;360;180;180
46;963;350;174;176
46;876;341;182;159
46;789;399;218;181
46;702;399;219;180
46;615;375;197;178
46;528;396;206;190
46;441;433;236;197
46;354;535;283;252
46;267;562;283;279
46;180;576;299;277
46;93;573;303;270
46;6;597;298;299
46;1486;331;160;171
46;1399;329;155;174
46;1312;309;174;135
46;1225;365;198;167
46;1138;362;180;182
46;1051;343;171;172
46;964;335;178;157
46;877;388;213;175
46;790;401;221;180
46;703;368;196;172
46;616;397;206;191
46;529;428;233;195
46;442;521;276;245
46;355;559;282;277
46;268;576;302;274
46;181;573;301;272
46;94;593;297;296
46;7;667;334;333
46;1487;316;150;166
46;1400;300;170;130
46;1313;360;195;165
46;1226;357;180;177
46;1139;338;165;173
46;1052;336;179;157
46;965;381;209;172
46;878;415;222;193
46;791;369;199;170
46;704;396;207;189
46;617;423;232;191
46;530;514;269;245
46;443;546;273;273
46;356;574;300;274
46;269;577;304;273
46;182;597;298;299
46;95;663;333;330
46;8;776;405;371
46;1488;296;167;129
46;1401;355;193;162
46;1314;355;180;175
46;1227;332;164;168
46;1140;327;175;152
46;1053;383;210;173
46;966;408;217;191
46;879;368;193;175
46;792;397;206;191
46;705;424;235;189
46;618;515;270;245
46;531;541;270;271
46;444;565;295;270
46;357;572;302;270
46;270;601;301;300
46;183;664;333;331
46;96;771;405;366
46;9;847;417;430
46;1489;350;190;160
46;1402;350;176;174
46;1315;329;163;166
46;1228;327;177;150
46;1141;373;204;169
46;1054;413;218;195
46;967;368;193;175
46;880;407;221;186
46;793;422;236;186
46;706;512;270;242
46;619;537;267;270
46;532;560;291;269
46;445;567;302;265
46;358;598;298;300
46;271;668;337;331
46;184;769;405;364
46;97;840;412;428
46;10;797;414;383
46;1490;340;173;167
46;1403;317;159;158
46;1316;320;172;148
46;1229;368;202;166
46;1142;410;214;196
46;1055;369;193;176
46;968;397;217;180
46;881;420;233;187
46;794;507;266;241
46;707;538;267;271
46;620;558;294;264
46;533;562;294;268
46;446;587;295;292
46;359;666;337;329
46;272;767;402;365
46;185;836;409;427
46;98;796;411;385
46;11;837;424;413
46;1491;312;152;160
46;1404;311;170;141
46;1317;364;201;163
46;1230;408;212;196
46;1143;365;190;175
46;1056;393;215;178
46;969;419;234;185
46;882;514;269;245
46;795;538;266;272
46;708;555;293;262
46;621;561;293;268
46;534;586;293;293
46;447;659;332;327
46;360;760;398;362
46;273;836;406;430
46;186;796;410;386
46;99;824;418;406
46;12;896;454;442
46;1492;302;164;138
46;1405;361;200;161
46;1318;401;209;192
46;1231;360;188;172
46;1144;392;214;178
46;1057;413;228;185
46;970;508;268;240
46;883;525;263;262
46;796;555;290;265
46;709;559;293;266
46;622;586;292;294
46;535;651;326;325
46;448;753;392;361
46;361;832;401;431
46;274;794;410;384
46;187;818;414;404
46;100;883;449;434
46;13;770;393;377
46;1493;359;200;159
46;1406;399;206;193
46;1319;357;185;172
46;1232;388;213;175
46;1145;417;231;186
46;1058;502;268;234
46;971;512;254;258
46;884;554;289;265
46;797;560;294;266
46;710;582;291;291
46;623;651;323;328
46;536;739;379;360
46;449;810;389;421
46;362;788;407;381
46;275;811;414;397
46;188;876;446;430
46;101;766;392;374
46;14;815;426;389
46;1494;391;202;189
46;1407;352;180;172
46;1320;382;210;172
46;1233;415;230;185
46;1146;498;264;234
46;1059;508;252;256
46;972;550;285;265
46;885;553;290;263
46;798;579;291;288
46;711;651;324;327
46;624;733;375;358
46;537;802;386;416
46;450;769;399;370
46;363;805;408;397
46;276;865;439;426
46;189;759;389;370
46;102;810;421;389
46;15;793;423;370
46;1495;344;176;168
46;1408;378;211;167
46;1321;408;224;184
46;1234;490;260;230
46;1147;505;250;255
46;1060;549;284;265
46;973;550;290;260
46;886;574;289;285
46;799;653;326;327
46;712;729;373;356
46;625;794;380;414
46;538;766;397;369
46;451;776;392;384
46;364;854;435;419
46;277;757;389;368
46;190;806;420;386
46;103;783;415;368
46;16;790;418;372
46;1496;373;206;167
46;1409;403;220;183
46;1322;482;258;224
46;1235;498;247;251
46;1148;545;280;265
46;1061;545;287;258
46;974;571;287;284
46;887;652;318;334
46;800;726;375;351
46;713;787;377;410
46;626;764;397;367
46;539;763;384;379
46;452;822;420;402
46;365;746;382;364
46;278;797;417;380
46;191;775;412;363
46;104;782;414;368
46;17;726;368;358
46;1497;400;216;184
46;1410;477;256;221
46;1323;498;246;252
46;1236;540;276;264
46;1149;547;288;259
46;1062;568;285;283
46;975;650;317;333
46;888;720;375;345
46;801;788;378;410
46;714;757;394;363
46;627;751;382;369
46;540;808;412;396
46;453;721;368;353
46;366;781;406;375
46;279;765;409;356
46;192;768;404;364
46;105;715;362;353
46;18;693;362;331
46;1498;462;248;214
46;1411;490;241;249
46;1324;541;272;269
46;1237;540;288;252
46;1150;562;280;282
46;1063;645;311;334
46;976;717;372;345
46;889;778;376;402
46;802;753;388;365
46;715;746;379;367
46;628;797;409;388
46;541;710;360;350
46;454;745;386;359
46;367;747;399;348
46;280;749;394;355
46;193;714;364;350
46;106;664;351;313
46;19;572;310;262
46;1499;455;224;231
46;1412;530;267;263
46;1325;528;280;248
46;1238;548;272;276
46;1151;633;306;327
46;1064;702;364;338
46;977;756;366;390
46;890;641;354;287
46;803;738;376;362
46;716;786;401;385
46;629;691;349;342
46;542;724;373;351
46;455;694;367;327
46;368;726;384;342
46;281;696;357;339
46;194;653;346;307
46;107;536;291;245
46;20;436;233;203
46;1500;512;254;258
46;1413;516;277;239
46;1326;534;266;268
46;1239;618;298;320
46;1152;694;361;333
46;1065;741;362;379
46;978;616;343;273
46;891;569;310;259
46;804;776;395;381
46;717;685;345;340
46;630;710;367;343
46;543;671;353;318
46;456;679;356;323
46;369;678;347;331
46;282;641;339;302
46;195;527;288;239
46;108;438;233;205
46;21;442;245;197
46;1501;479;259;220
46;1414;525;261;264
46;1327;595;289;306
46;1240;677;353;324
46;1153;730;353;377
46;1066;595;335;260
46;979;545;300;245
46;892;584;313;271
46;805;674;342;332
46;718;700;363;337
46;631;661;349;312
46;544;658;343;315
46;457;641;328;313
46;370;627;332;295
46;283;512;278;234
46;196;430;230;200
46;109;442;247;195
46;22;462;238;224
46;1502;497;243;254
46;1415;574;276;298
46;1328;648;344;304
46;1241;720;347;373
46;1154;574;326;248
46;1067;528;294;234
46;980;557;302;255
46;893;506;260;246
46;806;678;353;325
46;719;645;343;302
46;632;641;330;311
46;545;621;317;304
46;458;587;314;273
46;371;508;276;232
46;284;425;227;198
46;197;443;246;197
46;110;452;229;223
46;23;497;250;247
46;1503;512;252;260
46;1416;614;329;285
46;1329;686;331;355
46;1242;555;327;228
46;1155;505;286;219
46;1068;523;290;233
46;981;465;239;226
46;894;515;280;235
46;807;623;331;292
46;720;635;325;310
46;633;604;310;294
46;546;565;299;266
46;459;475;259;216
46;372;409;219;190
46;285;447;250;197
46;198;457;230;227
46;111;487;246;241
46;24;540;279;261
46;1504;560;303;257
46;1417;657;318;339
46;1330;536;319;217
46;1243;481;274;207
46;1156;496;282;214
46;1069;425;219;206
46;982;489;267;222
46;895;471;254;217
46;808;616;318;298
46;721;584;305;279
46;634;554;291;263
46;547;450;248;202
46;460;379;204;175
46;373;439;248;191
46;286;449;227;222
46;199;488;243;245
46;112;533;275;258
46;25;515;260;255
46;1505;588;291;297
46;1418;500;309;191
46;1331;452;256;196
46;1244;477;274;203
46;1157;402;209;193
46;1070;460;252;208
46;983;430;232;198
46;896;451;233;218
46;809;560;294;266
46;722;541;285;256
46;635;437;240;197
46;548;364;196;168
46;461;403;224;179
46;374;431;215;216
46;287;470;237;233
46;200;540;277;263
46;113;509;257;252
46;26;534;258;276
46;1506;451;282;169
46;1419;398;231;167
46;1332;437;256;181
46;1245;385;201;184
46;1158;431;241;190
46;1071;398;218;180
46;984;425;226;199
46;897;396;216;180
46;810;507;268;239
46;723;432;235;197
46;636;349;193;156
46;549;387;212;175
46;462;403;194;209
46;375;456;232;224
46;288;520;267;253
46;201;513;261;252
46;114;530;260;270
46;27;574;277;297
46;1507;356;211;145
46;1420;397;238;159
46;1333;367;189;178
46;1246;419;236;183
46;1159;371;201;170
46;1072;408;222;186
46;985;363;200;163
46;898;364;185;179
46;811;410;225;185
46;724;327;182;145
46;637;375;204;171
46;550;395;191;204
46;463;431;223;208
46;376;502;257;245
46;289;508;260;248
46;202;528;257;271
46;115;565;272;293
46;28;610;280;330
46;1508;364;229;135
46;1421;324;171;153
46;1334;396;226;170
46;1247;366;206;160
46;1160;386;213;173
46;1073;342;193;149
46;986;340;170;170
46;899;353;173;180
46;812;309;174;135
46;725;364;197;167
46;638;380;184;196
46;551;418;217;201
46;464;479;239;240
46;377;498;256;242
46;290;524;257;267
46;203;563;270;293
46;116;596;273;323
46;29;672;332;340
46;1509;291;149;142
46;1422;350;204;146
46;1335;349;201;148
46;1248;375;208;167
46;1161;330;186;144
46;1074;332;165;167
46;987;336;169;167
46;900;338;164;174
46;813;347;186;161
46;726;379;183;196
46;639;411;209;202
46;552;467;233;234
46;465;489;252;237
46;378;515;246;269
46;291;555;262;293
46;204;594;272;322
46;117;653;323;330
46;30;692;330;362
46;1510;330;192;138
46;1423;317;186;131
46;1336;351;196;155
46;1249;328;182;146
46;1162;311;158;153
46;1075;327;164;163
46;988;328;158;170
46;901;346;178;168
46;814;368;184;184
46;727;398;203;195
46;640;458;226;232
46;553;487;252;235
46;466;498;235;263
46;379;535;253;282
46;292;575;261;314
46;205;646;323;323
46;118;668;316;352
46;31;660;318;342
46;1511;293;174;119
46;1424;314;177;137
46;1337;320;173;147
46;1250;310;163;147
46;1163;315;153;162
46;1076;324;146;178
46;989;333;171;162
46;902;368;174;194
46;815;388;196;192
46;728;449;219;230
46;641;481;248;233
46;554;489;230;259
46;467;529;249;280
46;380;572;258;314
46;293;633;311;322
46;206;666;316;350
46;119;643;313;330
46;32;664;328;336
46;1512;287;161;126
46;1425;293;160;133
46;1338;301;152;149
46;1251;304;158;146
46;1164;318;143;175
46;1077;333;169;164
46;990;349;171;178
46;903;392;197;195
46;816;441;213;228
46;729;474;246;228
46;642;480;229;251
46;555;513;239;274
46;468;547;244;303
46;381;628;308;320
46;294;656;310;346
46;207;640;311;329
46;120;651;321;330
46;33;648;326;322
46;1513;279;151;128
46;1426;279;144;135
46;1339;287;146;141
46;1252;317;142;175
46;1165;322;167;155
46;1078;343;168;175
46;991;376;195;181
46;904;420;200;220
46;817;463;238;225
46;730;473;220;253
46;643;515;241;274
46;556;538;235;303
46;469;614;298;316
46;382;652;307;345
46;295;628;300;328
46;208;640;316;324
46;121;636;315;321
46;34;675;342;333
46;1514;258;128;130
46;1427;271;141;130
46;1340;314;137;177
46;1253;318;158;160
46;1166;321;159;162
46;1079;375;196;179
46;992;406;197;209
46;905;472;243;229
46;818;468;218;250
46;731;503;231;272
46;644;533;232;301
46;557;609;290;319
46;470;634;295;339
46;383;620;292;328
46;296;631;307;324
46;209;635;314;321
46;122;666;337;329
46;35;654;326;328
46;1515;251;128;123
46;1428;303;134;169
46;1341;301;150;151
46;1254;318;157;161
46;1167;367;193;174
46;1080;399;194;205
46;993;466;241;225
46;906;446;219;227
46;819;497;229;268
46;732;529;231;298
46;645;596;284;312
46;558;624;290;334
46;471;600;281;319
46;384;614;294;320
46;297;627;312;315
46;210;660;331;329
46;123;642;319;323
46;36;664;348;316
46;1516;293;128;165
46;1429;285;140;145
46;1342;318;158;160
46;1255;356;192;164
46;1168;396;191;205
46;1081;453;229;224
46;994;444;222;222
46;907;502;237;265
46;820;524;229;295
46;733;595;283;312
46;646;617;285;332
46;559;593;280;313
46;472;593;283;310
46;385;622;307;315
46;298;658;332;326
46;211;633;311;322
46;124;655;345;310
46;37;695;343;352
46;1517;272;133;139
46;1430;299;154;145
46;1343;350;193;157
46;1256;396;186;210
46;1169;445;226;219
46;1082;442;222;220
46;995;495;235;260
46;908;561;253;308
46;821;586;278;308
46;734;609;281;328
46;647;584;277;307
46;560;586;278;308
46;473;600;295;305
46;386;650;327;323
46;299;631;310;321
46;212;653;344;309
46;125;681;333;348
46;38;639;322;317
46;1518;293;150;143
46;1431;340;186;154
46;1344;387;181;206
46;1257;445;229;216
46;1170;438;219;219
46;1083;487;230;257
46;996;550;248;302
46;909;586;279;307
46;822;603;276;327
46;735;574;271;303
46;648;583;275;308
46;561;595;291;304
46;474;622;310;312
46;387;616;299;317
46;300;646;342;304
46;213;681;334;347
46;126;629;314;315
46;39;692;367;325
46;1519;325;179;146
46;1432;378;176;202
46;1345;445;230;215
46;1258;428;218;210
46;1171;474;227;247
46;1084;545;246;299
46;997;581;278;303
46;910;603;276;327
46;823;568;268;300
46;736;587;280;307
46;649;585;287;298
46;562;612;304;308
46;475;599;292;307
46;388;634;331;303
46;301;670;329;341
46;214;630;316;314
46;127;679;358;321
46;40;665;335;330
46;1520;372;173;199
46;1433;435;224;211
46;1346;421;214;207
46;1259;472;226;246
46;1172;542;240;302
46;1085;570;271;299
46;998;596;276;320
46;911;589;283;306
46;824;574;275;299
46;737;576;283;293
46;650;604;299;305
46;563;585;284;301
46;476;612;316;296
46;389;655;320;335
46;302;619;310;309
46;215;678;356;322
46;128;654;326;328
46;41;642;339;303
46;1521;415;216;199
46;1434;422;210;212
46;1347;467;223;244
46;1260;535;239;296
46;1173;565;268;297
46;1086;591;273;318
46;999;578;276;302
46;912;592;282;310
46;825;571;277;294
46;738;598;295;303
46;651;573;277;296
46;564;599;309;290
46;477;634;308;326
46;390;608;305;303
46;303;676;358;318
46;216;654;327;327
46;129;635;334;301
46;42;643;307;336
46;1522;404;198;206
46;1435;460;219;241
46;1348;527;237;290
46;1261;562;267;295
46;1174;585;268;317
46;1087;570;278;292
46;1000;582;277;305
46;913;582;298;284
46;826;592;290;302
46;739;562;271;291
46;652;593;306;287
46;565;620;301;319
46;478;588;290;298
46;391;661;349;312
46;304;649;325;324
46;217;623;325;298
46;130;633;301;332
46;43;629;292;337
46;1523;437;206;231
46;1436;516;233;283
46;1349;561;265;296
46;1262;581;265;316
46;1175;559;272;287
46;1088;577;274;303
46;1001;571;292;279
46;914;590;282;308
46;827;552;264;288
46;740;588;303;285
46;653;606;290;316
46;566;568;278;290
46;479;638;335;303
46;392;635;315;320
46;305;621;324;297
46;218;628;296;332
46;131;623;289;334
46;44;581;280;301
46;1524;502;228;274
46;1437;556;265;291
46;1350;573;261;312
46;1263;551;270;281
46;1176;572;270;302
46;1089;570;294;276
46;1002;580;275;305
46;915;552;265;287
46;828;580;297;283
46;741;597;285;312
46;654;559;272;287
46;567;631;331;300
46;480;615;301;314
46;393;620;322;298
46;306;621;292;329
46;219;617;281;336
46;132;574;276;298
46;45;535;254;281
46;1525;540;255;285
46;1438;561;257;304
46;1351;547;271;276
46;1264;570;272;298
46;1177;557;286;271
46;1090;575;271;304
46;1003;544;262;282
46;916;586;305;281
46;829;585;277;308
46;742;548;267;281
46;655;616;321;295
46;568;608;297;311
46;481;611;318;293
46;394;614;287;327
46;307;618;281;337
46;220;565;268;297
46;133;527;248;279
46;46;553;257;296
46;1526;554;254;300
46;1439;546;274;272
46;1352;565;269;296
46;1265;549;285;264
46;1178;572;271;301
46;1091;535;257;278
46;1004;575;299;276
46;917;592;278;314
46;830;542;262;280
46;743;607;313;294
46;656;596;289;307
46;569;607;316;291
46;482;601;281;320
46;395;608;275;333
46;308;558;265;293
46;221;528;250;278
46;134;544;253;291
46;47;492;242;250
46;1527;539;268;271
46;1440;552;260;292
46;1353;549;284;265
46;1266;568;268;300
46;1179;532;252;280
46;1092;563;293;270
46;1005;595;279;316
46;918;567;273;294
46;831;599;308;291
46;744;588;287;301
46;657;602;314;288
46;570;596;280;316
46;483;592;269;323
46;396;553;263;290
46;309;526;252;274
46;222;542;252;290
46;135;488;242;246
46;48;470;247;223
46;1528;544;255;289
46;1441;543;281;262
46;1354;563;265;298
46;1267;529;253;276
46;1180;559;291;268
46;1093;594;277;317
46;1006;556;269;287
46;919;581;299;282
46;832;584;284;300
46;745;593;309;284
46;658;594;281;313
46;571;583;257;326
46;484;547;257;290
46;397;512;243;269
46;310;534;247;287
46;223;488;242;246
46;136;458;238;220
46;49;490;240;250
46;1529;539;276;263
46;1442;562;265;297
46;1355;527;249;278
46;1268;552;284;268
46;1181;590;274;316
46;1094;553;262;291
46;1007;566;289;277
46;920;594;294;300
46;833;583;300;283
46;746;588;279;309
46;659;572;254;318
46;572;535;247;288
46;485;495;232;263
46;398;531;248;283
46;311;482;236;246
46;224;454;236;218
46;137;477;232;245
46;50;472;223;249
46;1530;554;257;297
46;1443;524;247;277
46;1356;554;285;269
46;1269;588;272;316
46;1182;551;260;291
46;1095;561;288;273
46;1008;583;285;298
46;921;572;287;285
46;834;578;271;307
46;747;569;255;314
46;660;532;244;288
46;573;486;228;258
46;486;516;241;275
46;399;480;232;248
46;312;451;234;217
46;225;472;231;241
46;138;467;219;248
46;51;486;220;266
46;1531;523;248;275
46;1444;549;281;268
46;1357;575;264;311
46;1270;557;263;294
46;1183;558;286;272
46;1096;581;282;299
46;1009;568;283;285
46;922;578;273;305
46;835;564;253;311
46;748;533;249;284
46;661;475;223;252
46;574;508;237;271
46;487;461;220;241
46;400;442;226;216
46;313;465;226;239
46;226;451;211;240
46;139;479;218;261
46;52;515;241;274
46;1532;545;280;265
46;1445;567;264;303
46;1358;551;260;291
46;1271;560;289;271
46;1184;580;281;299
46;1097;555;270;285
46;1010;572;270;302
46;923;567;264;303
46;836;528;245;283
46;749;473;221;252
46;662;507;239;268
46;575;455;216;239
46;488;429;217;212
46;401;449;212;237
46;314;442;206;236
46;227;474;216;258
46;140;505;233;272
46;53;470;205;265
46;1533;559;256;303
46;1446;550;262;288
46;1359;553;284;269
46;1272;570;273;297
46;1185;546;270;276
46;1098;564;266;298
46;1011;559;260;299
46;924;538;252;286
46;837;462;213;249
46;750;497;232;265
46;663;451;215;236
46;576;415;210;205
46;489;440;208;232
46;402;432;199;233
46;315;468;215;253
46;228;508;233;275
46;141;466;203;263
46;54;407;187;220
46;1534;539;257;282
46;1447;542;277;265
46;1360;565;273;292
46;1273;541;264;277
46;1186;551;256;295
46;1099;556;257;299
46;1012;532;245;287
46;925;461;206;255
46;838;487;222;265
46;751;443;210;233
46;664;408;204;204
46;577;435;205;230
46;490;414;190;224
46;403;455;208;247
46;316;499;228;271
46;229;461;199;262
46;142;392;181;211
46;55;412;209;203
46;1535;538;275;263
46;1448;557;267;290
46;1361;533;257;276
46;1274;541;250;291
46;1187;544;252;292
46;1100;524;240;284
46;1013;456;201;255
46;926;495;224;271
46;839;434;201;233
46;752;402;201;201
46;665;433;203;230
46;578;408;187;221
46;491;434;194;240
46;404;490;223;267
46;317;458;196;262
46;230;391;181;210
46;143;405;206;199
46;56;437;192;245
46;1536;549;264;285
46;1449;529;253;276
46;1362;538;249;289
46;1275;546;253;293
46;1188;517;239;278
46;1101;449;192;257
46;1014;485;218;267
46;927;437;208;229
46;840;395;197;198
46;753;424;199;225
46;666;398;181;217
46;579;424;188;236
46;492;471;208;263
46;405;455;195;260
46;318;384;177;207
46;231;399;204;195
46;144;427;190;237
46;57;429;196;233
46;1537;525;250;275
46;1450;537;250;287
46;1363;537;245;292
46;1276;511;236;275
46;1189;449;193;256
46;1102;479;211;268
46;1015;434;205;229
46;928;403;200;203
46;841;424;197;227
46;754;389;178;211
46;667;416;185;231
46;580;460;200;260
46;493;449;187;262
46;406;378;174;204
46;319;387;196;191
46;232;417;179;238
46;145;422;194;228
46;58;455;220;235
46;1538;528;240;288
46;1451;530;240;290
46;1364;507;233;274
46;1277;446;189;257
46;1190;476;208;268
46;1103;429;201;228
46;1016;405;200;205
46;929;431;200;231
46;842;382;175;207
46;755;411;184;227
46;668;455;197;258
46;581;434;176;258
46;494;369;169;200
46;407;376;189;187
46;320;411;174;237
46;233;416;188;228
46;146;443;213;230
46;59;470;198;272
46;1539;518;230;288
46;1452;499;226;273
46;1365;436;184;252
46;1278;474;208;266
46;1191;424;197;227
46;1104;399;196;203
46;1017;421;194;227
46;930;400;186;214
46;843;406;181;225
46;756;450;193;257
46;669;432;174;258
46;582;363;164;199
46;495;366;186;180
46;408;402;169;233
46;321;410;182;228
46;234;435;210;225
46;147;457;189;268
46;60;490;233;257
46;1540;495;223;272
46;1453;432;182;250
46;1366;467;204;263
46;1279;421;193;228
46;1192;398;195;203
46;1105;411;186;225
46;1018;395;182;213
46;931;424;181;243
46;844;444;189;255
46;757;420;166;254
46;670;359;165;194
46;583;354;175;179
46;496;391;163;228
46;409;401;175;226
46;322;419;199;220
46;235;447;183;264
46;148;486;232;254
46;61;436;175;261
46;1541;425;179;246
46;1454;462;199;263
46;1367;417;189;228
46;1280;394;191;203
46;1193;404;179;225
46;1106;381;173;208
46;1019;420;176;244
46;932;459;193;266
46;845;416;164;252
46;758;351;163;188
46;671;344;170;174
46;584;383;155;228
46;497;387;165;222
46;410;405;190;215
46;323;443;180;263
46;236;480;228;252
46;149;435;176;259
46;62;435;190;245
46;1542;461;199;262
46;1455;409;182;227
46;1368;385;183;202
46;1281;399;174;225
46;1194;373;167;206
46;1107;412;169;243
46;1020;456;190;266
46;933;395;158;237
46;846;347;158;189
46;759;336;162;174
46;672;371;149;222
46;585;379;159;220
46;498;390;180;210
46;411;433;174;259
46;324;477;226;251
46;237;433;172;261
46;150;432;190;242
46;63;444;177;267
46;1543;402;180;222
46;1456;375;176;199
46;1369;395;172;223
46;1282;371;167;204
46;1195;406;165;241
46;1108;444;180;264
46;1021;386;153;233
46;934;345;149;196
46;847;327;160;167
46;760;361;140;221
46;673;371;154;217
46;586;376;172;204
46;499;415;162;253
46;412;468;220;248
46;325;428;170;258
46;238;429;187;242
46;151;443;176;267
46;64;419;161;258
46;1544;372;174;198
46;1457;391;169;222
46;1370;364;161;203
46;1283;402;164;238
46;1196;438;178;260
46;1109;375;145;230
46;1022;337;143;194
46;935;319;152;167
46;848;357;138;219
46;761;366;150;216
46;674;374;170;204
46;587;402;154;248
46;500;449;209;240
46;413;414;160;254
46;326;420;179;241
46;239;443;173;270
46;152;416;157;259
46;65;503;220;283
46;1545;383;163;220
46;1458;357;158;199
46;1371;394;157;237
46;1284;425;169;256
46;1197;365;138;227
46;1110;330;137;193
46;1023;311;144;167
46;936;366;141;225
46;849;357;145;212
46;762;361;162;199
46;675;394;151;243
46;588;431;194;237
46;501;399;156;243
46;414;416;178;238
46;327;436;165;271
46;240;408;153;255
46;153;500;217;283
46;66;451;188;263
46;1546;349;155;194
46;1459;381;148;233
46;1372;412;162;250
46;1285;360;136;224
46;1198;323;133;190
46;1111;304;142;162
46;1024;355;131;224
46;937;365;151;214
46;850;353;158;195
46;763;389;147;242
46;676;422;190;232
46;589;384;150;234
46;502;403;170;233
46;415;423;159;264
46;328;400;145;255
46;241;493;213;280
46;154;444;181;263
46;67;414;168;246
46;1547;375;146;229
46;1460;406;159;247
46;1373;353;132;221
46;1286;318;132;186
46;1199;292;131;161
46;1112;345;125;220
46;1025;362;149;213
46;938;357;152;205
46;851;376;137;239
46;764;412;183;229
46;677;370;138;232
46;590;395;162;233
46;503;403;149;254
46;416;392;140;252
46;329;484;210;274
46;242;443;183;260
46;155;407;163;244
46;68;423;172;251
46;1548;401;155;246
46;1461;348;127;221
46;1374;306;126;180
46;1287;286;129;157
46;1200;334;120;214
46;1113;349;140;209
46;1026;353;149;204
46;939;379;139;240
46;852;404;179;225
46;765;360;131;229
46;678;379;150;229
46;591;396;145;251
46;504;378;138;240
46;417;467;199;268
46;330;436;177;259
46;243;399;160;239
46;156;412;165;247
46;69;390;153;237
46;1549;337;120;217
46;1462;297;124;173
46;1375;278;128;150
46;1288;329;117;212
46;1201;345;138;207
46;1114;348;145;203
46;1027;365;130;235
46;940;405;184;221
46;853;343;120;223
46;766;372;144;228
46;679;384;138;246
46;592;370;133;237
46;505;451;189;262
46;418;423;170;253
46;331;391;153;238
46;244;402;157;245
46;157;386;151;235
46;70;351;148;203
46;1550;290;119;171
46;1463;272;124;148
46;1376;321;112;209
46;1289;333;129;204
46;1202;339;138;201
46;1115;357;130;227
46;1028;389;174;215
46;941;356;122;234
46;854;363;142;221
46;767;375;130;245
46;680;354;122;232
46;593;435;178;257
46;506;405;158;247
46;419;382;148;234
46;332;397;154;243
46;245;377;142;235
46;158;348;147;201
46;71;335;132;203
46;1551;262;117;145
46;1464;315;109;206
46;1377;322;124;198
46;1290;330;132;198
46;1203;349;124;225
46;1116;374;168;206
46;1029;347;117;230
46;942;355;135;220
46;855;371;127;244
46;768;344;118;226
46;681;413;165;248
46;594;395;149;246
46;507;366;140;226
46;420;390;147;243
46;333;370;140;230
46;246;345;143;202
46;159;328;125;203
46;72;321;118;203
46;1552;306;103;203
46;1465;311;117;194
46;1378;324;128;196
46;1291;343;125;218
46;1204;363;162;201
46;1117;344;116;228
46;1030;341;128;213
46;943;373;125;248
46;856;333;113;220
46;769;398;156;242
46;682;382;141;241
46;595;352;130;222
46;508;378;142;236
46;421;355;130;225
46;334;332;134;198
46;247;321;124;197
46;160;312;114;198
46;73;369;120;249
46;1553;301;113;188
46;1466;314;122;192
46;1379;336;121;215
46;1292;354;155;199
46;1205;329;111;218
46;1118;326;117;209
46;1031;351;112;239
46;944;317;108;209
46;857;379;146;233
46;770;374;135;239
46;683;344;125;219
46;596;363;133;230
46;509;339;120;219
46;422;326;128;198
46;335;309;116;193
46;248;301;111;190
46;161;361;115;246
46;74;342;110;232
46;1554;307;117;190
46;1467;321;111;210
46;1380;347;153;194
46;1293;316;106;210
46;1206;316;111;205
46;1119;341;108;233
46;1032;304;104;200
46;945;371;134;237
46;858;365;133;232
46;771;330;122;208
46;684;354;127;227
46;597;322;112;210
46;510;314;123;191
46;423;296;110;186
46;336;290;106;184
46;249;354;110;244
46;162;335;105;230
46;75;311;112;199
46;1555;311;105;206
46;1468;324;137;187
46;1381;303;98;205
46;1294;300;101;199
46;1207;336;106;230
46;1120;296;98;198
46;1033;356;129;227
46;946;345;123;222
46;859;318;114;204
46;772;341;122;219
46;685;306;105;201
46;598;294;110;184
46;511;287;106;181
46;424;279;101;178
46;337;332;97;235
46;250;320;102;218
46;163;301;106;195
46;76;295;85;210
46;1556;309;128;181
46;1469;296;96;200
46;1382;287;92;195
46;1295;322;101;221
46;1208;281;91;190
46;1121;345;122;223
46;1034;333;117;216
46;947;317;113;204
46;860;326;115;211
46;773;294;98;196
46;686;274;97;177
46;599;276;102;174
46;512;266;93;173
46;425;321;94;227
46;338;312;97;215
46;251;283;93;190
46;164;284;79;205
46;77;254;87;167
46;1557;277;85;192
46;1470;279;88;191
46;1383;307;93;214
46;1296;265;85;180
46;1209;331;110;221
46;1122;320;109;211
46;1035;305;106;199
46;948;318;112;206
46;861;280;93;187
46;774;261;92;169
46;687;265;93;172
46;600;251;87;164
46;513;307;88;219
46;426;296;90;206
46;339;269;89;180
46;252;272;74;198
46;165;244;85;159
46;78;269;90;179
46;1558;269;83;186
46;1471;288;86;202
46;1384;253;79;174
46;1297;315;98;217
46;1210;305;104;201
46;1123;293;103;190
46;1036;298;102;196
46;949;267;89;178
46;862;252;86;166
46;775;253;86;167
46;688;233;80;153
46;601;284;76;208
46;514;280;86;194
46;427;251;84;167
46;340;257;69;188
46;253;227;78;149
46;166;257;80;177
46;79;226;71;155
46;1559;276;80;196
46;1472;237;73;164
46;1385;297;92;205
46;1298;291;100;191
46;1211;278;97;181
46;1124;286;96;190
46;1037;250;81;169
46;950;247;82;165
46;863;245;80;165
46;776;222;77;145
46;689;266;70;196
46;602;265;79;186
46;515;230;75;155
46;428;243;65;178
46;341;203;64;139
46;254;239;69;170
46;167;213;66;147
46;80;213;68;145
46;1560;220;68;152
46;1473;282;86;196
46;1386;275;95;180
46;1299;257;85;172
46;1212;272;91;181
46;1125;237;75;162
46;1038;237;79;158
46;951;228;66;162
46;864;205;69;136
46;777;251;65;186
46;690;251;72;179
46;603;213;65;148
46;516;226;61;165
46;429;189;55;134
46;342;217;61;156
46;255;197;58;139
46;168;200;59;141
46;81;158;51;107
46;1561;269;82;187
46;1474;260;85;175
46;1387;246;84;162
46;1300;254;85;169
46;1213;214;67;147
46;1126;227;74;153
46;1039;209;59;150
46;952;185;55;130
46;865;237;61;176
46;778;230;67;163
46;691;196;58;138
46;604;210;61;149
46;517;178;47;131
46;430;205;55;150
46;343;182;55;127
46;256;183;51;132
46;169;147;46;101
46;82;124;40;84
46;1562;244;77;167
46;1475;233;75;158
46;1388;238;76;162
46;1301;203;63;140
46;1214;207;69;138
46;1127;190;54;136
46;1040;165;50;115
46;953;207;54;153
46;866;209;58;151
46;779;184;57;127
46;692;186;51;135
46;605;166;44;122
46;518;187;48;139
46;431;168;49;119
46;344;168;44;124
46;257;129;39;90
46;170;110;36;74
46;83;95;29;66
46;1563;214;67;147
46;1476;218;68;150
46;1389;187;56;131
46;1302;190;60;130
46;1215;174;48;126
46;1128;158;47;111
46;1041;191;47;144
46;954;198;55;143
46;867;168;52;116
46;780;161;43;118
46;693;148;38;110
46;606;173;42;131
46;519;154;41;113
46;432;149;38;111
46;345;109;32;77
46;258;103;34;69
46;171;87;26;61
46;84;95;28;67
46;1564;204;61;143
46;1477;171;49;122
46;1390;170;55;115
46;1303;152;41;111
46;1216;133;39;94
46;1129;176;40;136
46;1042;183;50;133
46;955;151;46;105
46;868;149;39;110
46;781;137;34;103
46;694;162;36;126
46;607;138;36;102
46;520;132;29;103
46;433;98;28;70
46;346;89;28;61
46;259;76;17;59
46;172;87;25;62
46;85;88;31;57
46;1565;752;185;567
46;1478;756;182;574
46;1391;709;167;542
46;1304;694;153;541
46;1217;719;159;560
46;1130;695;162;533
46;1043;637;149;488
46;956;600;134;466
46;869;568;122;446
46;782;551;132;419
46;695;501;128;373
46;608;496;128;368
46;521;452;130;322
46;434;458;134;324
46;347;477;141;336
46;260;484;146;338
46;173;494;157;337
46;86;487;146;341
46;1566;33707;15876;17831
46;1479;34737;16392;18345
46;1392;35514;16763;18751
46;1305;36052;17002;19050
46;1218;36498;17140;19358
46;1131;37082;17410;19672
46;1044;37576;17663;19913
46;957;38275;17978;20297
46;870;39611;18604;21007
46;783;40095;18842;21253
46;696;40473;18986;21487
46;609;40961;19225;21736
46;522;41588;19644;21944
46;435;42832;20324;22508
46;348;43349;20618;22731
46;261;43676;20748;22928
46;174;43809;20841;22968
46;87;44233;21043;23190
47;1480;224;109;115
47;1393;255;141;114
47;1306;280;145;135
47;1219;259;130;129
47;1132;250;125;125
47;1045;241;121;120
47;958;270;139;131
47;871;220;109;111
47;784;271;149;122
47;697;258;134;124
47;610;231;120;111
47;523;238;124;114
47;436;247;120;127
47;349;273;147;126
47;262;278;142;136
47;175;308;150;158
47;88;313;163;150
47;1;360;175;185
47;1481;250;139;111
47;1394;267;138;129
47;1307;253;124;129
47;1220;246;127;119
47;1133;245;118;127
47;1046;260;134;126
47;959;216;110;106
47;872;256;142;114
47;785;257;133;124
47;698;232;119;113
47;611;232;119;113
47;524;242;118;124
47;437;268;143;125
47;350;279;142;137
47;263;301;146;155
47;176;309;161;148
47;89;360;174;186
47;2;366;182;184
47;1482;261;140;121
47;1395;256;126;130
47;1308;246;130;116
47;1221;247;116;131
47;1134;253;132;121
47;1047;215;107;108
47;960;240;132;108
47;873;240;130;110
47;786;230;115;115
47;699;230;117;113
47;612;236;113;123
47;525;265;141;124
47;438;279;142;137
47;351;299;146;153
47;264;304;157;147
47;177;352;171;181
47;90;365;182;183
47;3;387;206;181
47;1483;258;127;131
47;1396;238;125;113
47;1309;243;110;133
47;1222;252;134;118
47;1135;210;101;109
47;1048;237;130;107
47;961;240;130;110
47;874;222;110;112
47;787;229;120;109
47;700;236;113;123
47;613;264;138;126
47;526;279;144;135
47;439;295;145;150
47;352;301;156;145
47;265;343;168;175
47;178;362;180;182
47;91;385;205;180
47;4;398;219;179
47;1484;234;124;110
47;1397;240;112;128
47;1310;242;132;110
47;1223;214;101;113
47;1136;236;129;107
47;1049;238;129;109
47;962;217;108;109
47;875;232;125;107
47;788;233;113;120
47;701;264;138;126
47;614;281;144;137
47;527;291;145;146
47;440;295;151;144
47;353;339;165;174
47;266;355;177;178
47;179;376;202;174
47;92;397;218;179
47;5;386;186;200
47;1485;243;111;132
47;1398;239;129;110
47;1311;211;98;113
47;1224;232;127;105
47;1137;232;126;106
47;1050;214;109;105
47;963;232;126;106
47;876;253;120;133
47;789;260;136;124
47;702;286;146;140
47;615;294;145;149
47;528;296;154;142
47;441;339;163;176
47;354;351;175;176
47;267;371;200;171
47;180;394;218;176
47;93;383;186;197
47;6;432;211;221
47;1486;236;127;109
47;1399;207;99;108
47;1312;227;121;106
47;1225;235;128;107
47;1138;216;110;106
47;1051;224;122;102
47;964;250;119;131
47;877;253;134;119
47;790;285;152;133
47;703;291;141;150
47;616;294;153;141
47;529;343;165;178
47;442;346;172;174
47;355;365;196;169
47;268;387;213;174
47;181;379;184;195
47;94;434;210;224
47;7;437;218;219
47;1487;212;101;111
47;1400;219;113;106
47;1313;224;124;100
47;1226;215;106;109
47;1139;223;124;99
47;1052;254;122;132
47;965;253;136;117
47;878;282;140;142
47;791;292;144;148
47;704;294;154;140
47;617;338;163;175
47;530;341;170;171
47;443;364;195;169
47;356;384;212;172
47;269;372;181;191
47;182;434;210;224
47;95;436;218;218
47;8;491;249;242
47;1488;220;114;106
47;1401;231;125;106
47;1314;211;103;108
47;1227;221;124;97
47;1140;252;119;133
47;1053;259;139;120
47;966;284;140;144
47;879;287;133;154
47;792;296;157;139
47;705;333;162;171
47;618;339;169;170
47;531;360;194;166
47;444;376;207;169
47;357;372;183;189
47;270;424;208;216
47;183;432;218;214
47;96;483;243;240
47;9;545;297;248
47;1489;230;122;108
47;1402;208;100;108
47;1315;217;122;95
47;1228;257;122;135
47;1141;262;141;121
47;1054;285;140;145
47;967;280;129;151
47;880;282;145;137
47;793;330;158;172
47;706;340;169;171
47;619;350;189;161
47;532;372;205;167
47;445;369;180;189
47;358;423;207;216
47;271;426;216;210
47;184;479;243;236
47;97;545;298;247
47;10;556;270;286
47;1490;202;96;106
47;1403;218;121;97
47;1316;257;125;132
47;1229;260;138;122
47;1142;288;144;144
47;1055;282;128;154
47;968;281;143;138
47;881;307;138;169
47;794;343;172;171
47;707;354;191;163
47;620;364;202;162
47;533;371;182;189
47;446;419;206;213
47;359;427;217;210
47;272;473;242;231
47;185;541;296;245
47;98;556;273;283
47;11;527;276;251
47;1491;218;121;97
47;1404;247;121;126
47;1317;258;138;120
47;1230;289;141;148
47;1143;279;128;151
47;1056;283;144;139
47;969;303;137;166
47;882;330;168;162
47;795;360;195;165
47;708;367;203;164
47;621;371;182;189
47;534;415;202;213
47;447;423;215;208
47;360;469;240;229
47;273;534;294;240
47;186;552;272;280
47;99;523;273;250
47;12;591;345;246
47;1492;246;122;124
47;1405;258;135;123
47;1318;284;136;148
47;1231;280;129;151
47;1144;286;147;139
47;1057;307;139;168
47;970;329;168;161
47;883;361;195;166
47;796;365;201;164
47;709;371;183;188
47;622;409;202;207
47;535;423;214;209
47;448;464;239;225
47;361;529;291;238
47;274;536;262;274
47;187;515;268;247
47;100;587;343;244
47;13;523;265;258
47;1493;251;130;121
47;1406;281;133;148
47;1319;277;129;148
47;1232;280;143;137
47;1145;309;139;170
47;1058;331;168;163
47;971;357;192;165
47;884;367;213;154
47;797;369;182;187
47;710;409;203;206
47;623;419;214;205
47;536;468;241;227
47;449;517;282;235
47;362;537;263;274
47;275;508;266;242
47;188;573;335;238
47;101;520;263;257
47;14;594;312;282
47;1494;280;135;145
47;1407;269;127;142
47;1320;277;142;135
47;1233;307;139;168
47;1146;332;169;163
47;1059;359;192;167
47;972;367;213;154
47;885;380;193;187
47;798;409;200;209
47;711;420;214;206
47;624;458;239;219
47;537;510;280;230
47;450;529;262;267
47;363;502;265;237
47;276;554;323;231
47;189;511;257;254
47;102;585;307;278
47;15;620;304;316
47;1495;265;126;139
47;1408;271;137;134
47;1321;302;138;164
47;1234;328;165;163
47;1147;358;193;165
47;1060;370;214;156
47;973;380;193;187
47;886;407;202;205
47;799;420;216;204
47;712;459;240;219
47;625;512;280;232
47;538;527;261;266
47;451;491;256;235
47;364;543;316;227
47;277;503;256;247
47;190;574;300;274
47;103;613;297;316
47;16;558;283;275
47;1496;272;137;135
47;1409;299;140;159
47;1322;324;167;157
47;1235;362;196;166
47;1148;367;213;154
47;1061;379;192;187
47;974;402;201;201
47;887;418;206;212
47;800;462;241;221
47;713;514;281;233
47;626;520;257;263
47;539;481;251;230
47;452;526;304;222
47;365;497;256;241
47;278;565;296;269
47;191;604;294;310
47;104;551;281;270
47;17;539;272;267
47;1497;298;140;158
47;1410;321;167;154
47;1323;359;194;165
47;1236;361;208;153
47;1149;373;192;181
47;1062;399;198;201
47;975;420;206;214
47;888;469;246;223
47;801;510;279;231
47;714;511;255;256
47;627;477;251;226
47;540;515;298;217
47;453;482;248;234
47;366;552;289;263
47;279;589;284;305
47;192;549;276;273
47;105;535;272;263
47;18;514;262;252
47;1498;316;167;149
47;1411;348;187;161
47;1324;359;207;152
47;1237;363;189;174
47;1150;392;198;194
47;1063;418;205;213
47;976;461;242;219
47;889;513;275;238
47;802;504;250;254
47;715;470;247;223
47;628;510;294;216
47;541;472;242;230
47;454;533;277;256
47;367;572;279;293
47;280;533;268;265
47;193;532;272;260
47;106;500;257;243
47;19;455;234;221
47;1499;335;179;156
47;1412;352;202;150
47;1325;356;186;170
47;1238;380;192;188
47;1151;406;204;202
47;1064;457;240;217
47;977;504;272;232
47;890;446;218;228
47;803;467;243;224
47;716;504;289;215
47;629;460;238;222
47;542;519;271;248
47;455;537;259;278
47;368;520;261;259
47;281;526;270;256
47;194;497;255;242
47;107;447;233;214
47;20;388;229;159
47;1500;336;195;141
47;1413;345;179;166
47;1326;373;190;183
47;1239;401;202;199
47;1152;449;237;212
47;1065;492;264;228
47;978;432;210;222
47;891;391;206;185
47;804;494;284;210
47;717;453;232;221
47;630;506;265;241
47;543;517;249;268
47;456;487;242;245
47;369;510;265;245
47;282;481;245;236
47;195;445;231;214
47;108;385;227;158
47;21;383;224;159
47;1501;330;171;159
47;1414;363;189;174
47;1327;391;198;193
47;1240;445;236;209
47;1153;482;263;219
47;1066;413;205;208
47;979;381;202;179
47;892;436;251;185
47;805;440;227;213
47;718;497;261;236
47;631;504;241;263
47;544;471;235;236
47;457;483;252;231
47;370;466;234;232
47;283;427;223;204
47;196;377;223;154
47;109;383;222;161
47;22;369;191;178
47;1502;347;186;161
47;1415;374;194;180
47;1328;434;229;205
47;1241;467;257;210
47;1154;405;201;204
47;1067;368;200;168
47;980;419;244;175
47;893;355;191;164
47;806;483;253;230
47;719;497;239;258
47;632;466;234;232
47;545;465;244;221
47;458;441;226;215
47;371;416;214;202
47;284;382;223;159
47;197;378;219;159
47;110;366;187;179
47;23;349;191;158
47;1503;341;180;161
47;1416;416;224;192
47;1329;450;245;205
47;1242;388;196;192
47;1155;350;194;156
47;1068;409;239;170
47;981;336;183;153
47;894;381;198;183
47;807;475;229;246
47;720;457;230;227
47;633;451;235;216
47;546;425;220;205
47;459;399;205;194
47;372;380;222;158
47;285;370;212;158
47;198;364;187;177
47;111;347;190;157
47;24;395;214;181
47;1504;389;210;179
47;1417;433;236;197
47;1330;374;186;188
47;1243;339;188;151
47;1156;397;236;161
47;1069;316;177;139
47;982;365;188;177
47;895;356;195;161
47;808;445;222;223
47;721;443;232;211
47;634;413;213;200
47;547;385;195;190
47;460;359;205;154
47;373;362;209;153
47;286;367;187;180
47;199;343;188;155
47;112;384;209;175
47;25;405;220;185
47;1505;405;221;184
47;1418;354;173;181
47;1331;328;185;143
47;1244;385;226;159
47;1157;317;169;148
47;1070;354;182;172
47;983;328;182;146
47;896;322;171;151
47;809;430;222;208
47;722;402;207;195
47;635;371;188;183
47;548;352;202;150
47;461;343;198;145
47;374;345;175;170
47;287;336;186;150
47;200;382;207;175
47;113;396;217;179
47;26;389;189;200
47;1506;328;160;168
47;1419;313;182;131
47;1332;366;217;149
47;1245;299;162;137
47;1158;338;181;157
47;1071;305;169;136
47;984;298;160;138
47;897;296;160;136
47;810;379;193;186
47;723;359;181;178
47;636;339;195;144
47;549;323;191;132
47;462;328;167;161
47;375;329;187;142
47;288;381;207;174
47;201;398;221;177
47;114;378;184;194
47;27;366;182;184
47;1507;293;170;123
47;1420;335;201;134
47;1333;286;151;135
47;1246;321;174;147
47;1159;288;165;123
47;1072;272;144;128
47;985;270;146;124
47;898;303;151;152
47;811;343;175;168
47;724;322;185;137
47;637;317;184;133
47;550;314;161;153
47;463;319;184;135
47;376;364;199;165
47;289;374;211;163
47;202;364;180;184
47;115;357;178;179
47;28;413;208;205
47;1508;304;188;116
47;1421;267;142;125
47;1334;313;166;147
47;1247;283;162;121
47;1160;275;144;131
47;1073;255;135;120
47;986;286;137;149
47;899;297;153;144
47;812;302;175;127
47;725;310;185;125
47;638;295;151;144
47;551;307;178;129
47;464;343;186;157
47;377;364;203;161
47;290;355;172;183
47;203;348;173;175
47;116;405;205;200
47;29;458;227;231
47;1509;244;129;115
47;1422;292;154;138
47;1335;280;163;117
47;1248;274;147;127
47;1161;253;139;114
47;1074;270;134;136
47;987;287;149;138
47;900;288;154;134
47;813;303;181;122
47;726;291;148;143
47;639;296;173;123
47;552;327;176;151
47;465;352;193;159
47;378;345;162;183
47;291;336;174;162
47;204;392;199;193
47;117;445;221;224
47;30;475;260;215
47;1510;279;150;129
47;1423;263;153;110
47;1336;260;139;121
47;1249;249;133;116
47;1162;253;126;127
47;1075;271;144;127
47;988;275;145;130
47;901;310;179;131
47;814;287;149;138
47;727;297;174;123
47;640;321;178;143
47;553;342;183;159
47;466;334;152;182
47;379;320;169;151
47;292;385;194;191
47;205;438;218;220
47;118;463;253;210
47;31;427;213;214
47;1511;249;150;99
47;1424;232;123;109
47;1337;243;130;113
47;1250;253;125;128
47;1163;261;138;123
47;1076;271;146;125
47;989;292;164;128
47;902;295;144;151
47;815;290;168;122
47;728;310;170;140
47;641;341;184;157
47;554;331;150;181
47;467;314;165;149
47;380;368;191;177
47;293;429;213;216
47;206;458;251;207
47;119;421;212;209
47;32;442;230;212
47;1512;215;113;102
47;1425;229;127;102
47;1338;239;115;124
47;1251;255;139;116
47;1164;266;144;122
47;1077;298;171;127
47;990;284;139;145
47;903;280;146;134
47;816;307;164;143
47;729;334;175;159
47;642;329;153;176
47;555;307;163;144
47;468;361;186;175
47;381;422;207;215
47;294;447;242;205
47;207;416;208;208
47;120;433;227;206
47;33;472;231;241
47;1513;224;126;98
47;1426;234;115;119
47;1339;243;133;110
47;1252;268;144;124
47;1165;297;173;124
47;1078;284;134;150
47;991;275;142;133
47;904;314;167;147
47;817;318;171;147
47;730;321;149;172
47;643;302;158;144
47;556;354;181;173
47;469;411;200;211
47;382;437;234;203
47;295;405;202;203
47;208;425;223;202
47;121;460;225;235
47;34;442;226;216
47;1514;226;104;122
47;1427;237;129;108
47;1340;260;139;121
47;1253;283;169;114
47;1166;281;128;153
47;1079;268;136;132
47;992;303;162;141
47;905;332;172;160
47;818;320;151;169
47;731;301;162;139
47;644;353;179;174
47;557;402;194;208
47;470;424;226;198
47;383;402;198;204
47;296;415;211;204
47;209;456;228;228
47;122;437;223;214
47;35;495;254;241
47;1515;225;122;103
47;1428;236;127;109
47;1341;271;159;112
47;1254;276;130;146
47;1167;260;127;133
47;1080;305;163;142
47;993;318;166;152
47;906;319;152;167
47;819;297;161;136
47;732;346;173;173
47;645;397;192;205
47;558;419;222;197
47;471;385;189;196
47;384;407;204;203
47;297;453;226;227
47;210;424;216;208
47;123;487;248;239
47;36;500;259;241
47;1516;239;129;110
47;1429;260;154;106
47;1342;268;123;145
47;1255;258;123;135
47;1168;298;159;139
47;1081;310;162;148
47;994;304;135;169
47;907;339;179;160
47;820;333;163;170
47;733;397;191;206
47;646;414;217;197
47;559;383;187;196
47;472;402;200;202
47;385;444;220;224
47;298;414;209;205
47;211;481;245;236
47;124;494;257;237
47;37;488;244;244
47;1517;251;146;105
47;1430;258;119;139
47;1343;250;116;134
47;1256;290;154;136
47;1169;311;162;149
47;1082;297;134;163
47;995;332;175;157
47;908;364;174;190
47;821;395;191;204
47;734;412;216;196
47;647;377;184;193
47;560;395;198;197
47;473;430;214;216
47;386;404;204;200
47;299;473;238;235
47;212;487;252;235
47;125;479;240;239
47;38;458;232;226
47;1518;257;114;143
47;1431;254;121;133
47;1344;285;153;132
47;1257;310;162;148
47;1170;290;130;160
47;1083;333;178;155
47;996;355;169;186
47;909;412;207;205
47;822;410;213;197
47;735;373;182;191
47;648;393;201;192
47;561;423;209;214
47;474;399;198;201
47;387;469;238;231
47;300;480;248;232
47;213;478;240;238
47;126;454;230;224
47;39;520;262;258
47;1519;246;118;128
47;1432;287;154;133
47;1345;299;155;144
47;1258;288;132;156
47;1171;329;176;153
47;1084;346;166;180
47;997;409;206;203
47;910;427;231;196
47;823;371;179;192
47;736;384;195;189
47;649;418;207;211
47;562;397;197;200
47;475;460;234;226
47;388;476;246;230
47;301;472;239;233
47;214;448;225;223
47;127;508;253;255
47;40;560;292;268
47;1520;285;152;133
47;1433;287;149;138
47;1346;286;135;151
47;1259;328;175;153
47;1172;347;167;180
47;1085;399;204;195
47;998;424;231;193
47;911;390;188;202
47;824;378;189;189
47;737;415;204;211
47;650;389;192;197
47;563;450;226;224
47;476;463;238;225
47;389;470;240;230
47;302;436;216;220
47;215;503;251;252
47;128;553;288;265
47;41;537;274;263
47;1521;291;152;139
47;1434;284;134;150
47;1347;331;178;153
47;1260;348;163;185
47;1173;389;198;191
47;1086;418;227;191
47;999;388;189;199
47;912;393;201;192
47;825;407;200;207
47;738;388;193;195
47;651;441;221;220
47;564;461;237;224
47;477;462;234;228
47;390;427;209;218
47;303;496;250;246
47;216;546;284;262
47;129;532;270;262
47;42;540;272;268
47;1522;277;129;148
47;1435;326;177;149
47;1348;351;168;183
47;1261;383;198;185
47;1174;411;225;186
47;1087;386;185;201
47;1000;393;198;195
47;913;426;199;227
47;826;388;191;197
47;739;435;218;217
47;652;461;238;223
47;565;447;224;223
47;478;416;200;216
47;391;486;247;239
47;304;534;276;258
47;217;528;268;260
47;130;537;267;270
47;43;505;269;236
47;1523;328;173;155
47;1436;350;166;184
47;1349;389;201;188
47;1262;411;226;185
47;1175;378;181;197
47;1088;389;197;192
47;1001;427;199;228
47;914;417;212;205
47;827;428;210;218
47;740;456;233;223
47;653;442;219;223
47;566;411;197;214
47;479;480;245;235
47;392;534;274;260
47;305;525;264;261
47;218;528;263;265
47;131;504;270;234
47;44;507;260;247
47;1524;344;165;179
47;1437;398;204;194
47;1350;401;220;181
47;1263;373;177;196
47;1176;389;197;192
47;1089;429;196;233
47;1002;410;209;201
47;915;442;229;213
47;828;454;230;224
47;741;440;217;223
47;654;401;192;209
47;567;472;237;235
47;480;524;267;257
47;393;513;256;257
47;306;524;261;263
47;219;505;270;235
47;132;503;260;243
47;45;450;229;221
47;1525;383;195;188
47;1438;393;218;175
47;1351;368;175;193
47;1264;389;197;192
47;1177;421;194;227
47;1090;413;210;203
47;1003;435;226;209
47;916;462;232;230
47;829;436;216;220
47;742;401;193;208
47;655;465;231;234
47;568;523;268;255
47;481;513;258;255
47;394;521;261;260
47;307;499;267;232
47;220;503;259;244
47;133;448;230;218
47;46;443;227;216
47;1526;389;216;173
47;1439;370;176;194
47;1352;386;194;192
47;1265;420;194;226
47;1178;405;201;204
47;1091;433;228;205
47;1004;466;233;233
47;917;466;236;230
47;830;401;192;209
47;743;462;228;234
47;656;513;263;250
47;569;505;254;251
47;482;513;258;255
47;395;503;269;234
47;308;500;255;245
47;221;445;226;219
47;134;436;223;213
47;47;415;211;204
47;1527;362;173;189
47;1440;379;191;188
47;1353;414;190;224
47;1266;408;204;204
47;1179;428;223;205
47;1092;467;231;236
47;1005;464;236;228
47;918;411;203;208
47;831;456;225;231
47;744;505;255;250
47;657;505;252;253
47;570;510;258;252
47;483;499;262;237
47;396;497;251;246
47;309;438;223;215
47;222;434;221;213
47;135;412;214;198
47;48;391;198;193
47;1528;370;185;185
47;1441;404;181;223
47;1354;400;200;200
47;1267;429;225;204
47;1180;465;230;235
47;1093;461;236;225
47;1006;407;200;207
47;919;467;226;241
47;832;500;253;247
47;745;504;254;250
47;658;505;253;252
47;571;494;258;236
47;484;487;241;246
47;397;427;217;210
47;310;432;220;212
47;223;408;210;198
47;136;382;192;190
47;49;386;198;188
47;1529;398;179;219
47;1442;404;202;202
47;1355;427;226;201
47;1268;462;230;232
47;1181;452;231;221
47;1094;405;197;208
47;1007;460;222;238
47;920;497;262;235
47;833;499;253;246
47;746;503;250;253
47;659;486;254;232
47;572;481;237;244
47;485;424;214;210
47;398;423;213;210
47;311;407;209;198
47;224;378;187;191
47;137;385;200;185
47;50;393;216;177
47;1530;395;195;200
47;1443;423;225;198
47;1356;462;229;233
47;1269;447;230;217
47;1182;396;192;204
47;1095;461;223;238
47;1008;489;258;231
47;921;474;230;244
47;834;493;241;252
47;747;487;255;232
47;660;475;233;242
47;573;420;212;208
47;486;418;208;210
47;399;399;202;197
47;312;370;182;188
47;225;377;195;182
47;138;386;212;174
47;51;385;198;187
47;1531;418;220;198
47;1444;452;226;226
47;1357;447;229;218
47;1270;396;193;203
47;1183;452;216;236
47;1096;485;254;231
47;1009;471;229;242
47;922;478;231;247
47;835;478;249;229
47;748;470;229;241
47;661;414;204;210
47;574;411;203;208
47;487;399;203;196
47;400;372;182;190
47;313;369;191;178
47;226;377;203;174
47;139;380;195;185
47;52;393;184;209
47;1532;443;220;223
47;1445;451;231;220
47;1358;389;189;200
47;1271;446;212;234
47;1184;483;253;230
47;1097;475;231;244
47;1010;479;233;246
47;923;451;231;220
47;836;466;224;242
47;749;411;205;206
47;662;402;197;205
47;575;390;196;194
47;488;369;181;188
47;401;362;188;174
47;314;371;198;173
47;227;377;194;183
47;140;388;182;206
47;53;358;179;179
47;1533;452;230;222
47;1446;396;193;203
47;1359;445;208;237
47;1272;481;252;229
47;1185;475;230;245
47;1098;477;231;246
47;1011;452;231;221
47;924;466;231;235
47;837;402;199;203
47;750;404;196;208
47;663;386;197;189
47;576;360;178;182
47;489;353;184;169
47;402;363;195;168
47;315;368;186;182
47;228;390;185;205
47;141;353;178;175
47;54;308;157;151
47;1534;390;187;203
47;1447;440;204;236
47;1360;478;252;226
47;1273;467;226;241
47;1186;470;227;243
47;1099;448;229;219
47;1012;457;222;235
47;925;405;193;212
47;838;396;190;206
47;751;383;193;190
47;664;355;175;180
47;577;347;180;167
47;490;369;195;174
47;403;364;181;183
47;316;383;180;203
47;229;349;174;175
47;142;299;154;145
47;55;336;166;170
47;1535;440;209;231
47;1448;469;247;222
47;1361;459;220;239
47;1274;463;221;242
47;1187;441;225;216
47;1100;458;225;233
47;1013;401;188;213
47;926;393;191;202
47;839;375;189;186
47;752;350;173;177
47;665;334;170;164
47;578;362;187;175
47;491;360;177;183
47;404;381;178;203
47;317;346;169;177
47;230;300;151;149
47;143;327;160;167
47;56;384;168;216
47;1536;461;243;218
47;1449;452;214;238
47;1362;462;220;242
47;1275;442;223;219
47;1188;456;221;235
47;1101;400;184;216
47;1014;393;192;201
47;927;394;200;194
47;840;343;169;174
47;753;329;162;167
47;666;350;181;169
47;579;357;175;182
47;492;374;170;204
47;405;340;165;175
47;318;290;143;147
47;231;318;154;164
47;144;378;163;215
47;57;300;147;153
47;1537;450;214;236
47;1450;453;214;239
47;1363;435;217;218
47;1276;453;220;233
47;1189;391;181;210
47;1102;393;195;198
47;1015;389;198;191
47;928;345;168;177
47;841;322;161;161
47;754;346;178;168
47;667;343;167;176
47;580;365;164;201
47;493;342;163;179
47;406;286;138;148
47;319;316;152;164
47;232;377;160;217
47;145;294;146;148
47;58;416;195;221
47;1538;446;206;240
47;1451;435;218;217
47;1364;448;219;229
47;1277;388;180;208
47;1190;378;183;195
47;1103;387;194;193
47;1016;342;166;176
47;929;332;160;172
47;842;343;175;168
47;755;338;162;176
47;668;354;155;199
47;581;343;161;182
47;494;283;137;146
47;407;309;147;162
47;320;374;158;216
47;233;291;143;148
47;146;403;188;215
47;59;433;194;239
47;1539;430;213;217
47;1452;443;214;229
47;1365;384;176;208
47;1278;375;181;194
47;1191;379;186;193
47;1104;340;163;177
47;1017;329;157;172
47;930;354;179;175
47;843;335;159;176
47;756;351;152;199
47;669;334;154;180
47;582;279;134;145
47;495;305;144;161
47;408;371;156;215
47;321;283;139;144
47;234;400;186;214
47;147;422;188;234
47;60;413;193;220
47;1540;437;210;227
47;1453;391;183;208
47;1366;375;179;196
47;1279;381;186;195
47;1192;329;155;174
47;1105;325;155;170
47;1018;355;179;176
47;931;337;160;177
47;844;345;148;197
47;757;332;154;178
47;670;277;131;146
47;583;297;141;156
47;496;363;152;211
47;409;282;138;144
47;322;388;177;211
47;235;414;180;234
47;148;403;188;215
47;61;405;178;227
47;1541;382;175;207
47;1454;374;176;198
47;1367;372;182;190
47;1280;329;155;174
47;1193;317;147;170
47;1106;353;175;178
47;1019;329;154;175
47;932;331;139;192
47;845;328;151;177
47;758;279;131;148
47;671;294;138;156
47;584;354;146;208
47;497;277;135;142
47;410;382;172;210
47;323;409;173;236
47;236;395;184;211
47;149;401;174;227
47;62;391;183;208
47;1542;358;167;191
47;1455;364;175;189
47;1368;323;154;169
47;1281;318;148;170
47;1194;337;165;172
47;1107;324;148;176
47;1020;331;138;193
47;933;308;141;167
47;846;275;132;143
47;759;287;134;153
47;672;347;144;203
47;585;267;130;137
47;498;374;167;207
47;411;404;170;234
47;324;386;175;211
47;237;399;172;227
47;150;387;181;206
47;63;423;168;255
47;1543;365;177;188
47;1456;316;152;164
47;1369;312;143;169
47;1282;333;161;172
47;1195;319;147;172
47;1108;329;139;190
47;1021;297;132;165
47;934;286;130;156
47;847;280;127;153
47;760;339;137;202
47;673;261;123;138
47;586;363;156;207
47;499;395;164;231
47;412;377;170;207
47;325;394;168;226
47;238;380;178;202
47;151;410;160;250
47;64;453;200;253
47;1544;309;144;165
47;1457;315;143;172
47;1370;320;154;166
47;1283;308;143;165
47;1196;325;137;188
47;1109;295;130;165
47;1022;275;121;154
47;935;263;117;146
47;848;329;133;196
47;761;253;118;135
47;674;355;151;204
47;587;385;159;226
47;500;369;163;206
47;413;387;162;225
47;326;367;167;200
47;239;406;157;249
47;152;447;196;251
47;65;423;176;247
47;1545;308;137;171
47;1458;319;151;168
47;1371;299;136;163
47;1284;324;136;188
47;1197;293;128;165
47;1110;271;117;154
47;1023;259;115;144
47;936;331;133;198
47;849;248;115;133
47;762;348;147;201
47;675;365;146;219
47;588;362;159;203
47;501;374;152;222
47;414;366;165;201
47;327;401;154;247
47;240;443;188;255
47;153;419;174;245
47;66;411;176;235
47;1546;312;146;166
47;1459;299;134;165
47;1372;307;128;179
47;1285;283;123;160
47;1198;265;113;152
47;1111;256;113;143
47;1024;321;123;198
47;937;247;109;138
47;850;347;145;202
47;763;358;139;219
47;676;347;146;201
47;589;368;147;221
47;502;364;164;200
47;415;398;154;244
47;328;428;179;249
47;241;414;170;244
47;154;409;171;238
47;67;466;193;273
47;1547;292;128;164
47;1460;299;122;177
47;1373;284;122;162
47;1286;259;112;147
47;1199;248;106;142
47;1112;319;119;200
47;1025;243;109;134
47;938;342;140;202
47;851;347;132;215
47;764;342;144;198
47;677;364;145;219
47;590;351;151;200
47;503;386;146;240
47;416;410;169;241
47;329;406;162;244
47;242;398;161;237
47;155;455;188;267
47;68;421;176;245
47;1548;294;118;176
47;1461;282;120;162
47;1374;256;108;148
47;1287;241;97;144
47;1200;313;116;197
47;1113;240;107;133
47;1026;336;136;200
47;939;346;134;212
47;852;336;139;197
47;765;353;138;215
47;678;342;147;195
47;591;365;133;232
47;504;388;155;233
47;417;398;157;241
47;330;389;155;234
47;243;444;178;266
47;156;417;172;245
47;69;486;187;299
47;1549;279;116;163
47;1462;253;104;149
47;1375;231;92;139
47;1288;301;108;193
47;1201;239;106;133
47;1114;330;132;198
47;1027;336;126;210
47;940;333;137;196
47;853;345;130;215
47;766;332;146;186
47;679;360;131;229
47;592;376;146;230
47;505;391;151;240
47;418;380;150;230
47;331;436;172;264
47;244;405;166;239
47;157;474;181;293
47;70;453;166;287
47;1550;249;102;147
47;1463;226;89;137
47;1376;290;103;187
47;1289;234;103;131
47;1202;311;122;189
47;1115;328;120;208
47;1028;320;127;193
47;941;321;118;203
47;854;320;137;183
47;767;352;127;225
47;680;365;139;226
47;593;377;141;236
47;506;369;145;224
47;419;425;163;262
47;332;393;160;233
47;245;463;175;288
47;158;449;164;285
47;71;506;218;288
47;1551;222;88;134
47;1464;287;103;184
47;1377;229;99;130
47;1290;304;117;187
47;1203;319;114;205
47;1116;319;127;192
47;1029;308;109;199
47;942;304;130;174
47;855;343;122;221
47;768;354;130;224
47;681;364;138;226
47;594;360;139;221
47;507;412;153;259
47;420;386;152;234
47;333;465;170;295
47;246;436;155;281
47;159;497;214;283
47;72;373;141;232
47;1552;282;98;184
47;1465;223;95;128
47;1378;300;113;187
47;1291;310;109;201
47;1204;314;125;189
47;1117;300;108;192
47;1030;293;122;171
47;943;329;117;212
47;856;343;124;219
47;769;361;134;227
47;682;349;134;215
47;595;396;145;251
47;508;367;141;226
47;421;448;161;287
47;334;419;149;270
47;247;486;208;278
47;160;368;142;226
47;73;402;150;252
47;1553;216;94;122
47;1466;292;111;181
47;1379;293;98;195
47;1292;303;120;183
47;1205;290;103;187
47;1118;284;117;167
47;1031;323;117;206
47;944;334;123;211
47;857;353;132;221
47;770;332;123;209
47;683;377;135;242
47;596;344;129;215
47;509;436;156;280
47;422;400;138;262
47;335;476;200;276
47;248;357;135;222
47;161;393;145;248
47;74;377;137;240
47;1554;279;105;174
47;1467;283;92;191
47;1380;295;111;184
47;1293;282;99;183
47;1206;276;110;166
47;1119;319;114;205
47;1032;321;114;207
47;945;323;117;206
47;858;317;115;202
47;771;364;132;232
47;684;333;123;210
47;597;426;152;274
47;510;388;134;254
47;423;449;184;265
47;336;338;125;213
47;249;377;135;242
47;162;369;130;239
47;75;334;103;231
47;1555;275;92;183
47;1468;280;101;179
47;1381;271;92;179
47;1294;263;105;158
47;1207;309;109;200
47;1120;318;111;207
47;1033;314;114;200
47;946;297;109;188
47;859;351;121;230
47;772;319;113;206
47;685;400;141;259
47;598;378;127;251
47;511;434;174;260
47;424;329;121;208
47;337;353;123;230
47;250;362;122;240
47;163;325;98;227
47;76;303;80;223
47;1556;272;100;172
47;1469;257;87;170
47;1382;250;98;152
47;1295;300;107;193
47;1208;302;103;199
47;1121;306;107;199
47;1034;281;102;179
47;947;335;113;222
47;860;311;110;201
47;773;386;134;252
47;686;360;120;240
47;599;418;164;254
47;512;315;113;202
47;425;333;113;220
47;338;351;117;234
47;251;309;91;218
47;164;287;75;212
47;77;298;87;211
47;1557;243;77;166
47;1470;241;92;149
47;1383;288;101;187
47;1296;292;98;194
47;1209;294;100;194
47;1122;274;97;177
47;1035;320;108;212
47;948;289;98;191
47;861;368;123;245
47;774;349;114;235
47;687;395;148;247
47;600;301;105;196
47;513;318;106;212
47;426;327;102;225
47;339;300;88;212
47;252;280;71;209
47;165;281;81;200
47;78;295;97;198
47;1558;228;85;143
47;1471;278;97;181
47;1384;281;92;189
47;1297;279;93;186
47;1210;260;90;170
47;1123;302;95;207
47;1036;273;92;181
47;949;331;105;226
47;862;330;104;226
47;775;375;138;237
47;688;282;93;189
47;601;301;100;201
47;514;315;93;222
47;427;286;77;209
47;340;273;71;202
47;253;273;73;200
47;166;277;89;188
47;79;254;78;176
47;1559;265;90;175
47;1472;269;86;183
47;1385;258;83;175
47;1298;252;85;167
47;1211;287;88;199
47;1124;260;85;175
47;1037;315;99;216
47;950;302;84;218
47;863;350;124;226
47;776;267;88;179
47;689;287;96;191
47;602;292;80;212
47;515;266;67;199
47;428;261;66;195
47;341;263;70;193
47;254;258;80;178
47;167;244;71;173
47;80;225;81;144
47;1560;256;80;176
47;1473;237;72;165
47;1386;234;81;153
47;1299;273;84;189
47;1212;235;73;162
47;1125;298;91;207
47;1038;284;77;207
47;951;308;104;204
47;864;246;83;163
47;777;269;89;180
47;690;271;68;203
47;603;252;59;193
47;516;225;51;174
47;429;248;61;187
47;342;244;72;172
47;255;233;65;168
47;168;214;75;139
47;81;205;71;134
47;1561;231;72;159
47;1474;225;75;150
47;1387;256;76;180
47;1300;213;64;149
47;1213;281;84;197
47;1126;264;67;197
47;1039;287;96;191
47;952;219;72;147
47;865;253;82;171
47;778;251;62;189
47;691;237;55;182
47;604;209;46;163
47;517;225;55;170
47;430;221;66;155
47;343;212;52;160
47;256;204;70;134
47;169;187;61;126
47;82;179;48;131
47;1562;213;73;140
47;1475;242;66;176
47;1388;207;61;146
47;1301;264;74;190
47;1214;245;60;185
47;1127;257;83;174
47;1040;199;65;134
47;953;217;63;154
47;866;230;58;172
47;779;218;50;168
47;692;190;37;153
47;605;213;51;162
47;518;202;61;141
47;431;196;51;145
47;344;182;60;122
47;257;179;55;124
47;170;164;46;118
47;83;128;33;95
47;1563;220;59;161
47;1476;195;54;141
47;1389;250;69;181
47;1302;230;55;175
47;1215;229;78;151
47;1128;184;59;125
47;1041;199;55;144
47;954;207;50;157
47;867;197;43;154
47;780;174;35;139
47;693;190;48;142
47;606;184;52;132
47;519;184;47;137
47;432;161;53;108
47;345;161;47;114
47;258;150;42;108
47;171;123;33;90
47;84;97;27;70
47;1564;177;51;126
47;1477;235;62;173
47;1390;208;49;159
47;1303;210;70;140
47;1216;164;52;112
47;1129;184;48;136
47;1042;186;41;145
47;955;180;38;142
47;868;154;33;121
47;781;173;40;133
47;694;169;46;123
47;607;171;46;125
47;520;146;49;97
47;433;147;44;103
47;346;136;37;99
47;259;110;29;81
47;172;93;29;64
47;85;82;23;59
47;1565;997;247;750
47;1478;924;225;699
47;1391;905;232;673
47;1304;866;206;660
47;1217;845;191;654
47;1130;811;190;621
47;1043;749;170;579
47;956;711;174;537
47;869;729;208;521
47;782;663;196;467
47;695;609;182;427
47;608;556;173;383
47;521;551;169;382
47;434;553;160;393
47;347;543;160;383
47;260;537;160;377
47;173;554;169;385
47;86;613;191;422
47;1566;26492;12536;13956
47;1479;27121;12825;14296
47;1392;27676;13065;14611
47;1305;28181;13301;14880
47;1218;28521;13427;15094
47;1131;29023;13650;15373
47;1044;29365;13798;15567
47;957;29936;14080;15856
47;870;30989;14613;16376
47;783;31457;14829;16628
47;696;31807;14997;16810
47;609;32421;15300;17121
47;522;33060;15630;17430
47;435;33866;16075;17791
47;348;34438;16353;18085
47;261;35021;16680;18341
47;174;35369;16891;18478
47;87;35769;17047;18722
48;1480;293;165;128
48;1393;365;175;190
48;1306;375;195;180
48;1219;361;192;169
48;1132;400;214;186
48;1045;354;187;167
48;958;387;195;192
48;871;373;191;182
48;784;383;204;179
48;697;409;208;201
48;610;434;208;226
48;523;466;236;230
48;436;427;226;201
48;349;482;264;218
48;262;460;236;224
48;175;484;233;251
48;88;484;266;218
48;1;512;261;251
48;1481;365;177;188
48;1394;368;185;183
48;1307;364;191;173
48;1220;400;215;185
48;1133;355;186;169
48;1046;378;188;190
48;959;366;187;179
48;872;353;185;168
48;785;395;199;196
48;698;430;207;223
48;611;466;239;227
48;524;424;223;201
48;437;473;253;220
48;350;447;227;220
48;263;480;232;248
48;176;484;267;217
48;89;512;260;252
48;2;558;280;278
48;1482;362;186;176
48;1395;351;183;168
48;1308;396;213;183
48;1221;362;189;173
48;1134;375;188;187
48;1047;358;182;176
48;960;344;187;157
48;873;381;202;179
48;786;426;205;221
48;699;454;231;223
48;612;416;219;197
48;525;469;248;221
48;438;439;223;216
48;351;474;229;245
48;264;479;264;215
48;177;507;256;251
48;90;552;276;276
48;3;571;297;274
48;1483;347;183;164
48;1396;392;209;183
48;1309;359;192;167
48;1222;379;193;186
48;1135;348;180;168
48;1048;330;182;148
48;961;378;202;176
48;874;389;187;202
48;787;436;219;217
48;700;397;213;184
48;613;468;247;221
48;526;439;221;218
48;439;465;225;240
48;352;471;262;209
48;265;509;256;253
48;178;545;270;275
48;91;570;301;269
48;4;618;287;331
48;1484;393;208;185
48;1397;349;190;159
48;1310;383;199;184
48;1223;352;177;175
48;1136;321;181;140
48;1049;370;197;173
48;962;379;184;195
48;875;418;210;208
48;788;397;214;183
48;701;461;246;215
48;614;433;219;214
48;527;455;223;232
48;440;460;255;205
48;353;503;252;251
48;266;547;271;276
48;179;570;302;268
48;92;608;286;322
48;5;646;339;307
48;1485;345;185;160
48;1398;379;199;180
48;1311;354;179;175
48;1224;319;181;138
48;1137;373;196;177
48;1050;376;185;191
48;963;405;201;204
48;876;371;192;179
48;789;447;237;210
48;702;424;213;211
48;615;448;216;232
48;528;457;252;205
48;441;500;250;250
48;354;540;269;271
48;267;567;298;269
48;180;614;287;327
48;93;641;335;306
48;6;651;322;329
48;1486;375;195;180
48;1399;352;176;176
48;1312;319;179;140
48;1225;374;196;178
48;1138;368;177;191
48;1051;396;200;196
48;964;363;184;179
48;877;432;228;204
48;790;419;213;206
48;703;445;217;228
48;616;448;248;200
48;529;494;245;249
48;442;531;265;266
48;355;569;297;272
48;268;610;286;324
48;181;642;337;305
48;94;649;322;327
48;7;619;326;293
48;1487;353;175;178
48;1400;315;173;142
48;1313;376;200;176
48;1226;364;177;187
48;1139;398;198;200
48;1052;360;182;178
48;965;415;218;197
48;878;420;219;201
48;791;434;211;223
48;704;445;246;199
48;617;488;246;242
48;530;522;258;264
48;443;563;292;271
48;356;603;285;318
48;269;637;338;299
48;182;645;321;324
48;95;616;321;295
48;8;740;377;363
48;1488;320;178;142
48;1401;372;196;176
48;1314;361;176;185
48;1227;387;191;196
48;1140;357;180;177
48;1053;411;218;193
48;966;414;214;200
48;879;424;207;217
48;792;441;244;197
48;705;479;240;239
48;618;520;262;258
48;531;555;284;271
48;444;598;280;318
48;357;631;335;296
48;270;644;320;324
48;183;617;319;298
48;96;739;375;364
48;9;871;447;424
48;1489;368;197;171
48;1402;357;175;182
48;1315;380;188;192
48;1228;354;176;178
48;1141;400;213;187
48;1054;414;215;199
48;967;425;204;221
48;880;441;233;208
48;793;473;237;236
48;706;505;251;254
48;619;551;283;268
48;532;586;279;307
48;445;626;334;292
48;358;641;318;323
48;271;611;316;295
48;184;741;376;365
48;97;867;441;426
48;10;862;416;446
48;1490;354;170;184
48;1403;379;188;191
48;1316;353;177;176
48;1229;394;208;186
48;1142;411;217;194
48;1055;423;203;220
48;968;437;230;207
48;881;466;239;227
48;794;505;250;255
48;707;545;280;265
48;620;589;280;309
48;533;620;325;295
48;446;634;317;317
48;359;609;314;295
48;272;745;379;366
48;185;864;440;424
48;98;856;414;442
48;11;861;427;434
48;1491;378;186;192
48;1404;343;170;173
48;1317;388;206;182
48;1230;401;210;191
48;1143;415;201;214
48;1056;437;232;205
48;969;459;237;222
48;882;505;251;254
48;795;534;273;261
48;708;582;276;306
48;621;621;325;296
48;534;623;310;313
48;447;604;310;294
48;360;737;370;367
48;273;863;438;425
48;186;848;409;439
48;99;854;421;433
48;12;854;451;403
48;1492;341;167;174
48;1405;382;203;179
48;1318;396;205;191
48;1231;407;198;209
48;1144;431;229;202
48;1057;457;240;217
48;970;498;246;252
48;883;520;267;253
48;796;578;272;306
48;709;620;323;297
48;622;623;311;312
48;535;598;308;290
48;448;734;368;366
48;361;853;430;423
48;274;839;409;430
48;187;842;415;427
48;100;842;445;397
48;13;909;489;420
48;1493;380;200;180
48;1406;390;200;190
48;1319;401;193;208
48;1232;428;229;199
48;1145;455;240;215
48;1058;498;244;254
48;971;518;265;253
48;884;573;271;302
48;797;622;324;298
48;710;611;308;303
48;623;597;305;292
48;536;727;361;366
48;449;835;418;417
48;362;830;402;428
48;275;838;414;424
48;188;821;435;386
48;101;893;478;415
48;14;873;469;404
48;1494;383;199;184
48;1407;396;189;207
48;1320;425;227;198
48;1233;444;236;208
48;1146;490;240;250
48;1059;513;262;251
48;972;563;266;297
48;885;608;317;291
48;798;606;305;301
48;711;595;303;292
48;624;726;358;368
48;537;824;411;413
48;450;810;392;418
48;363;825;406;419
48;276;810;432;378
48;189;879;466;413
48;102;866;464;402
48;15;913;493;420
48;1495;388;183;205
48;1408;416;224;192
48;1321;442;237;205
48;1234;485;236;249
48;1147;515;265;250
48;1060;562;266;296
48;973;602;315;287
48;886;603;312;291
48;799;586;296;290
48;712;728;359;369
48;625;818;408;410
48;538;809;389;420
48;451;803;396;407
48;364;793;421;372
48;277;863;457;406
48;190;841;452;389
48;103;904;487;417
48;16;911;436;475
48;1496;416;223;193
48;1409;436;233;203
48;1322;479;236;243
48;1235;510;261;249
48;1148;549;259;290
48;1061;602;315;287
48;974;602;311;291
48;887;571;297;274
48;800;722;356;366
48;713;803;400;403
48;626;797;380;417
48;539;786;388;398
48;452;767;407;360
48;365;847;448;399
48;278;828;445;383
48;191;887;479;408
48;104;900;431;469
48;17;889;456;433
48;1497;425;224;201
48;1410;475;233;242
48;1323;504;260;244
48;1236;543;257;286
48;1149;602;317;285
48;1062;591;307;284
48;975;559;293;266
48;888;705;340;365
48;801;789;392;397
48;714;782;373;409
48;627;778;389;389
48;540;752;400;352
48;453;823;434;389
48;366;812;436;376
48;279;871;472;399
48;192;883;423;460
48;105;879;451;428
48;18;886;477;409
48;1498;467;228;239
48;1411;492;252;240
48;1324;532;256;276
48;1237;595;315;280
48;1150;574;301;273
48;1063;544;289;255
48;976;695;336;359
48;889;749;378;371
48;802;773;368;405
48;715;770;385;385
48;628;736;394;342
48;541;808;423;385
48;454;778;417;361
48;367;852;464;388
48;280;862;413;449
48;193;869;448;421
48;106;869;470;399
48;19;722;394;328
48;1499;461;243;218
48;1412;499;239;260
48;1325;573;308;265
48;1238;568;300;268
48;1151;516;279;237
48;1064;655;322;333
48;977;721;364;357
48;890;675;340;335
48;803;754;379;375
48;716;726;393;333
48;629;791;415;376
48;542;764;409;355
48;455;809;434;375
48;368;843;402;441
48;281;858;444;414
48;194;858;463;395
48;107;701;383;318
48;20;649;348;301
48;1500;476;227;249
48;1413;558;299;259
48;1326;555;296;259
48;1239;511;280;231
48;1152;636;305;331
48;1065;699;354;345
48;978;657;330;327
48;891;588;306;282
48;804;708;381;327
48;717;787;410;377
48;630;751;405;346
48;543;792;417;375
48;456;807;381;426
48;369;838;434;404
48;282;847;459;388
48;195;693;383;310
48;108;635;340;295
48;21;627;358;269
48;1501;524;280;244
48;1414;531;282;249
48;1327;495;265;230
48;1240;631;301;330
48;1153;683;346;337
48;1066;632;317;315
48;979;565;290;275
48;892;569;312;257
48;805;757;393;364
48;718;736;400;336
48;631;773;411;362
48;544;774;362;412
48;457;780;403;377
48;370;816;442;374
48;283;669;371;298
48;196;632;338;294
48;109;621;352;269
48;22;573;324;249
48;1502;507;270;237
48;1415;470;253;217
48;1328;621;293;328
48;1241;652;335;317
48;1154;618;325;293
48;1067;535;280;255
48;980;538;296;242
48;893;575;304;271
48;806;706;380;326
48;719;752;399;353
48;632;753;350;403
48;545;746;386;360
48;458;770;417;353
48;371;643;359;284
48;284;609;323;286
48;197;621;350;271
48;110;583;329;254
48;23;578;314;264
48;1503;438;237;201
48;1416;588;281;307
48;1329;612;320;292
48;1242;584;315;269
48;1155;507;272;235
48;1068;510;291;219
48;981;527;276;251
48;894;553;314;239
48;807;703;379;324
48;720;719;337;382
48;633;713;371;342
48;546;737;400;337
48;459;605;334;271
48;372;583;310;273
48;285;599;337;262
48;198;576;324;252
48;111;572;310;262
48;24;632;354;278
48;1504;549;258;291
48;1417;567;306;261
48;1330;547;293;254
48;1243;483;261;222
48;1156;476;276;200
48;1069;498;269;229
48;982;517;300;217
48;895;531;309;222
48;808;690;325;365
48;721;672;354;318
48;634;713;389;324
48;547;588;323;265
48;460;544;294;250
48;373;562;317;245
48;286;559;317;242
48;199;563;302;261
48;112;616;343;273
48;25;590;302;288
48;1505;520;281;239
48;1418;502;268;234
48;1331;443;246;197
48;1244;457;266;191
48;1157;472;262;210
48;1070;501;288;213
48;983;470;283;187
48;896;463;241;222
48;809;632;333;299
48;722;661;369;292
48;635;564;315;249
48;548;526;278;248
48;461;524;291;233
48;374;507;293;214
48;287;548;292;256
48;200;618;345;273
48;113;581;297;284
48;26;575;283;292
48;1506;441;239;202
48;1419;392;218;174
48;1332;423;252;171
48;1245;445;254;191
48;1158;470;272;198
48;1071;436;267;169
48;984;404;214;190
48;897;443;245;198
48;810;607;344;263
48;723;522;291;231
48;636;503;268;235
48;549;493;274;219
48;462;467;267;200
48;375;524;277;247
48;288;594;328;266
48;201;569;296;273
48;114;562;274;288
48;27;613;308;305
48;1507;339;192;147
48;1420;354;213;141
48;1333;406;234;172
48;1246;431;251;180
48;1159;405;249;156
48;1072;368;202;166
48;985;407;225;182
48;898;427;234;193
48;811;478;268;210
48;724;467;258;209
48;637;470;262;208
48;550;451;263;188
48;463;488;254;234
48;376;570;309;261
48;289;552;284;268
48;202;551;264;287
48;115;599;296;303
48;28;594;308;286
48;1508;326;200;126
48;1421;367;222;145
48;1334;419;241;178
48;1247;388;236;152
48;1160;341;195;146
48;1073;378;208;170
48;986;388;212;176
48;899;387;216;171
48;812;426;239;187
48;725;438;246;192
48;638;422;242;180
48;551;472;247;225
48;464;548;296;252
48;377;532;272;260
48;290;528;249;279
48;203;588;291;297
48;116;582;297;285
48;29;705;342;363
48;1509;328;203;125
48;1422;383;228;155
48;1335;363;212;151
48;1248;320;191;129
48;1161;353;189;164
48;1074;354;191;163
48;987;345;193;152
48;900;371;203;168
48;813;406;232;174
48;726;400;234;166
48;639;449;235;214
48;552;525;282;243
48;465;518;263;255
48;378;506;236;270
48;291;575;279;296
48;204;574;298;276
48;117;694;333;361
48;30;764;405;359
48;1510;352;209;143
48;1423;325;186;139
48;1336;309;183;126
48;1249;321;171;150
48;1162;353;186;167
48;1075;327;185;142
48;988;349;189;160
48;901;404;208;196
48;814;372;215;157
48;727;430;226;204
48;640;510;272;238
48;553;500;256;244
48;466;495;231;264
48;379;548;265;283
48;292;564;291;273
48;205;682;327;355
48;118;746;397;349
48;31;745;401;344
48;1511;316;181;135
48;1424;278;159;119
48;1337;317;163;154
48;1250;347;181;166
48;1163;314;175;139
48;1076;336;183;153
48;989;379;195;184
48;902;374;197;177
48;815;400;208;192
48;728;493;269;224
48;641;488;244;244
48;554;481;223;258
48;467;535;263;272
48;380;550;280;270
48;293;666;315;351
48;206;728;387;341
48;119;730;394;336
48;32;702;334;368
48;1512;252;146;106
48;1425;287;146;141
48;1338;328;168;160
48;1251;305;168;137
48;1164;326;177;149
48;1077;367;189;178
48;990;352;188;164
48;903;370;183;187
48;816;473;259;214
48;729;462;230;232
48;642;471;217;254
48;555;530;262;268
48;468;537;271;266
48;381;654;308;346
48;294;720;386;334
48;207;731;393;338
48;120;687;325;362
48;33;765;388;377
48;1513;261;132;129
48;1426;304;155;149
48;1339;302;169;133
48;1252;315;171;144
48;1165;343;172;171
48;1078;351;187;164
48;991;348;171;177
48;904;434;223;211
48;817;446;224;222
48;730;453;207;246
48;643;520;255;265
48;556;521;264;257
48;469;634;295;339
48;382;707;376;331
48;295;723;391;332
48;208;679;322;357
48;121;761;385;376
48;34;736;367;369
48;1514;290;144;146
48;1427;288;157;131
48;1340;300;165;135
48;1253;332;167;165
48;1166;334;181;153
48;1079;343;170;173
48;992;417;209;208
48;905;445;207;238
48;818;433;196;237
48;731;509;247;262
48;644;521;264;257
48;557;623;289;334
48;470;681;356;325
48;383;710;382;328
48;296;670;316;354
48;209;752;379;373
48;122;728;364;364
48;35;780;398;382
48;1515;290;159;131
48;1428;277;152;125
48;1341;314;155;159
48;1254;328;179;149
48;1167;338;166;172
48;1080;406;201;205
48;993;424;197;227
48;906;445;203;242
48;819;487;235;252
48;732;507;257;250
48;645;619;283;336
48;558;671;352;319
48;471;690;372;318
48;384;655;311;344
48;297;747;377;370
48;210;725;364;361
48;123;770;392;378
48;36;720;356;364
48;1516;269;150;119
48;1429;298;141;157
48;1342;314;169;145
48;1255;333;165;168
48;1168;404;192;212
48;1081;411;191;220
48;994;435;197;238
48;907;531;251;280
48;820;489;246;243
48;733;591;275;316
48;646;673;358;315
48;559;682;364;318
48;472;639;299;340
48;385;730;371;359
48;298;714;357;357
48;211;752;384;368
48;124;709;351;358
48;37;775;399;376
48;1517;297;141;156
48;1430;297;156;141
48;1343;321;153;168
48;1256;389;178;211
48;1169;395;179;216
48;1082;428;191;237
48;995;523;250;273
48;908;485;239;246
48;821;573;263;310
48;734;658;349;309
48;647;672;355;317
48;560;630;293;337
48;473;715;359;356
48;386;703;350;353
48;299;745;379;366
48;212;694;343;351
48;125;761;393;368
48;38;795;398;397
48;1518;305;160;145
48;1431;315;147;168
48;1344;372;164;208
48;1257;386;171;215
48;1170;414;182;232
48;1083;510;244;266
48;996;470;236;234
48;909;587;283;304
48;822;638;335;303
48;735;660;349;311
48;648;623;288;335
48;561;703;350;353
48;474;692;339;353
48;387;730;370;360
48;300;682;338;344
48;213;742;386;356
48;126;783;389;394
48;39;777;382;395
48;1519;316;149;167
48;1432;359;155;204
48;1345;379;165;214
48;1258;409;180;229
48;1171;505;240;265
48;1084;462;230;232
48;997;567;266;301
48;910;637;321;316
48;823;645;338;307
48;736;618;288;330
48;649;690;345;345
48;562;681;337;344
48;475;712;354;358
48;388;670;333;337
48;301;740;386;354
48;214;775;385;390
48;127;762;373;389
48;40;825;430;395
48;1520;355;156;199
48;1433;372;164;208
48;1346;394;169;225
48;1259;497;231;266
48;1172;453;229;224
48;1085;565;265;300
48;998;631;317;314
48;911;656;347;309
48;824;609;277;332
48;737;676;339;337
48;650;666;333;333
48;563;696;342;354
48;476;650;322;328
48;389;731;380;351
48;302;763;379;384
48;215;752;366;386
48;128;807;417;390
48;41;798;385;413
48;1521;360;162;198
48;1434;385;164;221
48;1347;492;228;264
48;1260;452;230;222
48;1173;556;261;295
48;1086;626;315;311
48;999;639;335;304
48;912;636;289;347
48;825;658;329;329
48;738;655;327;328
48;651;683;333;350
48;564;635;313;322
48;477;721;373;348
48;390;752;374;378
48;303;742;362;380
48;216;806;417;389
48;129;785;378;407
48;42;757;392;365
48;1522;375;160;215
48;1435;482;221;261
48;1348;441;224;217
48;1261;549;257;292
48;1174;617;309;308
48;1087;625;328;297
48;1000;620;280;340
48;913;671;346;325
48;826;649;320;329
48;739;680;332;348
48;652;629;311;318
48;565;705;363;342
48;478;731;363;368
48;391;729;352;377
48;304;791;410;381
48;217;776;374;402
48;130;751;388;363
48;43;788;421;367
48;1523;481;229;252
48;1436;435;219;216
48;1349;538;254;284
48;1262;608;299;309
48;1175;613;321;292
48;1088;618;283;335
48;1001;655;337;318
48;914;643;319;324
48;827;672;326;346
48;740;612;303;309
48;653;694;358;336
48;566;716;353;363
48;479;715;339;376
48;392;779;400;379
48;305;768;373;395
48;218;750;389;361
48;131;784;422;362
48;44;743;362;381
48;1524;435;221;214
48;1437;529;245;284
48;1350;598;295;303
48;1263;614;322;292
48;1176;611;279;332
48;1089;633;320;313
48;1002;624;310;314
48;915;672;338;334
48;828;603;298;305
48;741;686;355;331
48;654;703;347;356
48;567;701;332;369
48;480;765;390;375
48;393;758;368;390
48;306;743;382;361
48;219;773;416;357
48;132;730;357;373
48;45;634;321;313
48;1525;523;241;282
48;1438;581;286;295
48;1351;604;319;285
48;1264;605;281;324
48;1177;625;314;311
48;1090;609;301;308
48;1003;655;327;328
48;916;626;309;317
48;829;668;344;324
48;742;699;344;355
48;655;694;326;368
48;568;751;383;368
48;481;742;358;384
48;394;734;381;353
48;307;771;414;357
48;220;724;355;369
48;133;622;313;309
48;46;631;320;311
48;1526;569;282;287
48;1439;603;319;284
48;1352;599;277;322
48;1265;623;310;313
48;1178;596;295;301
48;1091;646;321;325
48;1004;618;306;312
48;917;689;354;335
48;830;686;332;354
48;743;681;321;360
48;656;748;380;368
48;569;732;350;382
48;482;720;368;352
48;395;764;409;355
48;308;714;349;365
48;221;614;304;310
48;134;622;316;306
48;47;657;331;326
48;1527;602;326;276
48;1440;591;268;323
48;1353;620;312;308
48;1266;601;299;302
48;1179;641;318;323
48;1092;611;298;313
48;1005;679;348;331
48;918;686;333;353
48;831;675;315;360
48;744;734;369;365
48;657;731;350;381
48;570;708;360;348
48;483;748;397;351
48;396;708;346;362
48;309;607;297;310
48;222;608;308;300
48;135;649;326;323
48;48;538;267;271
48;1528;577;263;314
48;1441;611;309;302
48;1354;590;296;294
48;1267;637;317;320
48;1180;600;292;308
48;1093;674;348;326
48;1006;671;325;346
48;919;687;328;359
48;832;720;357;363
48;745;712;335;377
48;658;700;355;345
48;571;729;384;345
48;484;703;342;361
48;397;600;294;306
48;310;602;307;295
48;223;640;321;319
48;136;522;259;263
48;49;561;258;303
48;1529;609;312;297
48;1442;583;292;291
48;1355;635;313;322
48;1268;597;288;309
48;1181;671;347;324
48;1094;667;319;348
48;1007;682;327;355
48;920;735;368;367
48;833;702;328;374
48;746;682;341;341
48;659;725;379;346
48;572;688;332;356
48;485;585;285;300
48;398;594;302;292
48;311;632;316;316
48;224;511;251;260
48;137;552;253;299
48;50;575;289;286
48;1530;574;288;286
48;1443;624;307;317
48;1356;596;285;311
48;1269;666;344;322
48;1182;660;316;344
48;1095;677;325;352
48;1008;724;358;366
48;921;674;318;356
48;834;677;335;342
48;747;711;372;339
48;660;671;324;347
48;573;568;271;297
48;486;579;291;288
48;399;623;309;314
48;312;505;249;256
48;225;545;248;297
48;138;574;287;287
48;51;594;274;320
48;1531;616;306;310
48;1444;583;278;305
48;1357;660;340;320
48;1270;665;320;345
48;1183;670;321;349
48;1096;716;355;361
48;1009;656;308;348
48;922;689;346;343
48;835;697;363;334
48;748;665;320;345
48;661;560;261;299
48;574;570;285;285
48;487;610;299;311
48;400;499;243;256
48;313;535;243;292
48;226;565;282;283
48;139;577;264;313
48;52;536;256;280
48;1532;580;279;301
48;1445;645;333;312
48;1358;653;311;342
48;1271;670;322;348
48;1184;710;347;363
48;1097;651;306;345
48;1010;689;344;345
48;923;709;365;344
48;836;649;315;334
48;749;547;253;294
48;662;558;278;280
48;575;593;285;308
48;488;492;240;252
48;401;517;234;283
48;314;556;274;282
48;227;572;258;314
48;140;533;256;277
48;53;511;257;254
48;1533;642;331;311
48;1446;637;305;332
48;1359;657;313;344
48;1272;702;344;358
48;1185;637;295;342
48;1098;683;342;341
48;1011;707;364;343
48;924;635;307;328
48;837;534;245;289
48;750;550;275;275
48;663;580;275;305
48;576;483;235;248
48;489;503;223;280
48;402;545;267;278
48;315;562;252;310
48;228;528;254;274
48;141;505;254;251
48;54;522;262;260
48;1534;630;304;326
48;1447;636;297;339
48;1360;699;339;360
48;1273;630;289;341
48;1186;669;336;333
48;1099;695;356;339
48;1012;623;300;323
48;925;560;270;290
48;838;541;268;273
48;751;563;268;295
48;664;472;229;243
48;577;499;221;278
48;490;537;261;276
48;403;552;244;308
48;316;531;257;274
48;229;494;246;248
48;142;513;257;256
48;55;501;223;278
48;1535;626;294;332
48;1448;684;328;356
48;1361;622;284;338
48;1274;660;328;332
48;1187;687;351;336
48;1100;616;295;321
48;1013;556;268;288
48;926;542;266;276
48;839;552;259;293
48;752;460;225;235
48;665;487;213;274
48;578;525;257;268
48;491;543;240;303
48;404;527;252;275
48;317;487;243;244
48;230;507;255;252
48;143;491;220;271
48;56;573;254;319
48;1536;676;328;348
48;1449;618;281;337
48;1362;656;323;333
48;1275;680;345;335
48;1188;607;288;319
48;1101;548;268;280
48;1014;530;259;271
48;927;569;269;300
48;840;457;225;232
48;753;480;211;269
48;666;512;248;264
48;579;534;231;303
48;492;514;242;272
48;405;479;241;238
48;318;491;247;244
48;231;484;213;271
48;144;554;241;313
48;57;491;239;252
48;1537;610;283;327
48;1450;645;316;329
48;1363;672;338;334
48;1276;604;285;319
48;1189;541;263;278
48;1102;525;257;268
48;1015;555;259;296
48;928;467;229;238
48;841;474;205;269
48;754;503;242;261
48;667;522;224;298
48;580;509;238;271
48;493;466;232;234
48;406;482;238;244
48;319;479;212;267
48;232;550;238;312
48;145;481;234;247
48;58;593;268;325
48;1538;629;310;319
48;1451;651;325;326
48;1364;595;278;317
48;1277;524;248;276
48;1190;506;246;260
48;1103;549;252;297
48;1016;465;228;237
48;929;483;208;275
48;842;491;234;257
48;755;513;218;295
48;668;493;226;267
48;581;460;226;234
48;494;474;231;243
48;407;473;210;263
48;320;543;235;308
48;233;475;230;245
48;146;579;258;321
48;59;657;297;360
48;1539;646;325;321
48;1452;589;278;311
48;1365;515;240;275
48;1278;497;240;257
48;1191;531;239;292
48;1104;456;224;232
48;1017;476;205;271
48;930;494;235;259
48;843;501;210;291
48;756;485;222;263
48;669;451;218;233
48;582;463;225;238
48;495;466;208;258
48;408;530;232;298
48;321;467;224;243
48;234;565;250;315
48;147;641;286;355
48;60;628;294;334
48;1540;581;269;312
48;1453;508;236;272
48;1366;497;241;256
48;1279;525;235;290
48;1192;449;219;230
48;1105;472;202;270
48;1018;480;226;254
48;931;497;205;292
48;844;475;216;259
48;757;438;213;225
48;670;448;215;233
48;583;446;194;252
48;496;517;223;294
48;409;454;215;239
48;322;556;245;311
48;235;628;278;350
48;148;613;282;331
48;61;549;252;297
48;1541;505;234;271
48;1454;484;233;251
48;1367;513;226;287
48;1280;434;208;226
48;1193;467;199;268
48;1106;472;220;252
48;1019;482;194;288
48;932;463;207;256
48;845;423;202;221
48;758;440;209;231
48;671;437;190;247
48;584;505;215;290
48;497;440;206;234
48;410;537;231;306
48;323;610;266;344
48;236;603;272;331
48;149;540;246;294
48;62;569;231;338
48;1542;477;227;250
48;1455;503;217;286
48;1368;426;204;222
48;1281;457;193;264
48;1194;458;212;246
48;1107;475;188;287
48;1020;460;200;260
48;933;431;202;229
48;846;426;197;229
48;759;423;179;244
48;672;497;212;285
48;585;430;200;230
48;498;526;221;305
48;411;596;256;340
48;324;592;268;324
48;237;536;243;293
48;150;556;221;335
48;63;601;261;340
48;1543;493;210;283
48;1456;420;198;222
48;1369;443;181;262
48;1282;458;210;248
48;1195;461;177;284
48;1108;445;186;259
48;1021;423;197;226
48;934;421;192;229
48;847;418;179;239
48;760;484;204;280
48;673;411;184;227
48;586;508;212;296
48;499;581;245;336
48;412;575;255;320
48;325;526;237;289
48;238;550;218;332
48;151;597;256;341
48;64;550;242;308
48;1544;420;195;225
48;1457;433;174;259
48;1370;449;200;249
48;1283;451;174;277
48;1196;433;181;252
48;1109;418;192;226
48;1022;415;189;226
48;935;416;173;243
48;848;470;192;278
48;761;397;177;220
48;674;495;205;290
48;587;565;232;333
48;500;560;245;315
48;413;510;227;283
48;326;545;211;334
48;239;590;252;338
48;152;545;235;310
48;65;626;245;381
48;1545;427;171;256
48;1458;443;196;247
48;1371;437;169;268
48;1284;423;174;249
48;1197;402;183;219
48;1110;404;180;224
48;1023;416;172;244
48;936;463;183;280
48;849;387;170;217
48;762;471;188;283
48;675;554;226;328
48;588;540;233;307
48;501;500;216;284
48;414;527;198;329
48;327;582;244;338
48;240;538;230;308
48;153;607;235;372
48;66;532;201;331
48;1546;433;187;246
48;1459;426;161;265
48;1372;416;169;247
48;1285;393;175;218
48;1198;395;174;221
48;1111;399;160;239
48;1024;452;177;275
48;937;382;159;223
48;850;461;182;279
48;763;539;220;319
48;676;520;219;301
48;589;476;198;278
48;502;521;194;327
48;415;570;239;331
48;328;521;218;303
48;241;600;228;372
48;154;528;199;329
48;67;572;218;354
48;1547;411;153;258
48;1460;406;163;243
48;1373;379;166;213
48;1286;386;167;219
48;1199;382;149;233
48;1112;438;167;271
48;1025;374;152;222
48;938;453;179;274
48;851;528;212;316
48;764;504;206;298
48;677;449;180;269
48;590;497;182;315
48;503;550;226;324
48;416;502;208;294
48;329;597;222;375
48;242;517;192;325
48;155;559;211;348
48;68;536;213;323
48;1548;402;161;241
48;1461;370;159;211
48;1374;383;165;218
48;1287;374;143;231
48;1200;430;162;268
48;1113;367;149;218
48;1026;439;170;269
48;939;517;200;317
48;852;489;193;296
48;765;440;173;267
48;678;479;172;307
48;591;534;214;320
48;504;483;195;288
48;417;576;208;368
48;330;508;186;322
48;243;541;194;347
48;156;525;206;319
48;69;516;192;324
48;1549;358;149;209
48;1462;370;156;214
48;1375;357;134;223
48;1288;415;155;260
48;1201;355;139;216
48;1114;424;160;264
48;1027;504;192;312
48;940;477;184;293
48;853;422;161;261
48;766;457;166;291
48;679;513;203;310
48;592;466;186;280
48;505;565;200;365
48;418;496;180;316
48;331;527;192;335
48;244;507;194;313
48;157;498;180;318
48;70;490;182;308
48;1550;356;147;209
48;1463;349;128;221
48;1376;403;151;252
48;1289;350;133;217
48;1202;418;158;260
48;1115;485;180;305
48;1028;462;174;288
48;941;420;162;258
48;854;439;155;284
48;767;494;188;306
48;680;442;170;272
48;593;533;183;350
48;506;483;175;308
48;419;509;177;332
48;332;493;185;308
48;245;482;170;312
48;158;489;181;308
48;71;507;202;305
48;1551;335;118;217
48;1464;394;145;249
48;1377;336;126;210
48;1290;409;152;257
48;1203;466;170;296
48;1116;450;169;281
48;1029;403;154;249
48;942;421;135;286
48;855;478;175;303
48;768;421;154;267
48;681;518;176;342
48;594;476;173;303
48;507;490;170;320
48;420;469;170;299
48;333;471;161;310
48;246;477;178;299
48;159;498;195;303
48;72;471;176;295
48;1552;381;138;243
48;1465;321;117;204
48;1378;398;145;253
48;1291;453;163;290
48;1204;424;157;267
48;1117;392;149;243
48;1030;403;129;274
48;943;463;169;294
48;856;402;145;257
48;769;506;171;335
48;682;458;167;291
48;595;465;157;308
48;508;450;161;289
48;421;451;153;298
48;334;461;167;294
48;247;480;181;299
48;160;458;169;289
48;73;507;163;344
48;1553;306;112;194
48;1466;375;132;243
48;1379;434;150;284
48;1292;408;147;261
48;1205;380;142;238
48;1118;387;122;265
48;1031;442;156;286
48;944;393;142;251
48;857;490;164;326
48;770;442;160;282
48;683;438;144;294
48;596;424;142;282
48;509;433;145;288
48;422;441;158;283
48;335;468;173;295
48;248;437;154;283
48;161;493;159;334
48;74;453;170;283
48;1554;357;120;237
48;1467;417;140;277
48;1380;401;142;259
48;1293;361;132;229
48;1206;366;109;257
48;1119;427;150;277
48;1032;377;133;244
48;945;467;147;320
48;858;428;155;273
48;771;424;136;288
48;684;402;136;266
48;597;410;131;279
48;510;424;150;274
48;423;445;162;283
48;336;416;144;272
48;249;483;156;327
48;162;432;162;270
48;75;381;109;272
48;1555;395;126;269
48;1468;381;134;247
48;1381;352;128;224
48;1294;355;104;251
48;1207;406;138;268
48;1120;356;125;231
48;1033;438;134;304
48;946;399;138;261
48;859;402;130;272
48;772;381;125;256
48;685;388;122;266
48;598;392;134;258
48;511;419;148;271
48;424;406;141;265
48;337;462;146;316
48;250;408;147;261
48;163;378;109;269
48;76;380;110;270
48;1556;357;123;234
48;1469;330;116;214
48;1382;338;94;244
48;1295;387;128;259
48;1208;341;115;226
48;1121;411;120;291
48;1034;375;128;247
48;947;380;119;261
48;860;368;121;247
48;773;366;114;252
48;686;373;124;249
48;599;401;140;261
48;512;389;131;258
48;425;435;138;297
48;338;383;134;249
48;251;355;99;256
48;164;363;103;260
48;77;395;133;262
48;1557;319;111;208
48;1470;314;87;227
48;1383;366;116;250
48;1296;327;106;221
48;1209;385;104;281
48;1122;356;119;237
48;1035;362;113;249
48;948;358;114;244
48;861;356;106;250
48;774;361;116;245
48;687;381;131;250
48;600;361;118;243
48;513;416;124;292
48;426;354;119;235
48;339;344;97;247
48;252;348;96;252
48;165;377;126;251
48;78;323;80;243
48;1558;296;77;219
48;1471;347;107;240
48;1384;311;96;215
48;1297;366;94;272
48;1210;340;108;232
48;1123;337;101;236
48;1036;343;103;240
48;949;324;94;230
48;862;344;111;233
48;775;364;117;247
48;688;330;101;229
48;601;386;113;273
48;514;323;103;220
48;427;322;92;230
48;340;336;90;246
48;253;346;114;232
48;166;319;76;243
48;79;311;99;212
48;1559;332;102;230
48;1472;293;83;210
48;1385;343;88;255
48;1298;311;93;218
48;1211;317;90;227
48;1124;318;86;232
48;1037;303;86;217
48;950;327;106;221
48;863;330;100;230
48;776;309;92;217
48;689;354;100;254
48;602;299;93;206
48;515;304;87;217
48;428;313;85;228
48;341;329;108;221
48;254;300;68;232
48;167;293;91;202
48;80;246;60;186
48;1560;274;76;198
48;1473;324;80;244
48;1386;293;81;212
48;1299;299;87;212
48;1212;301;76;225
48;1125;269;74;195
48;1038;304;100;204
48;951;312;96;216
48;864;286;81;205
48;777;326;94;232
48;690;279;82;197
48;603;278;78;200
48;516;292;75;217
48;429;302;96;206
48;342;281;63;218
48;255;278;79;199
48;168;234;60;174
48;81;234;68;166
48;1561;302;71;231
48;1474;270;74;196
48;1387;267;71;196
48;1300;278;69;209
48;1213;241;63;178
48;1126;279;90;189
48;1039;288;84;204
48;952;262;76;186
48;865;299;83;216
48;778;262;74;188
48;691;255;72;183
48;604;265;68;197
48;517;272;84;188
48;430;254;53;201
48;343;265;72;193
48;256;213;52;161
48;169;219;63;156
48;82;165;46;119
48;1562;254;68;186
48;1475;247;65;182
48;1388;253;59;194
48;1301;226;60;166
48;1214;253;82;171
48;1127;258;74;184
48;1040;243;68;175
48;953;265;73;192
48;866;228;61;167
48;779;233;62;171
48;692;238;57;181
48;605;247;74;173
48;518;239;53;186
48;431;244;66;178
48;344;198;46;152
48;257;192;51;141
48;170;155;47;108
48;83;130;26;104
48;1563;228;57;171
48;1476;236;54;182
48;1389;211;55;156
48;1302;229;72;157
48;1215;237;66;171
48;1128;221;62;159
48;1041;242;64;178
48;954;197;52;145
48;867;203;50;153
48;780;218;50;168
48;693;222;67;155
48;606;213;43;170
48;519;213;55;158
48;432;179;38;141
48;345;172;43;129
48;258;140;42;98
48;171;125;24;101
48;84;113;37;76
48;1564;218;49;169
48;1477;198;53;145
48;1390;208;63;145
48;1303;213;53;160
48;1216;197;52;145
48;1129;217;60;157
48;1042;173;41;132
48;955;175;38;137
48;868;194;45;149
48;781;204;63;141
48;694;191;39;152
48;607;202;53;149
48;520;162;31;131
48;433;149;34;115
48;346;122;31;91
48;259;111;22;89
48;172;101;29;72
48;85;105;26;79
48;1565;928;235;693
48;1478;921;231;690
48;1391;903;214;689
48;1304;880;200;680
48;1217;844;189;655
48;1130;819;173;646
48;1043;819;170;649
48;956;804;173;631
48;869;768;178;590
48;782;724;162;562
48;695;684;161;523
48;608;612;129;483
48;521;598;135;463
48;434;576;130;446
48;347;612;145;467
48;260;627;165;462
48;173;653;171;482
48;86;667;173;494
48;1566;36170;16916;19254
48;1479;37112;17290;19822
48;1392;38253;17895;20358
48;1305;39043;18284;20759
48;1218;39689;18583;21106
48;1131;40567;18990;21577
48;1044;41489;19367;22122
48;957;42606;19927;22679
48;870;44518;20840;23678
48;783;45668;21452;24216
48;696;46681;21904;24777
48;609;47500;22296;25204
48;522;48474;22837;25637
48;435;49668;23531;26137
48;348;50638;24014;26624
48;261;51212;24309;26903
48;174;51711;24583;27128
48;87;52203;24828;27375
49;1480;263;117;146
49;1393;288;147;141
49;1306;322;170;152
49;1219;354;165;189
49;1132;313;152;161
49;1045;336;161;175
49;958;324;152;172
49;871;273;142;131
49;784;334;162;172
49;697;364;194;170
49;610;354;186;168
49;523;369;182;187
49;436;368;194;174
49;349;420;222;198
49;262;411;209;202
49;175;376;199;177
49;88;449;237;212
49;1;458;227;231
49;1481;276;146;130
49;1394;308;163;145
49;1307;348;166;182
49;1220;312;156;156
49;1133;327;155;172
49;1046;318;148;170
49;959;269;142;127
49;872;291;144;147
49;785;353;190;163
49;698;347;182;165
49;611;361;179;182
49;524;366;195;171
49;437;416;221;195
49;350;405;206;199
49;263;378;201;177
49;176;445;232;213
49;89;453;226;227
49;2;472;230;242
49;1482;309;165;144
49;1395;336;161;175
49;1308;314;158;156
49;1221;310;144;166
49;1134;314;148;166
49;1047;265;140;125
49;960;282;137;145
49;873;307;162;145
49;786;338;179;159
49;699;357;179;178
49;612;357;190;167
49;525;410;215;195
49;438;400;205;195
49;351;379;202;177
49;264;442;231;211
49;177;451;224;227
49;90;472;230;242
49;3;501;285;216
49;1483;334;160;174
49;1396;307;155;152
49;1309;311;148;163
49;1222;310;144;166
49;1135;261;141;120
49;1048;278;135;143
49;961;298;158;140
49;874;315;159;156
49;787;348;174;174
49;700;355;188;167
49;613;403;215;188
49;526;402;207;195
49;439;373;197;176
49;352;438;229;209
49;265;447;224;223
49;178;469;228;241
49;91;504;291;213
49;4;505;248;257
49;1484;312;157;155
49;1397;303;147;156
49;1310;308;144;164
49;1223;259;140;119
49;1136;279;133;146
49;1049;294;158;136
49;962;303;154;149
49;875;302;144;158
49;788;351;185;166
49;701;402;212;190
49;614;394;205;189
49;527;375;201;174
49;440;428;224;204
49;353;445;222;223
49;266;468;231;237
49;179;500;287;213
49;92;503;248;255
49;5;504;250;254
49;1485;300;145;155
49;1398;298;138;160
49;1311;260;143;117
49;1224;279;134;145
49;1137;290;154;136
49;1050;295;151;144
49;963;299;141;158
49;876;335;176;159
49;789;392;204;188
49;702;387;202;185
49;615;375;199;176
49;528;424;222;202
49;441;440;218;222
49;354;466;228;238
49;267;502;286;216
49;180;500;245;255
49;93;506;249;257
49;6;564;281;283
49;1486;294;139;155
49;1399;253;138;115
49;1312;273;129;144
49;1225;295;156;139
49;1138;289;151;138
49;1051;282;133;149
49;964;322;173;149
49;877;346;176;170
49;790;378;197;181
49;703;369;194;175
49;616;423;223;200
49;529;439;220;219
49;442;461;225;236
49;355;493;283;210
49;268;502;248;254
49;181;502;249;253
49;94;556;277;279
49;7;575;296;279
49;1487;247;133;114
49;1400;270;127;143
49;1313;298;158;140
49;1226;288;148;140
49;1139;282;133;149
49;1052;316;169;147
49;965;341;172;169
49;878;367;196;171
49;791;366;192;174
49;704;416;216;200
49;617;433;216;217
49;530;459;225;234
49;443;494;283;211
49;356;497;244;253
49;269;504;248;256
49;182;556;277;279
49;95;572;294;278
49;8;624;325;299
49;1488;272;127;145
49;1401;302;158;144
49;1314;285;147;138
49;1227;280;131;149
49;1140;310;168;142
49;1053;336;171;165
49;966;362;193;169
49;879;348;183;165
49;792;416;217;199
49;705;432;217;215
49;618;450;218;232
49;531;494;284;210
49;444;493;242;251
49;357;501;245;256
49;270;560;280;280
49;183;570;296;274
49;96;627;325;302
49;9;742;370;372
49;1489;293;155;138
49;1402;280;142;138
49;1315;276;130;146
49;1228;308;169;139
49;1141;333;168;165
49;1054;356;190;166
49;967;345;182;163
49;880;407;213;194
49;793;427;213;214
49;706;447;216;231
49;619;496;284;212
49;532;493;241;252
49;445;499;244;255
49;358;551;276;275
49;271;576;299;277
49;184;624;323;301
49;97;736;366;370
49;10;733;364;369
49;1490;281;145;136
49;1403;279;131;148
49;1316;305;165;140
49;1229;336;168;168
49;1142;349;189;160
49;1055;341;179;162
49;968;408;214;194
49;881;422;212;210
49;794;442;213;229
49;707;492;282;210
49;620;491;239;252
49;533;503;246;257
49;446;548;273;275
49;359;568;293;275
49;272;619;322;297
49;185;730;365;365
49;98;730;363;367
49;11;687;342;345
49;1491;272;130;142
49;1404;310;167;143
49;1317;335;166;169
49;1230;347;188;159
49;1143;343;180;163
49;1056;404;213;191
49;969;421;212;209
49;882;455;220;235
49;795;489;279;210
49;708;490;242;248
49;621;502;247;255
49;534;551;275;276
49;447;572;296;276
49;360;613;317;296
49;273;728;365;363
49;186;723;361;362
49;99;679;338;341
49;12;671;360;311
49;1492;304;162;142
49;1405;336;166;170
49;1318;344;187;157
49;1231;347;180;167
49;1144;403;211;192
49;1057;418;210;208
49;970;450;219;231
49;883;470;270;200
49;796;490;238;252
49;709;491;242;249
49;622;548;273;275
49;535;571;298;273
49;448;610;317;293
49;361;721;362;359
49;274;722;360;362
49;187;663;332;331
49;100;660;352;308
49;13;703;346;357
49;1493;330;164;166
49;1406;336;181;155
49;1319;345;177;168
49;1232;401;209;192
49;1145;413;208;205
49;1058;447;219;228
49;971;466;269;197
49;884;497;243;254
49;797;482;237;245
49;710;543;270;273
49;623;572;297;275
49;536;611;316;295
49;449;709;356;353
49;362;714;359;355
49;275;664;331;333
49;188;650;347;303
49;101;694;343;351
49;14;748;376;372
49;1494;336;181;155
49;1407;344;176;168
49;1320;398;208;190
49;1233;410;207;203
49;1146;442;214;228
49;1059;461;267;194
49;972;498;244;254
49;885;487;240;247
49;798;538;270;268
49;711;569;294;275
49;624;608;315;293
49;537;702;353;349
49;450;707;356;351
49;363;654;323;331
49;276;640;340;300
49;189;686;338;348
49;102;739;373;366
49;15;745;396;349
49;1495;338;173;165
49;1408;400;209;191
49;1321;406;205;201
49;1234;444;216;228
49;1147;457;266;191
49;1060;494;244;250
49;973;486;239;247
49;886;522;268;254
49;799;561;290;271
49;712;607;314;293
49;625;703;352;351
49;538;706;352;354
49;451;642;317;325
49;364;630;334;296
49;277;678;335;343
49;190;727;368;359
49;103;736;390;346
49;16;690;351;339
49;1496;398;207;191
49;1409;401;203;198
49;1322;445;218;227
49;1235;456;265;191
49;1148;492;242;250
49;1061;481;235;246
49;974;517;265;252
49;887;546;275;271
49;800;600;312;288
49;713;692;346;346
49;626;703;351;352
49;539;636;314;322
49;452;614;323;291
49;365;665;331;334
49;278;719;366;353
49;191;724;387;337
49;104;684;348;336
49;17;727;372;355
49;1497;400;200;200
49;1410;445;220;225
49;1323;454;265;189
49;1236;489;243;246
49;1149;479;235;244
49;1062;517;264;253
49;975;543;274;269
49;888;576;300;276
49;801;688;342;346
49;714;699;347;352
49;627;633;312;321
49;540;606;317;289
49;453;644;318;326
49;366;707;360;347
49;279;708;379;329
49;192;674;342;332
49;105;715;365;350
49;18;721;365;356
49;1498;437;217;220
49;1411;444;261;183
49;1324;478;238;240
49;1237;476;233;243
49;1150;505;261;244
49;1063;537;269;268
49;976;572;297;275
49;889;670;329;341
49;802;698;345;353
49;715;621;310;311
49;628;596;314;282
49;541;631;310;321
49;454;685;347;338
49;367;695;372;323
49;280;663;337;326
49;193;707;362;345
49;106;708;361;347
49;19;589;323;266
49;1499;431;257;174
49;1412;468;236;232
49;1325;470;227;243
49;1238;498;256;242
49;1151;526;263;263
49;1064;550;288;262
49;977;655;325;330
49;890;596;307;289
49;803;618;308;310
49;716;588;308;280
49;629;619;306;313
49;542;675;341;334
49;455;658;354;304
49;368;650;331;319
49;281;692;354;338
49;194;699;356;343
49;107;584;321;263
49;20;458;254;204
49;1500;451;230;221
49;1413;455;218;237
49;1326;487;251;236
49;1239;514;260;254
49;1152;533;283;250
49;1065;648;321;327
49;978;590;302;288
49;891;534;279;255
49;804;578;299;279
49;717;609;303;306
49;630;660;332;328
49;543;644;346;298
49;456;618;314;304
49;369;675;348;327
49;282;675;347;328
49;195;577;319;258
49;108;463;257;206
49;21;424;245;179
49;1501;440;209;231
49;1414;479;246;233
49;1327;506;253;253
49;1240;519;273;246
49;1153;626;312;314
49;1066;565;289;276
49;979;503;265;238
49;892;466;257;209
49;805;593;295;298
49;718;653;327;326
49;631;633;340;293
49;544;605;306;299
49;457;642;330;312
49;370;646;334;312
49;283;567;314;253
49;196;457;253;204
49;109;427;241;186
49;22;454;261;193
49;1502;435;222;213
49;1415;493;251;242
49;1328;497;260;237
49;1241;607;302;305
49;1154;540;288;252
49;1067;481;259;222
49;980;443;242;201
49;893;495;260;235
49;806;626;314;312
49;719;614;331;283
49;632;585;298;287
49;545;621;320;301
49;458;616;319;297
49;371;552;312;240
49;284;455;249;206
49;197;427;239;188
49;110;468;260;208
49;23;450;234;216
49;1503;460;237;223
49;1416;465;248;217
49;1329;586;298;288
49;1242;512;279;233
49;1155;462;252;210
49;1068;410;239;171
49;981;473;252;221
49;894;524;270;254
49;807;594;320;274
49;720;568;292;276
49;633;600;311;289
49;546;596;310;286
49;459;524;302;222
49;372;441;242;199
49;285;426;239;187
49;198;468;260;208
49;111;446;232;214
49;24;463;242;221
49;1504;426;235;191
49;1417;551;287;264
49;1330;479;264;215
49;1243;448;251;197
49;1156;391;225;166
49;1069;456;248;208
49;982;492;254;238
49;895;472;263;209
49;808;536;274;262
49;721;581;307;274
49;634;568;294;274
49;547;501;290;211
49;460;423;235;188
49;373;406;230;176
49;286;469;256;213
49;199;446;233;213
49;112;450;233;217
49;25;477;254;223
49;1505;495;263;232
49;1418;433;245;188
49;1331;418;231;187
49;1244;375;221;154
49;1157;434;239;195
49;1070;461;238;223
49;983;439;253;186
49;896;413;211;202
49;809;544;291;253
49;722;550;283;267
49;635;472;275;197
49;548;410;225;185
49;461;376;210;166
49;374;439;234;205
49;287;429;226;203
49;200;446;229;217
49;113;470;250;220
49;26;519;255;264
49;1506;407;239;168
49;1419;382;217;165
49;1332;351;215;136
49;1245;414;227;187
49;1158;436;228;208
49;1071;403;239;164
49;984;383;193;190
49;897;385;214;171
49;810;510;260;250
49;723;447;265;182
49;636;393;216;177
49;549;352;197;155
49;462;412;221;191
49;375;420;224;196
49;288;435;225;210
49;201;452;243;209
49;114;506;247;259
49;27;546;267;279
49;1507;327;187;140
49;1420;321;209;112
49;1333;382;213;169
49;1246;421;226;195
49;1159;373;225;148
49;1072;351;182;169
49;985;339;192;147
49;898;400;209;191
49;811;411;247;164
49;724;366;204;162
49;637;335;190;145
49;550;399;214;185
49;463;405;218;187
49;376;424;216;208
49;289;430;233;197
49;202;494;240;254
49;115;535;262;273
49;28;515;266;249
49;1508;291;186;105
49;1421;352;201;151
49;1334;394;211;183
49;1247;348;218;130
49;1160;353;185;168
49;1073;299;179;120
49;986;377;194;183
49;899;377;204;173
49;812;346;198;148
49;725;310;179;131
49;638;374;197;177
49;551;394;210;184
49;464;404;205;199
49;377;415;229;186
49;290;482;233;249
49;203;530;257;273
49;116;508;261;247
49;29;571;281;290
49;1509;325;190;135
49;1422;379;200;179
49;1335;333;209;124
49;1248;342;185;157
49;1161;304;179;125
49;1074;351;188;163
49;987;351;194;157
49;900;365;193;172
49;813;296;172;124
49;726;352;187;165
49;639;376;199;177
49;552;384;189;195
49;465;413;226;187
49;378;467;228;239
49;291;527;254;273
49;204;493;254;239
49;117;566;275;291
49;30;594;289;305
49;1510;350;184;166
49;1423;311;192;119
49;1336;318;165;153
49;1249;289;162;127
49;1162;345;184;161
49;1075;325;176;149
49;988;348;186;162
49;901;343;169;174
49;814;330;178;152
49;727;359;194;165
49;640;374;183;191
49;553;394;215;179
49;466;458;223;235
49;379;513;243;270
49;292;482;248;234
49;205;562;272;290
49;118;582;285;297
49;31;594;327;267
49;1511;286;173;113
49;1424;302;162;140
49;1337;277;155;122
49;1250;317;169;148
49;1163;333;177;156
49;1076;337;182;155
49;989;335;163;172
49;902;363;189;174
49;815;339;182;157
49;728;363;175;188
49;641;381;199;182
49;554;457;218;239
49;467;503;239;264
49;380;466;234;232
49;293;547;269;278
49;206;572;281;291
49;119;583;323;260
49;32;568;290;278
49;1512;289;162;127
49;1425;265;154;111
49;1338;308;167;141
49;1251;321;169;152
49;1164;321;181;140
49;1077;312;154;158
49;990;345;179;166
49;903;370;182;188
49;816;344;171;173
49;729;357;189;168
49;642;443;213;230
49;555;501;236;265
49;468;446;222;224
49;381;517;252;265
49;294;557;275;282
49;207;576;317;259
49;120;557;283;274
49;33;589;290;299
49;1513;243;140;103
49;1426;292;162;130
49;1339;320;166;154
49;1252;296;168;128
49;1165;297;151;146
49;1078;329;173;156
49;991;352;173;179
49;904;416;214;202
49;817;343;184;159
49;730;429;204;225
49;643;491;234;257
49;556;447;221;226
49;469;508;242;266
49;382;550;270;280
49;295;562;306;256
49;208;549;281;268
49;121;579;284;295
49;34;640;332;308
49;1514;282;159;123
49;1427;303;151;152
49;1340;293;166;127
49;1253;289;145;144
49;1166;323;170;153
49;1079;346;170;176
49;992;405;209;196
49;905;398;201;197
49;818;413;195;218
49;731;471;220;251
49;644;444;217;227
49;557;498;234;264
49;470;540;265;275
49;383;556;300;256
49;296;538;275;263
49;209;574;281;293
49;122;632;328;304
49;35;603;308;295
49;1515;287;142;145
49;1428;280;157;123
49;1341;285;144;141
49;1254;313;167;146
49;1167;348;172;176
49;1080;391;195;196
49;993;386;193;193
49;906;444;219;225
49;819;453;209;244
49;732;437;212;225
49;645;490;228;262
49;558;534;259;275
49;471;548;296;252
49;384;527;268;259
49;297;570;281;289
49;210;617;319;298
49;123;591;299;292
49;36;618;308;310
49;1516;267;148;119
49;1429;277;139;138
49;1342;306;163;143
49;1255;349;173;176
49;1168;391;196;195
49;1081;383;189;194
49;994;431;210;221
49;907;469;214;255
49;820;428;209;219
49;733;484;223;261
49;646;526;255;271
49;559;540;289;251
49;472;514;259;255
49;385;549;269;280
49;298;606;311;295
49;211;584;295;289
49;124;610;303;307
49;37;568;295;273
49;1517;270;135;135
49;1430;295;158;137
49;1343;339;165;174
49;1256;392;196;196
49;1169;379;184;195
49;1082;425;205;220
49;995;462;208;254
49;908;460;232;228
49;821;474;219;255
49;734;516;250;266
49;647;531;281;250
49;560;510;256;254
49;473;541;262;279
49;386;594;304;290
49;299;576;291;285
49;212;600;298;302
49;125;563;294;269
49;38;576;288;288
49;1518;291;154;137
49;1431;337;161;176
49;1344;384;190;194
49;1257;376;181;195
49;1170;421;201;220
49;1083;460;211;249
49;996;453;230;223
49;909;504;239;265
49;822;505;243;262
49;735;526;276;250
49;648;504;254;250
49;561;531;254;277
49;474;581;294;287
49;387;564;284;280
49;300;593;295;298
49;213;560;295;265
49;126;567;283;284
49;39;666;313;353
49;1519;324;155;169
49;1432;386;192;194
49;1345;377;184;193
49;1258;415;200;215
49;1171;453;208;245
49;1084;447;226;221
49;997;497;234;263
49;910;553;265;288
49;823;516;270;246
49;736;491;244;247
49;649;524;250;274
49;562;569;291;278
49;475;557;279;278
49;388;590;292;298
49;301;552;290;262
49;214;562;282;280
49;127;656;308;348
49;40;689;349;340
49;1520;378;185;193
49;1433;362;178;184
49;1346;407;196;211
49;1259;451;208;243
49;1172;444;224;220
49;1085;495;233;262
49;998;548;264;284
49;911;535;295;240
49;824;479;236;243
49;737;514;243;271
49;650;568;291;277
49;563;545;273;272
49;476;580;286;294
49;389;550;292;258
49;302;557;279;278
49;215;646;302;344
49;128;678;342;336
49;41;670;330;340
49;1521;358;174;184
49;1434;395;191;204
49;1347;449;206;243
49;1260;442;224;218
49;1173;492;231;261
49;1086;545;264;281
49;999;532;294;238
49;912;523;267;256
49;825;508;241;267
49;738;556;285;271
49;651;546;273;273
49;564;577;286;291
49;477;538;282;256
49;390;551;276;275
49;303;640;297;343
49;216;676;340;336
49;129;659;323;336
49;42;671;367;304
49;1522;381;182;199
49;1435;448;206;242
49;1348;434;220;214
49;1261;494;235;259
49;1174;553;271;282
49;1087;525;290;235
49;1000;518;263;255
49;913;529;254;275
49;826;551;279;272
49;739;537;268;269
49;652;567;279;288
49;565;532;281;251
49;478;542;272;270
49;391;627;286;341
49;304;669;333;336
49;217;648;318;330
49;130;668;364;304
49;43;626;318;308
49;1523;442;201;241
49;1436;428;216;212
49;1349;499;240;259
49;1262;552;268;284
49;1175;522;290;232
49;1088;511;260;251
49;1001;525;251;274
49;914;579;292;287
49;827;538;267;271
49;740;560;274;286
49;653;528;277;251
49;566;532;266;266
49;479;617;282;335
49;392;667;332;335
49;305;640;314;326
49;218;658;357;301
49;131;623;316;307
49;44;603;306;297
49;1524;422;213;209
49;1437;493;239;254
49;1350;544;260;284
49;1263;514;286;228
49;1176;507;256;251
49;1089;527;253;274
49;1002;571;285;286
49;915;538;268;270
49;828;557;272;285
49;741;519;270;249
49;654;523;262;261
49;567;602;272;330
49;480;653;323;330
49;393;634;309;325
49;306;643;345;298
49;219;620;314;306
49;132;593;299;294
49;45;568;296;272
49;1525;482;234;248
49;1438;530;254;276
49;1351;510;278;232
49;1264;511;258;253
49;1177;518;250;268
49;1090;561;283;278
49;1003;531;262;269
49;916;578;292;286
49;829;514;264;250
49;742;512;258;254
49;655;597;268;329
49;568;650;321;329
49;481;625;304;321
49;394;638;339;299
49;307;618;311;307
49;220;583;291;292
49;133;555;288;267
49;46;548;261;287
49;1526;520;247;273
49;1439;503;271;232
49;1352;501;251;250
49;1265;514;248;266
49;1178;556;280;276
49;1091;522;255;267
49;1004;574;289;285
49;917;517;265;252
49;830;502;249;253
49;743;593;264;329
49;656;639;315;324
49;569;622;302;320
49;482;631;336;295
49;395;613;305;308
49;308;585;291;294
49;221;546;283;263
49;134;541;260;281
49;47;505;254;251
49;1527;498;267;231
49;1440;497;248;249
49;1353;509;242;267
49;1266;554;279;275
49;1179;516;250;266
49;1092;571;289;282
49;1005;509;262;247
49;918;519;258;261
49;831;586;260;326
49;744;633;311;322
49;657;612;295;317
49;570;622;330;292
49;483;610;300;310
49;396;574;283;291
49;309;537;280;257
49;222;535;255;280
49;135;503;254;249
49;48;476;246;230
49;1528;488;243;245
49;1441;508;243;265
49;1354;549;277;272
49;1267;509;247;262
49;1180;571;289;282
49;1093;516;265;251
49;1006;513;254;259
49;919;587;263;324
49;832;621;306;315
49;745;604;292;312
49;658;611;325;286
49;571;604;294;310
49;484;567;280;287
49;397;524;269;255
49;310;523;250;273
49;223;496;250;246
49;136;466;238;228
49;49;487;224;263
49;1529;510;245;265
49;1442;548;278;270
49;1355;504;243;261
49;1268;570;287;283
49;1181;507;259;248
49;1094;501;246;255
49;1007;587;262;325
49;920;627;309;318
49;833;593;284;309
49;746;604;322;282
49;659;599;292;307
49;572;558;275;283
49;485;517;266;251
49;398;522;246;276
49;311;489;246;243
49;224;465;237;228
49;137;479;220;259
49;50;534;258;276
49;1530;543;274;269
49;1443;500;239;261
49;1356;560;283;277
49;1269;509;259;250
49;1182;495;241;254
49;1095;581;257;324
49;1008;616;302;314
49;921;599;288;311
49;834;591;317;274
49;747;586;280;306
49;660;548;267;281
49;573;513;260;253
49;486;513;237;276
49;399;486;244;242
49;312;456;230;226
49;225;475;218;257
49;138;528;254;274
49;51;493;256;237
49;1531;491;232;259
49;1444;552;277;275
49;1357;510;261;249
49;1270;498;243;255
49;1183;578;257;321
49;1096;601;292;309
49;1009;597;288;309
49;922;582;317;265
49;835;579;277;302
49;748;542;264;278
49;661;502;253;249
49;574;501;228;273
49;487;482;237;245
49;400;447;222;225
49;313;465;212;253
49;226;523;252;271
49;139;479;248;231
49;52;504;256;248
49;1532;552;274;278
49;1445;508;258;250
49;1358;493;241;252
49;1271;572;254;318
49;1184;597;291;306
49;1097;598;288;310
49;1010;577;316;261
49;923;562;267;295
49;836;543;263;280
49;749;499;251;248
49;662;495;223;272
49;575;476;235;241
49;488;442;218;224
49;401;454;208;246
49;314;516;250;266
49;227;470;242;228
49;140;497;255;242
49;53;452;211;241
49;1533;501;255;246
49;1446;489;239;250
49;1359;566;251;315
49;1272;585;286;299
49;1185;593;286;307
49;1098;573;312;261
49;1011;555;264;291
49;924;522;252;270
49;837;487;241;246
49;750;492;218;274
49;663;471;226;245
49;576;434;214;220
49;489;447;202;245
49;402;509;245;264
49;315;459;238;221
49;228;492;250;242
49;141;447;209;238
49;54;423;194;229
49;1534;480;230;250
49;1447;559;249;310
49;1360;579;283;296
49;1273;593;287;306
49;1186;563;303;260
49;1099;550;260;290
49;1012;514;247;267
49;925;480;234;246
49;838;484;214;270
49;751;462;221;241
49;664;425;208;217
49;577;436;194;242
49;490;504;240;264
49;403;453;232;221
49;316;485;244;241
49;229;441;207;234
49;142;417;193;224
49;55;459;219;240
49;1535;549;243;306
49;1448;569;277;292
49;1361;582;280;302
49;1274;569;305;264
49;1187;542;255;287
49;1100;505;242;263
49;1013;467;224;243
49;926;494;229;265
49;839;445;210;235
49;752;419;204;215
49;665;427;184;243
49;578;499;237;262
49;491;442;227;215
49;404;481;241;240
49;317;434;204;230
49;230;412;189;223
49;143;451;217;234
49;56;477;253;224
49;1536;557;268;289
49;1449;575;276;299
49;1362;563;300;263
49;1275;540;253;287
49;1188;500;238;262
49;1101;458;219;239
49;1014;483;223;260
49;927;445;204;241
49;840;409;196;213
49;753;421;181;240
49;666;495;234;261
49;579;436;223;213
49;492;474;233;241
49;405;423;199;224
49;318;401;180;221
49;231;442;212;230
49;144;465;244;221
49;57;411;181;230
49;1537;563;267;296
49;1450;549;290;259
49;1363;532;246;286
49;1276;493;238;255
49;1189;445;208;237
49;1102;474;218;256
49;1015;431;193;238
49;928;416;199;217
49;841;415;176;239
49;754;485;226;259
49;667;436;220;216
49;580;468;227;241
49;493;418;194;224
49;406;394;175;219
49;319;425;201;224
49;232;454;236;218
49;145;404;180;224
49;58;474;199;275
49;1538;544;283;261
49;1451;521;238;283
49;1364;486;234;252
49;1277;440;205;235
49;1190;463;210;253
49;1103;428;190;238
49;1016;403;190;213
49;929;417;175;242
49;842;476;219;257
49;755;427;212;215
49;668;458;220;238
49;581;416;189;227
49;494;385;168;217
49;407;421;201;220
49;320;445;228;217
49;233;401;177;224
49;146;462;193;269
49;59;610;256;354
49;1539;510;237;273
49;1452;477;227;250
49;1365;426;194;232
49;1278;453;203;250
49;1191;421;185;236
49;1104;397;186;211
49;1017;414;172;242
49;930;478;215;263
49;843;418;206;212
49;756;444;208;236
49;669;407;185;222
49;582;376;164;212
49;495;410;194;216
49;408;442;229;213
49;321;393;172;221
49;234;453;190;263
49;147;602;253;349
49;60;526;237;289
49;1540;468;220;248
49;1453;421;190;231
49;1366;447;201;246
49;1279;414;176;238
49;1192;397;186;211
49;1105;406;166;240
49;1018;474;209;265
49;931;422;204;218
49;844;440;208;232
49;757;402;180;222
49;670;373;163;210
49;583;405;190;215
49;496;432;222;210
49;409;386;167;219
49;322;446;187;259
49;235;592;249;343
49;148;526;239;287
49;61;429;190;239
49;1541;420;189;231
49;1454;441;196;245
49;1367;408;173;235
49;1280;390;183;207
49;1193;405;164;241
49;1106;468;205;263
49;1019;414;200;214
49;932;418;190;228
49;845;390;171;219
49;758;364;157;207
49;671;396;185;211
49;584;422;211;211
49;497;376;160;216
49;410;434;175;259
49;323;583;243;340
49;236;520;235;285
49;149;429;191;238
49;62;471;186;285
49;1542;439;195;244
49;1455;396;167;229
49;1368;383;181;202
49;1281;397;157;240
49;1194;462;200;262
49;1107;409;197;212
49;1020;416;189;227
49;933;397;168;229
49;846;360;155;205
49;759;390;182;208
49;672;410;203;207
49;585;370;154;216
49;498;428;171;257
49;411;569;231;338
49;324;507;226;281
49;237;422;188;234
49;150;468;185;283
49;63;509;208;301
49;1543;387;161;226
49;1456;374;176;198
49;1369;383;147;236
49;1282;460;197;263
49;1195;405;194;211
49;1108;414;188;226
49;1021;396;165;231
49;934;346;148;198
49;847;385;179;206
49;760;397;193;204
49;673;360;148;212
49;586;419;166;253
49;499;556;220;336
49;412;487;213;274
49;325;415;182;233
49;238;464;181;283
49;151;509;205;304
49;64;503;186;317
49;1544;367;172;195
49;1457;377;140;237
49;1370;453;193;260
49;1283;397;189;208
49;1196;403;182;221
49;1109;386;157;229
49;1022;341;145;196
49;935;377;169;208
49;848;384;183;201
49;761;354;144;210
49;674;411;164;247
49;587;542;213;329
49;500;482;208;274
49;413;407;176;231
49;326;452;172;280
49;239;501;198;303
49;152;505;184;321
49;65;527;210;317
49;1545;370;135;235
49;1458;445;186;259
49;1371;386;181;205
49;1284;393;175;218
49;1197;382;154;228
49;1110;330;136;194
49;1023;368;162;206
49;936;393;192;201
49;849;348;138;210
49;762;408;162;246
49;675;533;208;325
49;588;469;198;271
49;501;403;172;231
49;414;446;168;278
49;327;497;197;300
49;240;504;182;322
49;153;522;205;317
49;66;515;219;296
49;1546;440;184;256
49;1459;369;168;201
49;1372;388;168;220
49;1285;375;148;227
49;1198;320;132;188
49;1111;360;155;205
49;1024;386;188;198
49;937;356;141;215
49;850;398;152;246
49;763;519;202;317
49;676;461;193;268
49;589;398;169;229
49;502;430;158;272
49;415;481;186;295
49;328;499;179;320
49;241;513;200;313
49;154;511;215;296
49;67;499;200;299
49;1547;358;161;197
49;1460;381;165;216
49;1373;367;146;221
49;1286;310;127;183
49;1199;349;146;203
49;1112;376;183;193
49;1025;346;133;213
49;938;394;145;249
49;851;503;193;310
49;764;452;184;268
49;677;387;161;226
49;590;419;149;270
49;503;471;178;293
49;416;486;174;312
49;329;503;187;316
49;242;511;214;297
49;155;492;196;296
49;68;536;210;326
49;1548;374;161;213
49;1461;353;137;216
49;1374;305;124;181
49;1287;343;143;200
49;1200;366;176;190
49;1113;341;128;213
49;1026;387;141;246
49;939;475;178;297
49;852;441;177;264
49;765;381;156;225
49;678;409;139;270
49;591;458;174;284
49;504;473;167;306
49;417;488;182;306
49;330;502;207;295
49;243;488;191;297
49;156;527;208;319
49;69;523;212;311
49;1549;348;135;213
49;1462;295;118;177
49;1375;328;137;191
49;1288;362;172;190
49;1201;333;122;211
49;1114;378;135;243
49;1027;466;174;292
49;940;435;172;263
49;853;370;146;224
49;766;400;135;265
49;679;456;172;284
49;592;457;160;297
49;505;479;174;305
49;418;481;196;285
49;331;484;188;296
49;244;513;201;312
49;157;505;200;305
49;70;501;204;297
49;1550;287;115;172
49;1463;322;134;188
49;1376;355;167;188
49;1289;321;120;201
49;1202;365;126;239
49;1115;458;167;291
49;1028;424;167;257
49;941;353;143;210
49;854;390;132;258
49;767;446;166;280
49;680;450;156;294
49;593;468;169;299
49;506;467;185;282
49;419;472;181;291
49;332;498;194;304
49;245;492;192;300
49;158;487;198;289
49;71;453;160;293
49;1551;312;127;185
49;1464;337;155;182
49;1377;310;113;197
49;1290;354;117;237
49;1203;454;165;289
49;1116;407;160;247
49;1029;342;137;205
49;942;377;126;251
49;855;438;161;277
49;768;438;152;286
49;681;452;162;290
49;594;452;174;278
49;507;461;175;286
49;420;481;181;300
49;333;491;190;301
49;246;474;189;285
49;159;430;146;284
49;72;513;190;323
49;1552;330;151;179
49;1465;293;107;186
49;1378;341;111;230
49;1291;436;154;282
49;1204;396;155;241
49;1117;337;135;202
49;1030;369;119;250
49;943;414;147;267
49;856;429;148;281
49;769;443;158;285
49;682;443;166;277
49;595;450;171;279
49;508;465;173;292
49;421;475;183;292
49;334;469;183;286
49;247;424;141;283
49;160;508;188;320
49;73;461;154;307
49;1553;286;105;181
49;1466;331;106;225
49;1379;420;143;277
49;1292;385;147;238
49;1205;329;130;199
49;1118;357;113;244
49;1031;395;137;258
49;944;400;132;268
49;857;426;150;276
49;770;428;155;273
49;683;437;165;272
49;596;449;163;286
49;509;454;172;282
49;422;447;171;276
49;335;414;138;276
49;248;486;181;305
49;161;454;154;300
49;74;412;130;282
49;1554;323;102;221
49;1467;408;137;271
49;1380;375;145;230
49;1293;320;125;195
49;1206;337;102;235
49;1119;383;130;253
49;1032;392;127;265
49;945;402;131;271
49;858;412;144;268
49;771;422;155;267
49;684;437;154;283
49;597;439;164;275
49;510;439;166;273
49;423;394;125;269
49;336;468;167;301
49;249;440;147;293
49;162;412;131;281
49;75;366;116;250
49;1555;396;131;265
49;1468;364;141;223
49;1381;304;118;186
49;1294;318;96;222
49;1207;373;127;246
49;1120;381;122;259
49;1033;384;123;261
49;946;380;127;253
49;859;413;150;263
49;772;416;143;273
49;685;421;155;266
49;598;416;155;261
49;511;378;119;259
49;424;452;161;291
49;337;420;138;282
49;250;402;125;277
49;163;349;112;237
49;76;350;130;220
49;1556;337;128;209
49;1469;289;109;180
49;1382;307;91;216
49;1295;360;117;243
49;1208;369;113;256
49;1121;366;115;251
49;1034;357;118;239
49;947;369;126;243
49;860;408;141;267
49;773;399;140;259
49;686;399;145;254
49;599;364;113;251
49;512;441;157;284
49;425;404;132;272
49;338;380;114;266
49;251;338;108;230
49;164;339;125;214
49;77;314;96;218
49;1557;279;103;176
49;1470;294;85;209
49;1383;351;116;235
49;1296;360;108;252
49;1209;348;111;237
49;1122;339;105;234
49;1035;349;115;234
49;948;383;120;263
49;861;386;136;250
49;774;381;139;242
49;687;349;107;242
49;600;426;144;282
49;513;384;128;256
49;426;366;106;260
49;339;318;99;219
49;252;318;113;205
49;165;307;93;214
49;78;306;101;205
49;1558;287;78;209
49;1471;330;105;225
49;1384;342;101;241
49;1297;337;105;232
49;1210;309;89;220
49;1123;327;102;225
49;1036;358;108;250
49;949;346;115;231
49;862;369;134;235
49;775;335;102;233
49;688;405;132;273
49;601;363;120;243
49;514;346;97;249
49;427;301;92;209
49;340;300;102;198
49;253;292;85;207
49;166;294;92;202
49;79;282;81;201
49;1559;309;99;210
49;1472;318;93;225
49;1385;318;100;218
49;1298;293;83;210
49;1211;299;89;210
49;1124;328;98;230
49;1037;323;106;217
49;950;337;112;225
49;863;318;89;229
49;776;380;118;262
49;689;346;115;231
49;602;320;87;233
49;515;275;81;194
49;428;285;95;190
49;341;278;79;199
49;254;271;81;190
49;167;264;75;189
49;80;288;96;192
49;1560;289;82;207
49;1473;299;91;208
49;1386;280;79;201
49;1299;278;77;201
49;1212;311;89;222
49;1125;307;100;207
49;1038;309;100;209
49;951;289;81;208
49;864;365;112;253
49;777;323;103;220
49;690;302;80;222
49;603;260;76;184
49;516;271;86;185
49;429;259;76;183
49;342;248;74;174
49;255;247;70;177
49;168;265;84;181
49;81;235;69;166
49;1561;288;85;203
49;1474;263;72;191
49;1387;249;66;183
49;1300;291;81;210
49;1213;284;92;192
49;1126;285;90;195
49;1039;267;68;199
49;952;333;103;230
49;865;295;94;201
49;778;281;72;209
49;691;242;66;176
49;604;250;77;173
49;517;241;70;171
49;430;222;61;161
49;343;233;63;170
49;256;242;71;171
49;169;222;64;158
49;82;180;60;120
49;1562;248;66;182
49;1475;224;58;166
49;1388;267;74;193
49;1301;268;85;183
49;1214;263;78;185
49;1127;247;63;184
49;1040;307;91;216
49;953;254;74;180
49;866;261;67;194
49;779;223;62;161
49;692;238;72;166
49;605;223;64;159
49;518;207;50;157
49;431;209;54;155
49;344;220;60;160
49;257;203;54;149
49;170;162;51;111
49;83;120;31;89
49;1563;210;55;155
49;1476;248;72;176
49;1389;236;75;161
49;1302;228;68;160
49;1215;232;59;173
49;1128;287;86;201
49;1041;238;69;169
49;954;229;53;176
49;867;200;51;149
49;780;215;65;150
49;693;191;57;134
49;606;189;42;147
49;519;199;52;147
49;432;198;54;144
49;345;174;41;133
49;258;145;45;100
49;171;110;27;83
49;84;95;27;68
49;1564;223;65;158
49;1477;216;65;151
49;1390;195;55;140
49;1303;209;53;156
49;1216;269;78;191
49;1129;220;58;162
49;1042;202;47;155
49;955;176;43;133
49;868;197;58;139
49;781;174;49;125
49;694;167;32;135
49;607;184;43;141
49;520;177;49;128
49;433;160;37;123
49;346;131;38;93
49;259;108;26;82
49;172;85;22;63
49;85;97;24;73
49;1565;993;249;744
49;1478;1002;246;756
49;1391;978;234;744
49;1304;995;238;757
49;1217;876;204;672
49;1130;814;187;627
49;1043;806;181;625
49;956;763;175;588
49;869;742;169;573
49;782;716;157;559
49;695;707;178;529
49;608;675;162;513
49;521;608;138;470
49;434;559;138;421
49;347;547;132;415
49;260;570;146;424
49;173;615;166;449
49;86;634;177;457
49;1566;32510;15238;17272
49;1479;33467;15689;17778
49;1392;34294;16044;18250
49;1305;35013;16338;18675
49;1218;35489;16549;18940
49;1131;36056;16790;19266
49;1044;36846;17112;19734
49;957;37628;17501;20127
49;870;38852;18092;20760
49;783;39647;18503;21144
49;696;40361;18862;21499
49;609;40996;19173;21823
49;522;41530;19480;22050
49;435;42282;19900;22382
49;348;42958;20248;22710
49;261;43438;20499;22939
49;174;43880;20711;23169
49;87;44177;20844;23333
50;1480;84;48;36
50;1393;77;38;39
50;1306;89;47;42
50;1219;77;41;36
50;1132;95;49;46
50;1045;105;53;52
50;958;93;52;41
50;871;64;37;27
50;784;78;38;40
50;697;97;55;42
50;610;98;49;49
50;523;107;55;52
50;436;83;41;42
50;349;101;56;45
50;262;121;61;60
50;175;99;52;47
50;88;101;53;48
50;1;114;54;60
50;1481;74;34;40
50;1394;88;46;42
50;1307;77;39;38
50;1220;93;48;45
50;1133;105;54;51
50;1046;95;51;44
50;959;65;38;27
50;872;67;34;33
50;785;95;54;41
50;698;94;48;46
50;611;105;55;50
50;524;82;40;42
50;437;96;52;44
50;350;120;60;60
50;263;97;49;48
50;176;98;52;46
50;89;114;53;61
50;2;107;51;56
50;1482;87;43;44
50;1395;69;39;30
50;1308;90;47;43
50;1221;101;52;49
50;1134;89;49;40
50;1047;66;38;28
50;960;67;35;32
50;873;82;50;32
50;786;91;45;46
50;699;106;56;50
50;612;79;37;42
50;525;91;49;42
50;438;113;56;57
50;351;94;47;47
50;264;96;52;44
50;177;114;54;60
50;90;111;52;59
50;3;117;56;61
50;1483;69;39;30
50;1396;89;45;44
50;1309;100;50;50
50;1222;88;50;38
50;1135;64;37;27
50;1048;63;34;29
50;961;74;46;28
50;874;82;42;40
50;787;101;53;48
50;700;76;35;41
50;613;87;46;41
50;526;109;54;55
50;439;92;46;46
50;352;94;50;44
50;265;113;53;60
50;178;110;50;60
50;91;115;55;60
50;4;136;69;67
50;1484;93;46;47
50;1397;94;46;48
50;1310;82;45;37
50;1223;61;34;27
50;1136;66;35;31
50;1049;77;47;30
50;962;80;41;39
50;875;77;33;44
50;788;80;38;42
50;701;80;43;37
50;614;108;54;54
50;527;90;46;44
50;440;92;49;43
50;353;108;49;59
50;266;108;49;59
50;179;114;54;60
50;92;134;69;65
50;5;130;61;69
50;1485;92;44;48
50;1398;76;41;35
50;1311;62;37;25
50;1224;64;33;31
50;1137;75;45;30
50;1050;79;41;38
50;963;77;33;44
50;876;72;34;38
50;789;77;41;36
50;702;106;54;52
50;615;85;45;40
50;528;89;48;41
50;441;105;49;56
50;354;105;47;58
50;267;112;54;58
50;180;133;68;65
50;93;130;61;69
50;6;121;62;59
50;1486;72;37;35
50;1399;65;40;25
50;1312;61;34;27
50;1225;77;46;31
50;1138;74;39;35
50;1051;76;34;42
50;964;67;31;36
50;877;72;38;34
50;790;101;50;51
50;703;82;43;39
50;616;88;49;39
50;529;105;49;56
50;442;102;46;56
50;355;111;53;58
50;268;136;69;67
50;181;130;61;69
50;94;119;61;58
50;7;162;78;84
50;1487;62;38;24
50;1400;58;33;25
50;1313;77;48;29
50;1226;69;34;35
50;1139;73;32;41
50;1052;67;30;37
50;965;72;39;33
50;878;91;48;43
50;791;83;45;38
50;704;85;47;38
50;617;104;50;54
50;530;103;48;55
50;443;106;51;55
50;356;135;69;66
50;269;130;62;68
50;182;115;59;56
50;95;160;77;83
50;8;150;76;74
50;1488;65;36;29
50;1401;78;49;29
50;1314;69;36;33
50;1227;70;31;39
50;1140;66;29;37
50;1053;71;37;34
50;966;91;47;44
50;879;86;46;40
50;792;80;46;34
50;705;103;52;51
50;618;102;46;56
50;531;103;49;54
50;444;134;68;66
50;357;128;60;68
50;270;115;61;54
50;183;161;78;83
50;96;148;75;73
50;9;190;96;94
50;1489;80;50;30
50;1402;66;32;34
50;1315;69;29;40
50;1228;70;30;40
50;1141;72;37;35
50;1054;89;48;41
50;967;87;47;40
50;880;82;40;42
50;793;102;50;52
50;706;96;44;52
50;619;103;49;54
50;532;132;67;65
50;445;125;59;66
50;358;113;60;53
50;271;162;79;83
50;184;147;75;72
50;97;191;95;96
50;10;231;115;116
50;1490;66;31;35
50;1403;67;26;41
50;1316;69;30;39
50;1229;69;36;33
50;1142;84;44;40
50;1055;87;46;41
50;968;83;39;44
50;881;114;52;62
50;794;97;45;52
50;707;99;46;53
50;620;132;67;65
50;533;123;59;64
50;446;112;60;52
50;359;163;78;85
50;272;147;77;70
50;185;187;95;92
50;98;230;114;116
50;11;205;107;98
50;1491;63;26;37
50;1404;68;28;40
50;1317;64;32;32
50;1230;83;43;40
50;1143;84;44;40
50;1056;80;38;42
50;969;116;54;62
50;882;102;51;51
50;795;96;45;51
50;708;129;65;64
50;621;123;58;65
50;534;111;59;52
50;447;162;78;84
50;360;149;78;71
50;273;189;99;90
50;186;227;113;114
50;99;204;106;98
50;12;241;132;109
50;1492;69;30;39
50;1405;65;34;31
50;1318;82;43;39
50;1231;80;42;38
50;1144;77;36;41
50;1057;112;50;62
50;970;104;53;51
50;883;105;49;56
50;796;126;64;62
50;709;123;57;66
50;622;108;58;50
50;535;157;73;84
50;448;148;79;69
50;361;186;98;88
50;274;223;111;112
50;187;200;105;95
50;100;236;128;108
50;13;181;108;73
50;1493;65;33;32
50;1406;84;42;42
50;1319;77;42;35
50;1232;76;34;42
50;1145;108;49;59
50;1058;103;52;51
50;971;106;51;55
50;884;128;66;62
50;797;119;57;62
50;710;107;58;49
50;623;159;74;85
50;536;146;76;70
50;449;183;94;89
50;362;217;107;110
50;275;195;102;93
50;188;233;126;107
50;101;177;105;72
50;14;213;99;114
50;1494;85;43;42
50;1407;81;45;36
50;1320;77;35;42
50;1233;110;50;60
50;1146;103;53;50
50;1059;104;50;54
50;972;128;65;63
50;885;120;57;63
50;798;108;59;49
50;711;158;72;86
50;624;149;77;72
50;537;180;93;87
50;450;214;104;110
50;363;191;101;90
50;276;225;123;102
50;189;172;101;71
50;102;215;100;115
50;15;217;88;129
50;1495;82;44;38
50;1408;78;35;43
50;1321;109;50;59
50;1234;105;53;52
50;1147;101;48;53
50;1060;126;65;61
50;973;119;56;63
50;886;115;63;52
50;799;156;70;86
50;712;142;73;69
50;625;176;92;84
50;538;208;100;108
50;451;188;99;89
50;364;223;121;102
50;277;165;97;68
50;190;209;98;111
50;103;215;87;128
50;16;195;105;90
50;1496;78;35;43
50;1409;110;51;59
50;1322;104;53;51
50;1235;99;46;53
50;1148;124;65;59
50;1061;117;55;62
50;974;115;63;52
50;887;162;81;81
50;800;139;70;69
50;713;176;92;84
50;626;203;96;107
50;539;185;98;87
50;452;217;116;101
50;365;165;96;69
50;278;206;98;108
50;191;212;86;126
50;104;194;104;90
50;17;194;98;96
50;1497;110;50;60
50;1410;103;53;50
50;1323;100;46;54
50;1236;122;64;58
50;1149;116;55;61
50;1062;114;63;51
50;975;162;81;81
50;888;153;77;76
50;801;178;93;85
50;714;198;94;104
50;627;183;99;84
50;540;214;114;100
50;453;159;92;67
50;366;201;95;106
50;279;204;85;119
50;192;188;101;87
50;105;190;96;94
50;18;190;94;96
50;1498;102;51;51
50;1411;99;45;54
50;1324;122;64;58
50;1237;116;55;61
50;1150;114;63;51
50;1063;159;80;79
50;976;151;76;75
50;889;175;90;85
50;802;195;94;101
50;715;175;97;78
50;628;210;110;100
50;541;156;92;64
50;454;195;90;105
50;367;202;86;116
50;280;187;100;87
50;193;187;94;93
50;106;187;92;95
50;19;203;112;91
50;1499;97;44;53
50;1412;119;64;55
50;1325;114;54;60
50;1238;111;62;49
50;1151;158;80;78
50;1064;146;75;71
50;977;168;87;81
50;890;179;90;89
50;803;171;95;76
50;716;211;113;98
50;629;151;90;61
50;542;190;90;100
50;455;193;82;111
50;368;181;95;86
50;281;180;92;88
50;194;187;93;94
50;107;204;113;91
50;20;183;94;89
50;1500;110;59;51
50;1413;111;53;58
50;1326;110;62;48
50;1239;155;77;78
50;1152;145;76;69
50;1065;165;87;78
50;978;174;88;86
50;891;163;95;68
50;804;204;111;93
50;717;148;89;59
50;630;185;89;96
50;543;189;79;110
50;456;175;91;84
50;369;176;91;85
50;282;185;93;92
50;195;202;113;89
50;108;180;93;87
50;21;142;75;67
50;1501;107;54;53
50;1414;108;61;47
50;1327;148;74;74
50;1240;144;78;66
50;1153;169;87;82
50;1066;172;84;88
50;979;160;96;64
50;892;193;110;83
50;805;141;86;55
50;718;181;85;96
50;631;177;75;102
50;544;172;89;83
50;457;170;87;83
50;370;175;89;86
50;283;195;108;87
50;196;180;94;86
50;109;143;73;70
50;22;113;55;58
50;1502;105;59;46
50;1415;144;73;71
50;1328;144;76;68
50;1241;163;85;78
50;1154;165;83;82
50;1067;158;95;63
50;980;190;108;82
50;893;127;78;49
50;806;177;84;93
50;719;173;73;100
50;632;167;87;80
50;545;158;81;77
50;458;167;87;80
50;371;186;104;82
50;284;182;94;88
50;197;145;73;72
50;110;113;54;59
50;23;123;64;59
50;1503;136;68;68
50;1416;139;73;66
50;1329;161;80;81
50;1242;159;82;77
50;1155;153;92;61
50;1068;183;102;81
50;981;121;76;45
50;894;135;74;61
50;807;164;69;95
50;720;159;86;73
50;633;154;80;74
50;546;165;86;79
50;459;173;98;75
50;372;179;91;88
50;285;136;70;66
50;198;109;52;57
50;111;126;64;62
50;24;108;56;52
50;1504;130;73;57
50;1417;151;78;73
50;1330;149;75;74
50;1243;147;91;56
50;1156;172;97;75
50;1069;118;76;42
50;982;128;72;56
50;895;126;55;71
50;808;148;83;65
50;721;147;76;71
50;634;156;82;74
50;547;167;95;72
50;460;172;87;85
50;373;127;63;64
50;286;106;51;55
50;199;120;64;56
50;112;106;53;53
50;25;110;58;52
50;1505;142;74;68
50;1418;129;69;60
50;1331;133;84;49
50;1244;166;98;68
50;1157;115;72;43
50;1070;126;73;53
50;983;110;55;55
50;896;111;67;44
50;809;139;70;69
50;722;152;81;71
50;635;158;91;67
50;548;169;85;84
50;461;113;56;57
50;374;104;53;51
50;287;117;61;56
50;200;97;49;48
50;113;108;59;49
50;26;115;61;54
50;1506;116;65;51
50;1419;121;76;45
50;1332;158;95;63
50;1245;113;71;42
50;1158;125;77;48
50;1071;103;54;49
50;984;100;61;39
50;897;86;50;36
50;810;148;78;70
50;723;151;87;64
50;636;162;82;80
50;549;108;56;52
50;462;98;51;47
50;375;110;58;52
50;288;96;48;48
50;201;103;57;46
50;114;113;58;55
50;27;118;67;51
50;1507;107;66;41
50;1420;143;85;58
50;1333;108;69;39
50;1246;109;69;40
50;1159;93;49;44
50;1072;97;61;36
50;985;77;46;31
50;898;97;53;44
50;811;141;82;59
50;724;160;80;80
50;637;99;52;47
50;550;98;49;49
50;463;103;54;49
50;376;90;44;46
50;289;90;51;39
50;202;112;58;54
50;115;115;66;49
50;28;106;63;43
50;1508;129;80;49
50;1421;103;65;38
50;1334;103;69;34
50;1247;86;46;40
50;1160;93;61;32
50;1073;71;41;30
50;986;84;46;38
50;899;71;38;33
50;812;149;73;76
50;725;94;48;46
50;638;87;44;43
50;551;97;48;49
50;464;90;43;47
50;377;85;47;38
50;290;104;54;50
50;203;108;59;49
50;116;102;60;42
50;29;123;63;60
50;1509;88;54;34
50;1422;89;62;27
50;1335;81;43;38
50;1248;93;60;33
50;1161;61;34;27
50;1074;78;42;36
50;987;62;29;33
50;900;82;42;40
50;813;87;45;42
50;726;81;42;39
50;639;90;47;43
50;552;91;44;47
50;465;78;46;32
50;378;100;53;47
50;291;104;58;46
50;204;97;56;41
50;117;117;58;59
50;30;136;71;65
50;1510;79;59;20
50;1423;72;38;34
50;1336;85;58;27
50;1249;57;35;22
50;1162;73;40;33
50;1075;60;27;33
50;988;78;42;36
50;901;85;44;41
50;814;76;39;37
50;727;88;48;40
50;640;88;44;44
50;553;71;42;29
50;466;99;52;47
50;379;101;57;44
50;292;89;51;38
50;205;114;56;58
50;118;130;67;63
50;31;127;65;62
50;1511;68;36;32
50;1424;80;54;26
50;1337;48;31;17
50;1250;80;42;38
50;1163;53;23;30
50;1076;73;42;31
50;989;79;40;39
50;902;78;41;37
50;815;84;45;39
50;728;80;41;39
50;641;65;38;27
50;554;96;51;45
50;467;94;54;40
50;380;83;48;35
50;293;112;56;56
50;206;123;63;60
50;119;126;65;61
50;32;134;69;65
50;1512;76;47;29
50;1425;47;34;13
50;1338;72;39;33
50;1251;53;24;29
50;1164;64;38;26
50;1077;74;39;35
50;990;75;41;34
50;903;101;51;50
50;816;76;39;37
50;729;62;38;24
50;642;96;52;44
50;555;92;53;39
50;468;82;49;33
50;381;103;49;54
50;294;118;60;58
50;207;124;64;60
50;120;132;68;64
50;33;122;66;56
50;1513;43;30;13
50;1426;64;35;29
50;1339;54;24;30
50;1252;64;40;24
50;1165;73;40;33
50;1078;72;39;33
50;991;96;48;48
50;904;75;35;40
50;817;55;33;22
50;730;87;47;40
50;643;84;47;37
50;556;77;46;31
50;469;99;46;53
50;382;113;56;57
50;295;128;65;63
50;208;130;66;64
50;121;119;64;55
50;34;149;78;71
50;1514;57;28;29
50;1427;52;23;29
50;1340;60;37;23
50;1253;71;40;31
50;1166;69;37;32
50;1079;96;50;46
50;992;72;33;39
50;905;76;39;37
50;818;82;45;37
50;731;79;46;33
50;644;69;41;28
50;557;92;45;47
50;470;105;51;54
50;383;126;65;61
50;296;131;68;63
50;209;118;65;53
50;122;142;73;69
50;35;141;66;75
50;1515;49;24;25
50;1428;55;33;22
50;1341;71;41;30
50;1254;65;33;32
50;1167;96;51;45
50;1080;72;33;39
50;993;76;38;38
50;906;102;45;57
50;819;75;44;31
50;732;65;39;26
50;645;90;47;43
50;558;104;51;53
50;471;121;59;62
50;384;128;66;62
50;297;120;64;56
50;210;140;71;69
50;123;136;62;74
50;36;146;88;58
50;1516;54;33;21
50;1429;67;35;32
50;1342;68;35;33
50;1255;92;50;42
50;1168;70;33;37
50;1081;73;37;36
50;994;99;43;56
50;907;98;54;44
50;820;61;37;24
50;733;87;46;41
50;646;100;49;51
50;559;118;57;61
50;472;123;62;61
50;385;119;65;54
50;298;141;69;72
50;211;132;60;72
50;124;145;86;59
50;37;143;67;76
50;1517;65;36;29
50;1430;67;36;31
50;1343;88;48;40
50;1256;68;32;36
50;1169;76;41;35
50;1082;95;43;52
50;995;96;54;42
50;908;89;54;35
50;821;86;45;41
50;734;95;46;49
50;647;115;57;58
50;560;123;62;61
50;473;113;61;52
50;386;133;62;71
50;299;132;60;72
50;212;142;86;56
50;125;140;64;76
50;38;141;65;76
50;1518;64;35;29
50;1431;84;47;37
50;1344;67;32;35
50;1257;76;40;36
50;1170;95;43;52
50;1083;93;53;40
50;996;90;56;34
50;909;109;60;49
50;822;91;44;47
50;735;115;57;58
50;648;114;57;57
50;561;109;60;49
50;474;136;64;72
50;387;134;62;72
50;300;143;86;57
50;213;136;62;74
50;126;139;63;76
50;39;151;74;77
50;1519;86;47;39
50;1432;66;32;34
50;1345;70;36;34
50;1258;93;42;51
50;1171;92;54;38
50;1084;85;53;32
50;997;108;60;48
50;910;112;58;54
50;823;113;57;56
50;736;112;55;57
50;649;110;59;51
50;562;133;62;71
50;475;134;61;73
50;388;140;82;58
50;301;139;63;76
50;214;138;62;76
50;127;150;74;76
50;40;185;92;93
50;1520;63;30;33
50;1433;66;33;33
50;1346;92;41;51
50;1259;90;53;37
50;1172;87;54;33
50;1085;103;58;45
50;998;109;57;52
50;911;122;65;57
50;824;107;51;56
50;737;107;58;49
50;650;132;63;69
50;563;131;58;73
50;476;139;82;57
50;389;139;63;76
50;302;138;63;75
50;215;150;76;74
50;128;180;88;92
50;41;139;69;70
50;1521;63;31;32
50;1434;85;37;48
50;1347;90;52;38
50;1260;84;54;30
50;1173;102;57;45
50;1086;107;55;52
50;999;118;63;55
50;912;112;50;62
50;825;104;55;49
50;738;130;62;68
50;651;129;57;72
50;564;136;80;56
50;477;136;60;76
50;390;136;63;73
50;303;148;75;73
50;216;176;87;89
50;129;139;67;72
50;42;148;87;61
50;1522;81;35;46
50;1435;91;53;38
50;1348;87;55;32
50;1261;102;57;45
50;1174;108;55;53
50;1087;118;63;55
50;1000;105;44;61
50;913;115;56;59
50;826;128;61;67
50;739;128;56;72
50;652;132;78;54
50;565;133;59;74
50;478;132;60;72
50;391;143;72;71
50;304;172;84;88
50;217;139;69;70
50;130;144;84;60
50;43;156;91;65
50;1523;92;53;39
50;1436;87;55;32
50;1349;101;55;46
50;1262;106;53;53
50;1175;119;64;55
50;1088;108;44;64
50;1001;116;57;59
50;914;132;67;65
50;827;126;54;72
50;740;128;77;51
50;653;129;56;73
50;566;126;54;72
50;479;144;72;72
50;392;173;86;87
50;305;140;69;71
50;218;139;83;56
50;131;155;90;65
50;44;133;58;75
50;1524;88;55;33
50;1437;97;53;44
50;1350;105;52;53
50;1263;119;65;54
50;1176;106;44;62
50;1089;118;58;60
50;1002;130;66;64
50;915;128;56;72
50;828;126;76;50
50;741;126;57;69
50;654;124;53;71
50;567;138;68;70
50;480;171;84;87
50;393;139;70;69
50;306;135;80;55
50;219;154;88;66
50;132;136;60;76
50;45;122;63;59
50;1525;94;51;43
50;1438;105;53;52
50;1351;121;65;56
50;1264;103;43;60
50;1177;115;55;60
50;1090;128;66;62
50;1003;121;53;68
50;916;141;85;56
50;829;125;57;68
50;742;123;54;69
50;655;137;68;69
50;568;167;82;85
50;481;137;69;68
50;394;133;80;53
50;307;150;88;62
50;220;132;58;74
50;133;118;61;57
50;46;106;56;50
50;1526;104;52;52
50;1439;118;65;53
50;1352;101;43;58
50;1265;114;54;60
50;1178;127;64;63
50;1091;120;52;68
50;1004;140;85;55
50;917;135;64;71
50;830;121;53;68
50;743;134;67;67
50;656;166;81;85
50;569;133;66;67
50;482;131;77;54
50;395;152;89;63
50;308;130;56;74
50;221;121;61;60
50;134;106;55;51
50;47;122;59;63
50;1527;114;62;52
50;1440;99;43;56
50;1353;112;53;59
50;1266;130;66;64
50;1179;118;52;66
50;1092;137;82;55
50;1005;134;63;71
50;918;130;58;72
50;831;132;67;65
50;744;161;79;82
50;657;132;65;67
50;570;134;76;58
50;483;150;87;63
50;396;130;55;75
50;309;118;60;58
50;222;104;55;49
50;135;123;61;62
50;48;103;62;41
50;1528;96;40;56
50;1441;112;53;59
50;1354;129;63;66
50;1267;120;54;66
50;1180;137;83;54
50;1093;133;63;70
50;1006;129;57;72
50;919;134;68;66
50;832;154;76;78
50;745;128;64;64
50;658;131;72;59
50;571;149;84;65
50;484;126;52;74
50;397;119;60;59
50;310;104;55;49
50;223;122;60;62
50;136;102;61;41
50;49;116;59;57
50;1529;112;53;59
50;1442;128;63;65
50;1355;124;58;66
50;1268;139;84;55
50;1181;133;63;70
50;1094;128;56;72
50;1007;134;68;66
50;920;163;75;88
50;833;123;61;62
50;746;130;71;59
50;659;151;86;65
50;572;124;51;73
50;485;109;54;55
50;398;103;54;49
50;311;117;57;60
50;224;103;62;41
50;137;114;56;58
50;50;108;53;55
50;1530;126;61;65
50;1443;125;58;67
50;1356;137;82;55
50;1269;132;63;69
50;1182;130;57;73
50;1095;136;70;66
50;1008;160;72;88
50;921;125;61;64
50;834;129;71;58
50;747;149;85;64
50;660;121;49;72
50;573;103;49;54
50;486;100;51;49
50;399;116;57;59
50;312;98;61;37
50;225;113;56;57
50;138;107;52;55
50;51;110;59;51
50;1531;124;55;69
50;1444;135;78;57
50;1357;127;59;68
50;1270;127;57;70
50;1183;135;69;66
50;1096;159;71;88
50;1009;121;60;61
50;922;132;67;65
50;835;149;85;64
50;748;119;49;70
50;661;102;48;54
50;574;98;50;48
50;487;112;54;58
50;400;97;60;37
50;313;108;53;55
50;226;106;50;56
50;139;108;58;50
50;52;115;56;59
50;1532;131;76;55
50;1445;124;57;67
50;1358;126;56;70
50;1271;134;68;66
50;1184;156;68;88
50;1097;119;58;61
50;1010;132;67;65
50;923;151;83;68
50;836;121;50;71
50;749;101;48;53
50;662;99;52;47
50;575;111;54;57
50;488;94;57;37
50;401;106;52;54
50;314;102;46;56
50;227;105;54;51
50;140;114;55;59
50;53;80;43;37
50;1533;122;57;65
50;1446;122;53;69
50;1359;134;69;65
50;1272;157;68;89
50;1185;117;56;61
50;1098;131;66;65
50;1011;150;83;67
50;924;127;52;75
50;837;100;48;52
50;750;97;51;46
50;663;107;53;54
50;576;93;55;38
50;489;99;46;53
50;402;99;45;54
50;315;101;52;49
50;228;114;56;58
50;141;80;43;37
50;54;79;38;41
50;1534;121;53;68
50;1447;131;67;64
50;1360;154;65;89
50;1273;114;54;60
50;1186;128;65;63
50;1099;148;80;68
50;1012;125;52;73
50;925;104;50;54
50;838;97;52;45
50;751;105;51;54
50;664;90;53;37
50;577;97;45;52
50;490;98;43;55
50;403;101;50;51
50;316;115;53;62
50;229;78;41;37
50;142;78;38;40
50;55;83;39;44
50;1535;128;65;63
50;1448;153;64;89
50;1361;111;50;61
50;1274;124;61;63
50;1187;146;80;66
50;1100;122;50;72
50;1013;102;49;53
50;926;100;52;48
50;839;102;51;51
50;752;85;49;36
50;665;92;43;49
50;578;97;42;55
50;491;101;50;51
50;404;113;53;60
50;317;72;37;35
50;230;76;37;39
50;143;82;39;43
50;56;80;35;45
50;1536;150;61;89
50;1449;109;49;60
50;1362;122;60;62
50;1275;144;78;66
50;1188;119;48;71
50;1101;101;49;52
50;1014;98;51;47
50;927;102;47;55
50;840;83;48;35
50;753;88;41;47
50;666;97;43;54
50;579;97;47;50
50;492;110;52;58
50;405;73;38;35
50;318;76;36;40
50;231;78;36;42
50;144;79;34;45
50;57;99;46;53
50;1537;109;49;60
50;1450;120;60;60
50;1363;141;78;63
50;1276;115;47;68
50;1189;102;48;54
50;1102;99;52;47
50;1015;102;47;55
50;928;86;49;37
50;841;87;39;48
50;754;93;42;51
50;667;95;45;50
50;580;108;51;57
50;493;74;39;35
50;406;73;35;38
50;319;70;30;40
50;232;78;34;44
50;145;98;45;53
50;58;102;42;60
50;1538;115;57;58
50;1451;139;77;62
50;1364;114;44;70
50;1277;102;48;54
50;1190;98;52;46
50;1103;98;46;52
50;1016;83;46;37
50;929;94;43;51
50;842;90;37;53
50;755;93;45;48
50;668;102;46;56
50;581;73;36;37
50;494;71;33;38
50;407;68;28;40
50;320;76;34;42
50;233;96;45;51
50;146;101;44;57
50;59;110;46;64
50;1539;137;76;61
50;1452;114;46;68
50;1365;99;47;52
50;1278;97;50;47
50;1191;94;43;51
50;1104;80;44;36
50;1017;92;43;49
50;930;92;41;51
50;843;91;43;48
50;756;100;46;54
50;669;73;36;37
50;582;71;33;38
50;495;64;24;40
50;408;74;33;41
50;321;93;43;50
50;234;101;42;59
50;147;106;43;63
50;60;122;56;66
50;1540;113;46;67
50;1453;97;46;51
50;1366;95;49;46
50;1279;91;41;50
50;1192;78;42;36
50;1105;94;45;49
50;1018;94;41;53
50;931;84;37;47
50;844;97;44;53
50;757;69;34;35
50;670;69;31;38
50;583;61;23;38
50;496;72;31;41
50;409;92;43;49
50;322;96;41;55
50;235;103;42;61
50;148;119;53;66
50;61;119;54;65
50;1541;99;47;52
50;1454;94;48;46
50;1367;90;40;50
50;1280;80;42;38
50;1193;93;46;47
50;1106;93;40;53
50;1019;83;36;47
50;932;95;43;52
50;845;67;32;35
50;758;67;29;38
50;671;60;22;38
50;584;72;30;42
50;497;89;42;47
50;410;98;42;56
50;323;100;41;59
50;236;119;52;67
50;149;117;53;64
50;62;106;38;68
50;1542;95;48;47
50;1455;87;37;50
50;1368;81;43;38
50;1281;90;42;48
50;1194;89;37;52
50;1107;81;35;46
50;1020;91;41;50
50;933;68;34;34
50;846;67;29;38
50;759;57;21;36
50;672;71;29;42
50;585;85;37;48
50;498;94;40;54
50;411;96;40;56
50;324;119;53;66
50;237;117;54;63
50;150;104;36;68
50;63;111;51;60
50;1543;88;38;50
50;1456;80;41;39
50;1369;89;40;49
50;1282;87;37;50
50;1195;80;34;46
50;1108;86;38;48
50;1021;68;34;34
50;934;62;25;37
50;847;58;22;36
50;760;68;29;39
50;673;81;34;47
50;586;92;38;54
50;499;92;36;56
50;412;115;51;64
50;325;113;52;61
50;238;105;35;70
50;151;109;49;60
50;64;121;51;70
50;1544;79;41;38
50;1457;87;38;49
50;1370;83;35;48
50;1283;74;29;45
50;1196;84;36;48
50;1109;68;35;33
50;1022;61;24;37
50;935;61;23;38
50;848;65;26;39
50;761;79;34;45
50;674;90;38;52
50;587;90;35;55
50;500;112;48;64
50;413;110;50;60
50;326;104;36;68
50;239;109;49;60
50;152;118;49;69
50;65;123;50;73
50;1545;87;38;49
50;1458;85;36;49
50;1371;71;27;44
50;1284;84;36;48
50;1197;66;33;33
50;1110;60;24;36
50;1023;61;23;38
50;936;64;26;38
50;849;75;31;44
50;762;91;39;52
50;675;86;31;55
50;588;111;47;64
50;501;107;47;60
50;414;101;36;65
50;327;108;48;60
50;240;114;47;67
50;153;120;47;73
50;66;123;51;72
50;1546;85;35;50
50;1459;66;24;42
50;1372;87;37;50
50;1285;63;31;32
50;1198;59;24;35
50;1111;57;20;37
50;1024;63;25;38
50;937;77;31;46
50;850;90;39;51
50;763;83;31;52
50;676;106;43;63
50;589;105;44;61
50;502;98;33;65
50;415;108;48;60
50;328;113;46;67
50;241;118;45;73
50;154;119;49;70
50;67;124;43;81
50;1547;66;23;43
50;1460;88;38;50
50;1373;63;31;32
50;1286;57;22;35
50;1199;55;18;37
50;1112;63;25;38
50;1025;74;29;45
50;938;83;33;50
50;851;85;32;53
50;764;104;44;60
50;677;104;44;60
50;590;95;31;64
50;503;104;47;57
50;416;112;47;65
50;329;117;44;73
50;242;122;50;72
50;155;121;40;81
50;68;117;48;69
50;1548;88;36;52
50;1461;63;30;33
50;1374;55;20;35
50;1287;53;17;36
50;1200;62;23;39
50;1113;73;28;45
50;1026;83;33;50
50;939;85;30;55
50;852;100;40;60
50;765;103;43;60
50;678;90;28;62
50;591;100;43;57
50;504;109;46;63
50;417;114;42;72
50;330;114;47;67
50;243;119;41;78
50;156;117;48;69
50;69;104;41;63
50;1549;63;30;33
50;1462;53;18;35
50;1375;54;16;38
50;1288;58;22;36
50;1201;71;26;45
50;1114;81;32;49
50;1027;86;30;56
50;940;98;40;58
50;853;102;42;60
50;766;89;28;61
50;679;97;41;56
50;592;105;45;60
50;505;114;42;72
50;418;110;44;66
50;331;115;37;78
50;244;115;45;70
50;157;101;38;63
50;70;115;57;58
50;1550;55;19;36
50;1463;53;16;37
50;1376;58;21;37
50;1289;71;27;44
50;1202;80;31;49
50;1115;82;27;55
50;1028;95;39;56
50;941;96;35;61
50;854;83;24;59
50;767;88;37;51
50;680;100;43;57
50;593;110;39;71
50;506;105;41;64
50;419;106;32;74
50;332;115;45;70
50;245;95;32;63
50;158;114;56;58
50;71;92;37;55
50;1551;51;15;36
50;1464;54;19;35
50;1377;70;26;44
50;1290;79;30;49
50;1203;80;25;55
50;1116;90;38;52
50;1029;93;34;59
50;942;79;24;55
50;855;85;35;50
50;768;96;42;54
50;681;106;38;68
50;594;101;40;61
50;507;104;30;74
50;420;114;43;71
50;333;94;32;62
50;246;110;54;56
50;159;87;33;54
50;72;106;42;64
50;1552;48;18;30
50;1465;69;26;43
50;1378;77;29;48
50;1291;77;24;53
50;1204;87;35;52
50;1117;90;32;58
50;1030;78;22;56
50;943;81;29;52
50;856;93;41;52
50;769;103;36;67
50;682;97;38;59
50;595;101;30;71
50;508;106;39;67
50;421;95;31;64
50;334;102;48;54
50;247;90;33;57
50;160;110;45;65
50;73;106;44;62
50;1553;68;26;42
50;1466;75;29;46
50;1379;72;22;50
50;1292;83;33;50
50;1205;87;30;57
50;1118;76;22;54
50;1031;76;27;49
50;944;93;39;54
50;857;101;36;65
50;770;92;36;56
50;683;93;28;65
50;596;97;37;60
50;509;92;31;61
50;422;101;48;53
50;335;84;31;53
50;248;104;41;63
50;161;102;42;60
50;74;93;39;54
50;1554;72;28;44
50;1467;72;23;49
50;1380;81;32;49
50;1293;86;29;57
50;1206;75;21;54
50;1119;76;27;49
50;1032;91;37;54
50;945;93;32;61
50;858;87;35;52
50;771;90;27;63
50;684;96;35;61
50;597;86;27;59
50;510;98;45;53
50;423;80;29;51
50;336;104;42;62
50;249;100;40;60
50;162;86;33;53
50;75;81;27;54
50;1555;67;20;47
50;1468;78;30;48
50;1381;81;26;55
50;1294;72;20;52
50;1207;71;23;48
50;1120;89;37;52
50;1033;90;30;60
50;946;80;34;46
50;859;91;26;65
50;772;87;31;56
50;685;79;26;53
50;598;96;44;52
50;511;78;28;50
50;424;100;40;60
50;337;97;38;59
50;250;84;31;53
50;163;80;25;55
50;76;84;31;53
50;1556;75;27;48
50;1469;75;24;51
50;1382;69;20;49
50;1295;66;19;47
50;1208;86;36;50
50;1121;82;24;58
50;1034;78;32;46
50;947;88;25;63
50;860;83;29;54
50;773;73;26;47
50;686;93;42;51
50;599;74;23;51
50;512;94;37;57
50;425;96;38;58
50;338;76;27;49
50;251;83;28;55
50;164;81;29;52
50;77;72;20;52
50;1557;71;23;48
50;1470;68;19;49
50;1383;61;16;45
50;1296;83;33;50
50;1209;79;25;54
50;1122;74;30;44
50;1035;83;23;60
50;948;71;26;45
50;861;66;23;43
50;774;87;40;47
50;687;73;22;51
50;600;88;32;56
50;513;91;36;55
50;426;74;27;47
50;339;77;24;53
50;252;75;26;49
50;165;65;19;46
50;78;79;26;53
50;1558;66;18;48
50;1471;58;15;43
50;1384;82;32;50
50;1297;72;23;49
50;1210;71;29;42
50;1123;80;21;59
50;1036;67;25;42
50;949;58;18;40
50;862;80;37;43
50;775;71;22;49
50;688;84;31;53
50;601;86;32;54
50;514;70;26;44
50;427;74;22;52
50;340;69;25;44
50;253;58;16;42
50;166;75;24;51
50;79;64;20;44
50;1559;55;15;40
50;1472;79;31;48
50;1385;69;22;47
50;1298;64;26;38
50;1211;72;18;54
50;1124;56;19;37
50;1037;56;18;38
50;950;77;35;42
50;863;63;20;43
50;776;75;28;47
50;689;81;30;51
50;602;64;22;42
50;515;70;21;49
50;428;63;21;42
50;341;55;15;40
50;254;72;22;50
50;167;60;19;41
50;80;60;18;42
50;1560;74;28;46
50;1473;63;23;40
50;1386;62;26;36
50;1299;69;16;53
50;1212;55;18;37
50;1125;50;16;34
50;1038;73;33;40
50;951;55;15;40
50;864;73;27;46
50;777;76;29;47
50;690;60;22;38
50;603;65;16;49
50;516;60;20;40
50;429;51;14;37
50;342;71;19;52
50;255;58;19;39
50;168;57;18;39
50;81;70;27;43
50;1561;58;20;38
50;1474;58;25;33
50;1387;62;14;48
50;1300;50;17;33
50;1213;46;13;33
50;1126;68;28;40
50;1039;51;14;37
50;952;69;26;43
50;865;67;27;40
50;778;56;22;34
50;691;63;15;48
50;604;60;20;40
50;517;45;14;31
50;430;63;16;47
50;343;57;18;39
50;256;50;13;37
50;169;62;23;39
50;82;38;13;25
50;1562;51;23;28
50;1475;56;13;43
50;1388;48;16;32
50;1301;44;12;32
50;1214;62;23;39
50;1127;48;13;35
50;1040;61;23;38
50;953;66;21;45
50;866;51;22;29
50;779;54;14;40
50;692;59;19;40
50;605;42;13;29
50;518;57;12;45
50;431;51;18;33
50;344;48;13;35
50;257;56;21;35
50;170;37;13;24
50;83;28;6;22
50;1563;52;11;41
50;1476;42;13;29
50;1389;40;10;30
50;1302;54;21;33
50;1215;43;10;33
50;1128;54;19;35
50;1041;63;20;43
50;954;46;20;26
50;867;51;14;37
50;780;53;17;36
50;693;38;13;25
50;606;54;14;40
50;519;42;16;26
50;432;47;13;34
50;345;54;19;35
50;258;32;10;22
50;171;28;7;21
50;84;31;7;24
50;1564;39;12;27
50;1477;33;6;27
50;1390;45;19;26
50;1303;40;9;31
50;1216;46;15;31
50;1129;58;16;42
50;1042;43;17;26
50;955;43;11;32
50;868;50;16;34
50;781;34;10;24
50;694;47;11;36
50;607;38;13;25
50;520;39;10;29
50;433;46;16;30
50;346;30;8;22
50;259;25;4;21
50;172;27;6;21
50;85;30;12;18
50;1565;201;49;152
50;1478;208;56;152
50;1391;203;52;151
50;1304;201;55;146
50;1217;201;60;141
50;1130;177;59;118
50;1043;174;52;122
50;956;176;53;123
50;869;186;62;124
50;782;176;54;122
50;695;154;51;103
50;608;153;47;106
50;521;150;45;105
50;434;148;36;112
50;347;149;40;109
50;260;142;34;108
50;173;145;40;105
50;86;138;39;99
50;1566;7542;3635;3907
50;1479;7727;3735;3992
50;1392;7947;3837;4110
50;1305;8096;3909;4187
50;1218;8255;3979;4276
50;1131;8399;4051;4348
50;1044;8537;4111;4426
50;957;8717;4175;4542
50;870;8981;4307;4674
50;783;9205;4409;4796
50;696;9437;4473;4964
50;609;9660;4562;5098
50;522;9854;4679;5175
50;435;10151;4841;5310
50;348;10323;4924;5399
50;261;10453;4979;5474
50;174;10588;5048;5540
50;87;10681;5127;5554
51;1480;222;115;107
51;1393;211;98;113
51;1306;246;125;121
51;1219;269;146;123
51;1132;257;136;121
51;1045;228;99;129
51;958;269;145;124
51;871;262;123;139
51;784;266;146;120
51;697;306;156;150
51;610;257;125;132
51;523;275;136;139
51;436;292;140;152
51;349;319;161;158
51;262;314;181;133
51;175;320;156;164
51;88;356;180;176
51;1;349;189;160
51;1481;215;101;114
51;1394;244;126;118
51;1307;269;147;122
51;1220;260;136;124
51;1133;232;98;134
51;1046;264;141;123
51;959;256;121;135
51;872;235;125;110
51;785;303;154;149
51;698;255;124;131
51;611;270;135;135
51;524;289;139;150
51;437;316;158;158
51;350;314;181;133
51;263;315;154;161
51;176;348;177;171
51;89;347;185;162
51;2;409;211;198
51;1482;241;124;117
51;1395;255;141;114
51;1308;258;131;127
51;1221;229;95;134
51;1134;263;142;121
51;1047;252;118;134
51;960;233;123;110
51;873;251;131;120
51;786;251;124;127
51;699;271;136;135
51;612;287;139;148
51;525;311;156;155
51;438;310;176;134
51;351;313;152;161
51;264;344;174;170
51;177;345;185;160
51;90;404;210;194
51;3;385;194;191
51;1483;243;134;109
51;1396;254;129;125
51;1309;227;93;134
51;1222;262;140;122
51;1135;243;110;133
51;1048;236;126;110
51;961;254;134;120
51;874;230;110;120
51;787;273;134;139
51;700;284;137;147
51;613;308;155;153
51;526;309;175;134
51;439;310;152;158
51;352;343;172;171
51;265;340;182;158
51;178;406;210;196
51;91;378;194;184
51;4;461;227;234
51;1484;250;126;124
51;1397;226;91;135
51;1310;262;141;121
51;1223;239;110;129
51;1136;231;123;108
51;1049;258;138;120
51;962;230;109;121
51;875;249;123;126
51;788;286;138;148
51;701;306;154;152
51;614;308;175;133
51;527;309;149;160
51;440;339;171;168
51;353;336;180;156
51;266;402;209;193
51;179;375;192;183
51;92;453;224;229
51;5;451;219;232
51;1485;217;90;127
51;1398;258;141;117
51;1311;239;113;126
51;1224;235;126;109
51;1137;253;130;123
51;1050;221;105;116
51;963;248;126;122
51;876;259;124;135
51;789;298;151;147
51;702;305;175;130
51;615;305;149;156
51;528;336;168;168
51;441;331;179;152
51;354;400;207;193
51;267;370;189;181
51;180;453;223;230
51;93;448;217;231
51;6;445;231;214
51;1486;250;136;114
51;1399;242;115;127
51;1312;229;125;104
51;1225;253;130;123
51;1138;215;101;114
51;1051;244;127;117
51;964;251;117;134
51;877;287;149;138
51;790;304;176;128
51;703;305;148;157
51;616;332;163;169
51;529;329;176;153
51;442;395;205;190
51;355;367;187;180
51;268;452;223;229
51;181;447;216;231
51;94;445;231;214
51;7;488;241;247
51;1487;241;116;125
51;1400;225;120;105
51;1313;251;128;123
51;1226;213;99;114
51;1139;245;126;119
51;1052;253;118;135
51;965;284;149;135
51;878;286;165;121
51;791;302;146;156
51;704;329;162;167
51;617;328;175;153
51;530;390;203;187
51;443;372;190;182
51;356;448;221;227
51;269;445;214;231
51;182;444;230;214
51;95;485;238;247
51;8;528;297;231
51;1488;222;119;103
51;1401;251;130;121
51;1314;214;98;116
51;1227;242;125;117
51;1140;243;115;128
51;1053;275;145;130
51;966;281;161;120
51;879;282;135;147
51;792;325;161;164
51;705;325;176;149
51;618;390;203;187
51;531;371;190;181
51;444;445;219;226
51;357;446;213;233
51;270;441;230;211
51;183;487;239;248
51;96;522;292;230
51;9;679;357;322
51;1489;250;129;121
51;1402;212;98;114
51;1315;238;123;115
51;1228;243;113;130
51;1141;280;148;132
51;1054;279;159;120
51;967;283;136;147
51;880;321;157;164
51;793;323;174;149
51;706;388;201;187
51;619;370;190;180
51;532;440;216;224
51;445;442;209;233
51;358;440;229;211
51;271;483;235;248
51;184;520;290;230
51;97;669;348;321
51;10;640;323;317
51;1490;211;99;112
51;1403;236;124;112
51;1316;239;111;128
51;1229;276;146;130
51;1142;275;156;119
51;1055;281;134;147
51;968;318;155;163
51;881;324;184;140
51;794;390;203;187
51;707;368;191;177
51;620;443;218;225
51;533;442;208;234
51;446;437;227;210
51;359;479;233;246
51;272;515;288;227
51;185;671;351;320
51;98;637;320;317
51;11;648;324;324
51;1491;236;126;110
51;1404;234;108;126
51;1317;276;146;130
51;1230;278;154;124
51;1143;279;135;144
51;1056;322;158;164
51;969;319;179;140
51;882;393;205;188
51;795;368;190;178
51;708;438;215;223
51;621;442;208;234
51;534;437;227;210
51;447;478;231;247
51;360;513;289;224
51;273;665;349;316
51;186;635;319;316
51;99;643;321;322
51;12;617;302;315
51;1492;232;107;125
51;1405;277;147;130
51;1318;280;159;121
51;1231;282;135;147
51;1144;317;153;164
51;1057;319;180;139
51;970;391;205;186
51;883;356;183;173
51;796;435;214;221
51;709;439;205;234
51;622;429;221;208
51;535;480;230;250
51;448;508;286;222
51;361;662;347;315
51;274;628;316;312
51;187;631;315;316
51;100;614;300;314
51;13;675;330;345
51;1493;271;144;127
51;1406;279;157;122
51;1319;280;134;146
51;1232;316;153;163
51;1145;315;176;139
51;1058;390;206;184
51;971;347;178;169
51;884;454;222;232
51;797;434;203;231
51;710;430;221;209
51;623;481;231;250
51;536;508;285;223
51;449;646;337;309
51;362;620;312;308
51;275;622;311;311
51;188;609;296;313
51;101;661;324;337
51;14;667;335;332
51;1494;273;153;120
51;1407;279;133;146
51;1320;317;156;161
51;1233;311;174;137
51;1146;391;207;184
51;1059;345;177;168
51;972;451;222;229
51;885;434;200;234
51;798;431;221;210
51;711;477;229;248
51;624;499;281;218
51;537;641;336;305
51;450;614;309;305
51;363;614;307;307
51;276;598;291;307
51;189;650;319;331
51;102;657;328;329
51;15;679;345;334
51;1495;274;132;142
51;1408;317;156;161
51;1321;304;171;133
51;1234;386;203;183
51;1147;344;178;166
51;1060;449;223;226
51;973;429;197;232
51;886;421;216;205
51;799;477;229;248
51;712;500;283;217
51;625;638;333;305
51;538;612;306;306
51;451;604;301;303
51;364;593;288;305
51;277;638;318;320
51;190;645;321;324
51;103;668;339;329
51;16;665;335;330
51;1496;314;155;159
51;1409;305;174;131
51;1322;387;204;183
51;1235;340;178;162
51;1148;446;223;223
51;1061;427;197;230
51;974;418;216;202
51;887;468;221;247
51;800;497;282;215
51;713;631;330;301
51;626;611;304;307
51;539;597;297;300
51;452;578;282;296
51;365;625;311;314
51;278;635;318;317
51;191;660;332;328
51;104;660;333;327
51;17;634;316;318
51;1497;304;174;130
51;1410;385;204;181
51;1323;336;177;159
51;1236;447;225;222
51;1149;425;195;230
51;1062;415;216;199
51;975;464;218;246
51;888;513;282;231
51;801;624;328;296
51;714;606;303;303
51;627;596;296;300
51;540;570;278;292
51;453;610;303;307
51;366;622;310;312
51;279;647;328;319
51;192;648;325;323
51;105;623;311;312
51;18;640;330;310
51;1498;375;198;177
51;1411;331;173;158
51;1324;446;223;223
51;1237;425;195;230
51;1150;403;207;196
51;1063;459;215;244
51;976;509;281;228
51;889;627;332;295
51;802;601;303;298
51;715;587;292;295
51;628;558;274;284
51;541;592;290;302
51;454;606;300;306
51;367;636;323;313
51;280;635;321;314
51;193;608;305;303
51;106;627;325;302
51;19;500;279;221
51;1499;308;163;145
51;1412;428;216;212
51;1325;411;186;225
51;1238;395;201;194
51;1151;452;212;240
51;1064;498;276;222
51;977;615;322;293
51;890;473;245;228
51;803;572;285;287
51;716;556;275;281
51;629;586;291;295
51;542;587;290;297
51;455;601;306;295
51;368;615;311;304
51;281;600;303;297
51;194;606;318;288
51;107;481;264;217
51;20;376;218;158
51;1500;404;200;204
51;1413;395;178;217
51;1326;396;202;194
51;1239;437;205;232
51;1152;490;275;215
51;1065;600;316;284
51;978;468;245;223
51;891;426;229;197
51;804;540;266;274
51;717;577;288;289
51;630;578;287;291
51;543;581;294;287
51;456;581;294;287
51;369;587;296;291
51;282;597;311;286
51;195;468;259;209
51;108;372;214;158
51;21;377;223;154
51;1501;369;168;201
51;1414;381;192;189
51;1327;436;208;228
51;1240;491;271;220
51;1153;592;310;282
51;1066;449;231;218
51;979;412;221;191
51;892;423;223;200
51;805;565;281;284
51;718;568;282;286
51;631;565;286;279
51;544;560;284;276
51;457;550;281;269
51;370;571;301;270
51;283;458;252;206
51;196;368;214;154
51;109;376;221;155
51;22;430;223;207
51;1502;365;183;182
51;1415;417;200;217
51;1328;480;261;219
51;1241;572;304;268
51;1154;445;230;215
51;1067;389;208;181
51;980;403;212;191
51;893;430;238;192
51;806;551;276;275
51;719;549;282;267
51;632;543;277;266
51;545;535;271;264
51;458;534;285;249
51;371;440;244;196
51;284;356;206;150
51;197;368;220;148
51;110;418;217;201
51;23;351;171;180
51;1503;388;189;199
51;1416;454;250;204
51;1329;552;293;259
51;1242;437;232;205
51;1155;363;203;160
51;1068;374;202;172
51;981;409;229;180
51;894;417;229;188
51;807;517;267;250
51;720;534;272;262
51;633;511;267;244
51;546;513;274;239
51;459;413;230;183
51;372;349;202;147
51;285;358;214;144
51;198;415;215;200
51;111;335;168;167
51;24;445;232;213
51;1504;431;241;190
51;1417;524;283;241
51;1330;409;221;188
51;1243;346;198;148
51;1156;358;197;161
51;1069;370;212;158
51;982;399;221;178
51;895;405;235;170
51;808;513;257;256
51;721;485;253;232
51;634;494;264;230
51;547;400;224;176
51;460;320;187;133
51;373;352;211;141
51;286;408;215;193
51;199;331;169;162
51;112;434;224;210
51;25;450;243;207
51;1505;494;269;225
51;1418;373;211;162
51;1331;313;182;131
51;1244;347;198;149
51;1157;356;212;144
51;1070;368;210;158
51;983;370;218;152
51;896;373;199;174
51;809;466;242;224
51;722;477;255;222
51;635;393;219;174
51;548;292;171;121
51;461;311;191;120
51;374;395;209;186
51;287;328;166;162
51;200;422;219;203
51;113;439;242;197
51;26;457;236;221
51;1506;323;194;129
51;1419;279;175;104
51;1332;321;186;135
51;1245;344;211;133
51;1158;347;206;141
51;1071;354;213;141
51;984;338;183;155
51;897;344;187;157
51;810;452;246;206
51;723;371;211;160
51;636;282;165;117
51;549;296;184;112
51;462;382;205;177
51;375;307;162;145
51;288;409;210;199
51;201;438;243;195
51;114;438;226;212
51;27;472;225;247
51;1507;257;169;88
51;1420;283;165;118
51;1333;321;199;122
51;1246;324;199;125
51;1159;332;201;131
51;1072;298;163;135
51;985;317;175;142
51;898;313;189;124
51;811;352;205;147
51;724;265;161;104
51;637;286;178;108
51;550;359;191;168
51;463;291;155;136
51;376;379;190;189
51;289;418;232;186
51;202;426;220;206
51;115;457;219;238
51;28;527;262;265
51;1508;255;153;102
51;1421;275;179;96
51;1334;285;179;106
51;1247;325;205;120
51;1160;271;153;118
51;1073;284;164;120
51;986;277;176;101
51;899;329;186;143
51;812;244;150;94
51;725;264;167;97
51;638;339;184;155
51;551;279;147;132
51;464;365;187;178
51;377;406;223;183
51;290;417;215;202
51;203;453;220;233
51;116;516;254;262
51;29;556;300;256
51;1509;244;169;75
51;1422;239;154;85
51;1335;310;202;108
51;1248;257;146;111
51;1161;252;149;103
51;1074;270;172;98
51;987;317;184;133
51;900;273;158;115
51;813;257;167;90
51;726;320;174;146
51;639;269;142;127
51;552;351;179;172
51;465;392;216;176
51;378;404;209;195
51;291;441;217;224
51;204;503;244;259
51;117;542;291;251
51;30;573;272;301
51;1510;207;135;72
51;1423;267;185;82
51;1336;246;137;109
51;1249;233;140;93
51;1162;256;166;90
51;1075;307;175;132
51;988;261;154;107
51;901;297;168;129
51;814;304;167;137
51;727;247;129;118
51;640;342;174;168
51;553;379;209;170
51;466;393;205;188
51;379;433;213;220
51;292;489;236;253
51;205;536;287;249
51;118;556;265;291
51;31;572;296;276
51;1511;251;174;77
51;1424;222;129;93
51;1337;214;126;88
51;1250;236;158;78
51;1163;288;168;120
51;1076;250;143;107
51;989;278;157;121
51;902;340;171;169
51;815;242;127;115
51;728;329;172;157
51;641;372;204;168
51;554;386;202;184
51;467;422;208;214
51;380;471;225;246
51;293;531;288;243
51;206;558;267;291
51;119;562;289;273
51;32;519;254;265
51;1512;191;113;78
51;1425;189;112;77
51;1338;222;148;74
51;1251;278;167;111
51;1164;239;140;99
51;1077;268;151;117
51;990;332;166;166
51;903;288;140;148
51;816;328;171;157
51;729;364;199;165
51;642;373;197;176
51;555;410;198;212
51;468;455;218;237
51;381;504;270;234
51;294;538;258;280
51;207;555;284;271
51;120;509;250;259
51;33;570;277;293
51;1513;174;104;70
51;1426;196;130;66
51;1339;263;160;103
51;1252;227;136;91
51;1165;258;144;114
51;1078;318;153;165
51;991;266;126;140
51;904;344;179;165
51;817;354;194;160
51;730;363;192;171
51;643;402;191;211
51;556;443;211;232
51;469;481;257;224
51;382;527;250;277
51;295;539;278;261
51;208;503;246;257
51;121;554;270;284
51;34;622;316;306
51;1514;180;119;61
51;1427;244;151;93
51;1340;224;131;93
51;1253;254;144;110
51;1166;304;147;157
51;1079;261;125;136
51;992;328;174;154
51;905;381;193;188
51;818;351;185;166
51;731;396;186;210
51;644;441;205;236
51;557;474;253;221
51;470;510;245;265
51;383;530;272;258
51;296;493;240;253
51;209;552;268;284
51;122;612;312;300
51;35;596;319;277
51;1515;228;143;85
51;1428;200;117;83
51;1341;242;136;106
51;1254;302;144;158
51;1167;250;119;131
51;1080;320;168;152
51;993;376;190;186
51;906;377;183;194
51;819;390;181;209
51;732;431;202;229
51;645;467;253;214
51;558;503;244;259
51;471;519;265;254
51;384;488;236;252
51;297;546;265;281
51;210;602;305;297
51;123;589;313;276
51;36;627;323;304
51;1516;194;114;80
51;1429;230;128;102
51;1342;288;141;147
51;1255;250;116;134
51;1168;321;168;153
51;1081;366;184;182
51;994;366;173;193
51;907;429;200;229
51;820;422;196;226
51;733;460;251;209
51;646;497;238;259
51;559;509;258;251
51;472;475;227;248
51;385;532;255;277
51;298;584;298;286
51;211;577;306;271
51;124;615;316;299
51;37;590;278;312
51;1517;217;119;98
51;1430;269;132;137
51;1343;241;111;130
51;1256;319;170;149
51;1169;366;184;182
51;1082;362;172;190
51;995;426;200;226
51;908;454;218;236
51;821;454;243;211
51;734;486;233;253
51;647;495;250;245
51;560;464;223;241
51;473;516;243;273
51;386;582;297;285
51;299;570;304;266
51;212;607;309;298
51;125;585;275;310
51;38;594;303;291
51;1518;263;128;135
51;1431;231;104;127
51;1344;316;168;148
51;1257;361;181;180
51;1170;362;173;189
51;1083;421;192;229
51;996;453;218;235
51;909;492;255;237
51;822;481;227;254
51;735;490;249;241
51;648;461;223;238
51;561;505;238;267
51;474;572;294;278
51;387;563;299;264
51;300;598;305;293
51;213;579;272;307
51;126;587;297;290
51;39;640;340;300
51;1519;223;100;123
51;1432;308;157;151
51;1345;355;176;179
51;1258;368;175;193
51;1171;414;188;226
51;1084;439;210;229
51;997;486;250;236
51;910;525;263;262
51;823;481;243;238
51;736;450;215;235
51;649;496;231;265
51;562;558;284;274
51;475;550;292;258
51;388;591;306;285
51;301;576;271;305
51;214;576;291;285
51;127;629;333;296
51;40;662;348;314
51;1520;292;150;142
51;1433;345;170;175
51;1346;363;177;186
51;1259;408;185;223
51;1172;426;200;226
51;1085;478;245;233
51;998;516;259;257
51;911;546;279;267
51;824;441;212;229
51;737;490;228;262
51;650;552;280;272
51;563;545;289;256
51;476;582;298;284
51;389;574;269;305
51;302;569;285;284
51;215;622;329;293
51;128;654;342;312
51;41;701;361;340
51;1521;341;168;173
51;1434;360;173;187
51;1347;402;181;221
51;1260;423;199;224
51;1173;470;238;232
51;1086;512;255;257
51;999;533;266;267
51;912;480;234;246
51;825;485;226;259
51;738;548;278;270
51;651;537;284;253
51;564;572;289;283
51;477;564;266;298
51;390;556;280;276
51;303;612;324;288
51;216;645;336;309
51;129;691;355;336
51;42;650;329;321
51;1522;355;166;189
51;1435;398;177;221
51;1348;416;194;222
51;1261;471;241;230
51;1174;508;252;256
51;1087;526;264;262
51;1000;478;237;241
51;913;519;248;271
51;826;538;271;267
51;739;531;280;251
51;652;559;284;275
51;565;555;261;294
51;478;542;267;275
51;391;602;320;282
51;304;637;332;305
51;217;692;355;337
51;130;639;325;314
51;43;608;313;295
51;1523;389;169;220
51;1436;409;190;219
51;1349;475;246;229
51;1262;505;252;253
51;1175;520;259;261
51;1088;467;229;238
51;1001;507;240;267
51;914;579;288;291
51;827;524;276;248
51;740;547;275;272
51;653;551;261;290
51;566;531;258;273
51;479;597;312;285
51;392;628;326;302
51;305;683;352;331
51;218;639;325;314
51;131;608;313;295
51;44;563;271;292
51;1524;412;192;220
51;1437;468;240;228
51;1350;490;243;247
51;1263;518;261;257
51;1176;463;225;238
51;1089;507;240;267
51;1002;567;277;290
51;915;551;292;259
51;828;541;271;270
51;741;546;256;290
51;654;527;252;275
51;567;581;303;278
51;480;620;321;299
51;393;676;349;327
51;306;632;323;309
51;219;603;313;290
51;132;553;265;288
51;45;562;294;268
51;1525;461;240;221
51;1438;487;240;247
51;1351;510;259;251
51;1264;457;224;233
51;1177;506;244;262
51;1090;569;278;291
51;1003;542;285;257
51;916;566;287;279
51;829;535;248;287
51;742;521;250;271
51;655;575;300;275
51;568;608;316;292
51;481;679;348;331
51;394;624;319;305
51;307;597;308;289
51;220;550;266;284
51;133;550;288;262
51;46;495;250;245
51;1526;475;230;245
51;1439;510;262;248
51;1352;451;220;231
51;1265;508;244;264
51;1178;561;271;290
51;1091;534;281;253
51;1004;563;289;274
51;917;546;251;295
51;830;516;248;268
51;743;563;290;273
51;656;605;316;289
51;569;675;344;331
51;482;612;311;301
51;395;590;302;288
51;308;547;264;283
51;221;551;288;263
51;134;483;243;240
51;47;485;243;242
51;1527;509;265;244
51;1440;454;222;232
51;1353;499;240;259
51;1266;556;264;292
51;1179;527;278;249
51;1092;557;285;272
51;1005;538;251;287
51;918;510;254;256
51;831;555;285;270
51;744;599;311;288
51;657;662;335;327
51;570;602;305;297
51;483;580;293;287
51;396;545;264;281
51;309;538;281;257
51;222;482;244;238
51;135;485;240;245
51;48;502;263;239
51;1528;450;218;232
51;1441;495;239;256
51;1354;554;266;288
51;1267;520;273;247
51;1180;557;283;274
51;1093;530;245;285
51;1006;509;253;256
51;919;571;300;271
51;832;592;309;283
51;745;650;326;324
51;658;588;294;294
51;571;575;291;284
51;484;541;260;281
51;397;530;278;252
51;310;480;244;236
51;223;482;239;243
51;136;493;258;235
51;49;524;247;277
51;1529;489;234;255
51;1442;539;257;282
51;1355;516;268;248
51;1268;554;283;271
51;1181;530;242;288
51;1094;505;252;253
51;1007;556;290;266
51;920;586;297;289
51;833;637;319;318
51;746;585;292;293
51;659;564;280;284
51;572;529;252;277
51;485;515;270;245
51;398;472;236;236
51;311;478;237;241
51;224;491;256;235
51;137;512;239;273
51;50;510;262;248
51;1530;525;251;274
51;1443;515;265;250
51;1356;548;279;269
51;1269;526;239;287
51;1182;503;250;253
51;1095;556;289;267
51;1008;580;293;287
51;921;658;325;333
51;834;576;285;291
51;747;550;271;279
51;660;513;244;269
51;573;506;264;242
51;486;467;235;232
51;399;468;232;236
51;312;484;251;233
51;225;501;232;269
51;138;496;253;243
51;51;497;251;246
51;1531;509;260;249
51;1444;542;273;269
51;1357;521;237;284
51;1270;498;248;250
51;1183;553;286;267
51;1096;570;286;284
51;1009;645;319;326
51;922;573;274;299
51;835;545;265;280
51;748;508;240;268
51;661;505;263;242
51;574;460;230;230
51;487;465;230;235
51;400;482;251;231
51;313;499;229;270
51;226;488;248;240
51;139;487;245;242
51;52;437;213;224
51;1532;538;272;266
51;1445;510;231;279
51;1358;494;246;248
51;1271;549;283;266
51;1184;564;281;283
51;1097;642;316;326
51;1010;564;269;295
51;923;541;267;274
51;836;499;234;265
51;749;495;254;241
51;662;453;227;226
51;575;457;224;233
51;488;479;248;231
51;401;494;224;270
51;314;486;247;239
51;227;484;243;241
51;140;430;208;222
51;53;435;209;226
51;1533;500;226;274
51;1446;484;244;240
51;1359;544;283;261
51;1272;562;278;284
51;1185;636;312;324
51;1098;560;267;293
51;1011;533;260;273
51;924;492;230;262
51;837;487;249;238
51;750;445;221;224
51;663;452;221;231
51;576;469;242;227
51;489;485;220;265
51;402;475;239;236
51;315;479;242;237
51;228;427;207;220
51;141;428;202;226
51;54;389;180;209
51;1534;487;247;240
51;1447;533;279;254
51;1360;555;274;281
51;1273;630;306;324
51;1186;561;267;294
51;1099;528;254;274
51;1012;485;228;257
51;925;504;253;251
51;838;439;217;222
51;751;442;216;226
51;664;456;239;217
51;577;475;213;262
51;490;465;232;233
51;403;469;236;233
51;316;422;203;219
51;229;425;199;226
51;142;379;180;199
51;55;374;191;183
51;1535;532;275;257
51;1448;554;273;281
51;1361;622;300;322
51;1274;555;262;293
51;1187;526;252;274
51;1100;479;224;255
51;1013;499;248;251
51;926;452;224;228
51;839;440;218;222
51;752;448;236;212
51;665;463;202;261
51;578;458;225;233
51;491;459;230;229
51;404;417;196;221
51;317;418;194;224
51;230;376;178;198
51;143;369;188;181
51;56;469;234;235
51;1536;548;269;279
51;1449;618;297;321
51;1362;550;257;293
51;1275;523;254;269
51;1188;473;223;250
51;1101;492;245;247
51;1014;447;219;228
51;927;448;224;224
51;840;440;231;209
51;753;452;199;253
51;666;448;221;227
51;579;452;225;227
51;492;415;193;222
51;405;412;189;223
51;318;369;171;198
51;231;362;186;176
51;144;456;227;229
51;57;430;207;223
51;1537;613;294;319
51;1450;540;249;291
51;1363;513;247;266
51;1276;470;217;253
51;1189;485;237;248
51;1102;444;215;229
51;1015;442;222;220
51;928;439;228;211
51;841;436;191;245
51;754;439;212;227
51;667;443;220;223
51;580;408;186;222
51;493;397;178;219
51;406;368;170;198
51;319;362;187;175
51;232;452;224;228
51;145;420;201;219
51;58;512;220;292
51;1538;528;242;286
51;1451;509;245;264
51;1364;463;212;251
51;1277;481;233;248
51;1190;438;211;227
51;1103;433;217;216
51;1016;432;223;209
51;929;465;206;259
51;842;424;202;222
51;755;436;211;225
51;668;401;181;220
51;581;391;176;215
51;494;364;167;197
51;407;355;181;174
51;320;441;217;224
51;233;416;199;217
51;146;490;206;284
51;59;543;239;304
51;1539;496;239;257
51;1452;454;207;247
51;1365;475;228;247
51;1278;432;207;225
51;1191;431;215;216
51;1104;421;215;206
51;1017;455;199;256
51;930;430;204;226
51;843;425;204;221
51;756;398;178;220
51;669;385;171;214
51;582;356;162;194
51;495;348;178;170
51;408;423;206;217
51;321;407;197;210
51;234;480;202;278
51;147;533;231;302
51;60;548;244;304
51;1540;447;205;242
51;1453;468;222;246
51;1366;430;206;224
51;1279;423;209;214
51;1192;416;212;204
51;1105;448;196;252
51;1018;426;198;228
51;931;415;186;229
51;844;389;172;217
51;757;378;165;213
51;670;347;156;191
51;583;341;169;172
51;496;417;205;212
51;409;397;192;205
51;322;468;192;276
51;235;524;227;297
51;148;536;237;299
51;61;527;252;275
51;1541;462;216;246
51;1454;420;197;223
51;1367;414;203;211
51;1280;411;208;203
51;1193;436;188;248
51;1106;413;186;227
51;1019;404;176;228
51;932;377;162;215
51;845;370;161;209
51;758;338;151;187
51;671;332;163;169
51;584;408;199;209
51;497;389;187;202
51;410;459;185;274
51;323;515;217;298
51;236;527;234;293
51;149;522;249;273
51;62;500;217;283
51;1542;410;191;219
51;1455;406;199;207
51;1368;406;204;202
51;1281;427;183;244
51;1194;408;185;223
51;1107;393;168;225
51;1020;368;157;211
51;933;356;150;206
51;846;323;141;182
51;759;324;158;166
51;672;397;191;206
51;585;384;183;201
51;498;443;174;269
51;411;506;211;295
51;324;524;233;291
51;237;515;244;271
51;150;496;212;284
51;63;479;206;273
51;1543;397;195;202
51;1456;399;199;200
51;1369;420;178;242
51;1282;400;181;219
51;1195;383;163;220
51;1108;359;150;209
51;1021;348;145;203
51;934;329;144;185
51;847;315;153;162
51;760;374;178;196
51;673;365;175;190
51;586;436;171;265
51;499;502;211;291
51;412;511;224;287
51;325;508;238;270
51;238;490;207;283
51;151;479;206;273
51;64;549;241;308
51;1544;392;194;198
51;1457;415;175;240
51;1370;392;173;219
51;1283;380;161;219
51;1196;348;140;208
51;1109;342;140;202
51;1022;317;134;183
51;935;314;146;168
51;848;360;169;191
51;761;352;163;189
51;674;423;161;262
51;587;490;202;288
51;500;500;217;283
51;413;499;235;264
51;326;480;201;279
51;239;476;204;272
51;152;547;240;307
51;65;582;239;343
51;1545;408;171;237
51;1458;379;163;216
51;1371;367;153;214
51;1284;341;137;204
51;1197;334;135;199
51;1110;309;127;182
51;1023;306;140;166
51;936;361;162;199
51;849;341;156;185
51;762;408;153;255
51;675;480;198;282
51;588;490;211;279
51;501;483;220;263
51;414;473;194;279
51;327;473;202;271
51;240;547;240;307
51;153;570;233;337
51;66;486;212;274
51;1546;365;154;211
51;1459;361;149;212
51;1372;332;132;200
51;1285;329;134;195
51;1198;304;123;181
51;1111;302;135;167
51;1024;348;151;197
51;937;337;152;185
51;850;398;146;252
51;763;468;188;280
51;676;481;203;278
51;589;476;215;261
51;502;463;187;276
51;415;457;191;266
51;328;535;234;301
51;241;570;231;339
51;154;482;207;275
51;67;512;182;330
51;1547;350;141;209
51;1460;322;125;197
51;1373;320;128;192
51;1286;299;120;179
51;1199;293;128;165
51;1112;340;145;195
51;1025;329;144;185
51;938;399;139;260
51;851;461;183;278
51;764;465;194;271
51;677;457;200;257
51;590;451;178;273
51;503;448;181;267
51;416;519;219;300
51;329;563;224;339
51;242;475;201;274
51;155;497;176;321
51;68;494;197;297
51;1548;317;121;196
51;1461;310;119;191
51;1374;287;114;173
51;1287;287;126;161
51;1200;333;138;195
51;1113;320;137;183
51;1026;387;133;254
51;939;460;174;286
51;852;454;187;267
51;765;440;186;254
51;678;439;170;269
51;591;443;177;266
51;504;508;211;297
51;417;552;217;335
51;330;464;192;272
51;243;491;170;321
51;156;491;194;297
51;69;555;219;336
51;1549;299;112;187
51;1462;284;115;169
51;1375;279;120;159
51;1288;321;131;190
51;1201;314;133;181
51;1114;377;125;252
51;1027;444;163;281
51;940;437;175;262
51;853;427;174;253
51;766;423;161;262
51;679;440;172;268
51;592;498;202;296
51;505;540;207;333
51;418;452;189;263
51;331;488;168;320
51;244;482;189;293
51;157;545;213;332
51;70;487;171;316
51;1550;276;111;165
51;1463;271;115;156
51;1376;309;124;185
51;1289;304;128;176
51;1202;371;120;251
51;1115;433;160;273
51;1028;423;163;260
51;941;411;162;249
51;854;414;157;257
51;767;423;160;263
51;680;482;197;285
51;593;530;198;332
51;506;438;179;259
51;419;481;169;312
51;332;464;176;288
51;245;538;207;331
51;158;473;162;311
51;71;467;169;298
51;1551;262;110;152
51;1464;301;121;180
51;1377;295;124;171
51;1290;365;117;248
51;1203;420;154;266
51;1116;410;159;251
51;1029;391;148;243
51;942;393;140;253
51;855;411;152;259
51;768;464;186;278
51;681;511;189;322
51;594;422;169;253
51;507;465;161;304
51;420;451;169;282
51;333;526;198;328
51;246;455;152;303
51;159;461;164;297
51;72;486;178;308
51;1552;289;114;175
51;1465;285;120;165
51;1378;354;111;243
51;1291;409;145;264
51;1204;393;148;245
51;1117;379;140;239
51;1030;382;134;248
51;943;393;145;248
51;856;447;178;269
51;769;487;175;312
51;682;411;163;248
51;595;453;152;301
51;508;429;155;274
51;421;506;182;324
51;334;438;139;299
51;247;444;151;293
51;160;475;169;306
51;73;496;185;311
51;1553;277;114;163
51;1466;337;104;233
51;1379;393;135;258
51;1292;378;140;238
51;1205;365;129;236
51;1118;369;126;243
51;1031;380;137;243
51;944;422;159;263
51;857;477;169;308
51;770;390;149;241
51;683;444;146;298
51;596;404;141;263
51;509;489;176;313
51;422;428;134;294
51;335;436;145;291
51;248;468;167;301
51;161;485;178;307
51;74;468;172;296
51;1554;317;94;223
51;1467;379;127;252
51;1380;363;130;233
51;1293;355;119;236
51;1206;365;124;241
51;1119;370;131;239
51;1032;403;148;255
51;945;460;159;301
51;858;378;142;236
51;771;433;141;292
51;684;391;132;259
51;597;476;167;309
51;510;406;126;280
51;423;414;134;280
51;336;447;155;292
51;249;467;163;304
51;162;445;162;283
51;75;422;128;294
51;1555;368;119;249
51;1468;346;118;228
51;1381;341;112;229
51;1294;350;114;236
51;1207;353;121;232
51;1120;391;144;247
51;1033;449;157;292
51;946;352;127;225
51;859;418;130;288
51;772;377;127;250
51;685;456;152;304
51;598;384;115;269
51;511;396;126;270
51;424;435;150;285
51;337;442;148;294
51;250;424;154;270
51;163;403;118;285
51;76;414;107;307
51;1556;332;109;223
51;1469;324;102;222
51;1382;344;108;236
51;1295;338;114;224
51;1208;376;135;241
51;1121;423;149;274
51;1034;332;116;216
51;947;394;119;275
51;860;357;115;242
51;773;432;138;294
51;686;369;107;262
51;599;383;123;260
51;512;419;145;274
51;425;422;137;285
51;338;403;147;256
51;251;387;113;274
51;164;401;101;300
51;77;353;116;237
51;1557;307;95;212
51;1470;327;100;227
51;1383;316;106;210
51;1296;356;123;233
51;1209;412;143;269
51;1122;312;105;207
51;1035;375;111;264
51;948;351;114;237
51;861;413;127;286
51;774;344;96;248
51;687;357;113;244
51;600;399;137;262
51;513;401;127;274
51;426;372;132;240
51;339;375;105;270
51;252;385;95;290
51;165;335;109;226
51;78;360;107;253
51;1558;308;93;215
51;1471;295;97;198
51;1384;341;114;227
51;1297;387;130;257
51;1210;297;98;199
51;1123;363;107;256
51;1036;337;106;231
51;949;373;113;260
51;862;321;88;233
51;775;341;107;234
51;688;373;124;249
51;601;379;116;263
51;514;343;117;226
51;427;360;101;259
51;340;362;82;280
51;253;317;99;218
51;166;346;106;240
51;79;336;108;228
51;1559;279;90;189
51;1472;331;112;219
51;1385;370;124;246
51;1298;279;92;187
51;1211;343;99;244
51;1124;323;99;224
51;1037;350;106;244
51;950;300;81;219
51;863;320;92;228
51;776;349;114;235
51;689;362;108;254
51;602;316;106;210
51;515;345;95;250
51;428;333;72;261
51;341;290;95;195
51;254;331;97;234
51;167;321;103;218
51;80;281;79;202
51;1560;319;109;210
51;1473;353;112;241
51;1386;260;81;179
51;1299;315;89;226
51;1212;299;90;209
51;1125;334;98;236
51;1038;284;73;211
51;951;292;83;209
51;864;323;101;222
51;777;338;96;242
51;690;291;87;204
51;603;320;87;233
51;516;307;64;243
51;429;265;84;181
51;342;316;88;228
51;255;295;88;207
51;168;264;70;194
51;81;243;66;177
51;1561;328;98;230
51;1474;246;77;169
51;1387;298;84;214
51;1300;282;81;201
51;1213;309;89;220
51;1126;260;69;191
51;1039;274;76;198
51;952;298;89;209
51;865;309;79;230
51;778;259;70;189
51;691;295;77;218
51;604;279;58;221
51;517;247;75;172
51;430;285;78;207
51;343;277;74;203
51;256;242;66;176
51;169;217;57;160
51;82;161;48;113
51;1562;224;66;158
51;1475;278;79;199
51;1388;256;70;186
51;1301;285;74;211
51;1214;237;64;173
51;1127;248;68;180
51;1040;275;75;200
51;953;288;75;213
51;866;232;61;171
51;779;275;74;201
51;692;253;50;203
51;605;224;72;152
51;518;258;70;188
51;431;254;66;188
51;344;226;62;164
51;257;200;51;149
51;170;146;44;102
51;83;120;32;88
51;1563;253;70;183
51;1476;242;66;176
51;1389;261;68;193
51;1302;216;54;162
51;1215;227;62;165
51;1128;248;64;184
51;1041;273;68;205
51;954;206;55;151
51;867;249;68;181
51;780;229;46;183
51;693;196;63;133
51;606;237;67;170
51;519;225;60;165
51;432;215;57;158
51;345;192;48;144
51;258;119;30;89
51;171;105;30;75
51;84;115;35;80
51;1564;223;59;164
51;1477;238;63;175
51;1390;194;48;146
51;1303;201;53;148
51;1216;221;55;166
51;1129;250;63;187
51;1042;191;51;140
51;955;214;56;158
51;868;202;38;164
51;781;180;56;124
51;694;208;51;157
51;607;197;50;147
51;520;196;47;149
51;433;169;43;126
51;346;103;27;76
51;259;100;28;72
51;172;106;31;75
51;85;102;30;72
51;1565;1007;235;772
51;1478;985;217;768
51;1391;1008;228;780
51;1304;998;225;773
51;1217;980;227;753
51;1130;925;222;703
51;1043;899;214;685
51;956;849;202;647
51;869;785;211;574
51;782;752;202;550
51;695;706;188;518
51;608;662;175;487
51;521;599;156;443
51;434;606;155;451
51;347;634;162;472
51;260;652;171;481
51;173;681;184;497
51;86;716;187;529
51;1566;29472;13818;15654
51;1479;30451;14239;16212
51;1392;31454;14693;16761
51;1305;32191;15025;17166
51;1218;32748;15233;17515
51;1131;33434;15537;17897
51;1044;34218;15917;18301
51;957;35022;16309;18713
51;870;35993;16764;19229
51;783;36768;17144;19624
51;696;37549;17512;20037
51;609;38309;17889;20420
51;522;39098;18302;20796
51;435;40097;18791;21306
51;348;40832;19155;21677
51;261;41434;19425;22009
51;174;41888;19644;22244
51;87;42511;19948;22563
52;1480;246;127;119
52;1393;264;132;132
52;1306;310;154;156
52;1219;283;138;145
52;1132;320;160;160
52;1045;302;152;150
52;958;314;169;145
52;871;238;108;130
52;784;301;155;146
52;697;292;156;136
52;610;268;136;132
52;523;315;164;151
52;436;273;154;119
52;349;323;155;168
52;262;366;201;165
52;175;380;195;185
52;88;398;206;192
52;1;451;228;223
52;1481;247;123;124
52;1394;302;151;151
52;1307;279;136;143
52;1220;311;154;157
52;1133;302;153;149
52;1046;310;168;142
52;959;231;105;126
52;872;267;137;130
52;785;282;148;134
52;698;266;134;132
52;611;312;162;150
52;524;270;151;119
52;437;315;149;166
52;350;367;201;166
52;263;374;192;182
52;176;396;208;188
52;89;448;225;223
52;2;456;244;212
52;1482;303;151;152
52;1395;270;130;140
52;1308;295;147;148
52;1221;310;158;152
52;1134;302;163;139
52;1047;217;99;118
52;960;260;134;126
52;873;265;139;126
52;786;258;130;128
52;699;310;162;148
52;612;271;152;119
52;525;315;149;166
52;438;360;195;165
52;351;371;190;181
52;264;388;203;185
52;177;445;224;221
52;90;454;239;215
52;3;475;258;217
52;1483;266;128;138
52;1396;289;142;147
52;1309;304;156;148
52;1222;293;157;136
52;1135;199;91;108
52;1048;252;131;121
52;961;260;139;121
52;874;240;125;115
52;787;305;160;145
52;700;269;152;117
52;613;312;147;165
52;526;349;190;159
52;439;360;181;179
52;352;384;203;181
52;265;437;220;217
52;178;451;237;214
52;91;471;256;215
52;4;452;239;213
52;1484;288;142;146
52;1397;302;157;145
52;1310;286;150;136
52;1223;200;93;107
52;1136;249;132;117
52;1049;254;132;122
52;962;236;123;113
52;875;301;158;143
52;788;268;153;115
52;701;300;137;163
52;614;346;188;158
52;527;357;180;177
52;440;378;197;181
52;353;431;217;214
52;266;446;234;212
52;179;467;254;213
52;92;456;237;219
52;5;497;246;251
52;1485;295;152;143
52;1398;284;150;134
52;1311;197;91;106
52;1224;243;129;114
52;1137;250;130;120
52;1050;233;120;113
52;963;301;159;142
52;876;250;135;115
52;789;295;135;160
52;702;346;189;157
52;615;354;179;175
52;528;369;192;177
52;441;428;216;212
52;354;447;235;212
52;267;457;250;207
52;180;451;235;216
52;93;495;243;252
52;6;509;263;246
52;1486;282;149;133
52;1399;200;92;108
52;1312;234;124;110
52;1225;246;130;116
52;1138;227;118;109
52;1051;300;159;141
52;964;250;135;115
52;877;284;137;147
52;790;336;182;154
52;703;349;175;174
52;616;366;192;174
52;529;422;212;210
52;442;440;232;208
52;355;452;247;205
52;268;447;233;214
52;181;493;244;249
52;94;509;264;245
52;7;541;279;262
52;1487;199;95;104
52;1400;233;120;113
52;1313;247;130;117
52;1226;226;118;108
52;1139;292;155;137
52;1052;245;134;111
52;965;286;139;147
52;878;326;171;155
52;791;344;171;173
52;704;361;191;170
52;617;422;210;212
52;530;438;229;209
52;443;451;246;205
52;356;446;233;213
52;269;484;240;244
52;182;506;263;243
52;95;537;280;257
52;8;595;293;302
52;1488;229;116;113
52;1401;244;131;113
52;1314;228;119;109
52;1227;292;154;138
52;1140;243;133;110
52;1053;288;140;148
52;966;326;172;154
52;879;340;176;164
52;792;353;184;169
52;705;413;206;207
52;618;436;227;209
52;531;448;244;204
52;444;440;231;209
52;357;485;241;244
52;270;499;260;239
52;183;536;281;255
52;96;595;295;300
52;9;632;313;319
52;1489;237;129;108
52;1402;229;120;109
52;1315;290;155;135
52;1228;245;137;108
52;1141;287;141;146
52;1054;324;172;152
52;967;338;171;167
52;880;353;171;182
52;793;409;206;203
52;706;432;226;206
52;619;444;242;202
52;532;438;229;209
52;445;481;238;243
52;358;497;259;238
52;271;532;279;253
52;184;595;295;300
52;97;628;308;320
52;10;638;323;315
52;1490;230;120;110
52;1403;285;153;132
52;1316;235;130;105
52;1229;287;141;146
52;1142;321;171;150
52;1055;332;168;164
52;968;353;171;182
52;881;410;204;206
52;794;430;225;205
52;707;438;238;200
52;620;436;228;208
52;533;478;237;241
52;446;495;258;237
52;359;534;279;255
52;272;588;289;299
52;185;622;308;314
52;98;633;319;314
52;11;665;343;322
52;1491;276;148;128
52;1404;233;129;104
52;1317;288;143;145
52;1230;317;172;145
52;1143;331;169;162
52;1056;348;168;180
52;969;408;204;204
52;882;427;221;206
52;795;432;236;196
52;708;425;221;204
52;621;473;234;239
52;534;493;256;237
52;447;530;275;255
52;360;587;288;299
52;273;614;302;312
52;186;629;318;311
52;99;658;341;317
52;12;625;309;316
52;1492;235;134;101
52;1405;284;139;145
52;1318;315;170;145
52;1231;324;165;159
52;1144;347;169;178
52;1057;409;203;206
52;970;426;220;206
52;883;445;236;209
52;796;426;221;205
52;709;469;232;237
52;622;486;254;232
52;535;530;277;253
52;448;581;285;296
52;361;609;298;311
52;274;620;312;308
52;187;649;336;313
52;100;618;306;312
52;13;628;323;305
52;1493;279;137;142
52;1406;316;170;146
52;1319;324;166;158
52;1232;346;167;179
52;1145;406;201;205
52;1058;423;218;205
52;971;443;233;210
52;884;430;238;192
52;797;465;231;234
52;710;486;255;231
52;623;531;275;256
52;536;581;285;296
52;449;594;289;305
52;362;618;308;310
52;275;636;330;306
52;188;608;301;307
52;101;620;319;301
52;14;655;354;301
52;1494;317;169;148
52;1407;321;165;156
52;1320;350;170;180
52;1233;403;197;206
52;1146;423;215;208
52;1059;442;232;210
52;972;430;238;192
52;885;458;235;223
52;798;484;253;231
52;711;524;271;253
52;624;581;286;295
52;537;585;286;299
52;450;612;304;308
52;363;630;328;302
52;276;597;296;301
52;189;611;313;298
52;102;646;349;297
52;15;663;347;316
52;1495;324;166;158
52;1408;345;167;178
52;1321;400;197;203
52;1234;423;215;208
52;1147;442;232;210
52;1060;429;237;192
52;973;456;234;222
52;886;480;241;239
52;799;522;270;252
52;712;577;285;292
52;625;581;282;299
52;538;607;304;303
52;451;613;320;293
52;364;582;286;296
52;277;599;310;289
52;190;635;343;292
52;103;651;340;311
52;16;657;358;299
52;1496;341;167;174
52;1409;397;192;205
52;1322;421;213;208
52;1235;442;232;210
52;1148;425;236;189
52;1061;453;231;222
52;974;477;241;236
52;887;527;273;254
52;800;572;285;287
52;713;580;284;296
52;626;606;304;302
52;539;608;318;290
52;452;562;272;290
52;365;586;303;283
52;278;621;336;285
52;191;639;335;304
52;104;652;355;297
52;17;573;290;283
52;1497;392;188;204
52;1410;413;211;202
52;1323;438;231;207
52;1236;422;236;186
52;1149;452;232;220
52;1062;476;242;234
52;975;519;270;249
52;888;572;284;288
52;801;573;280;293
52;714;600;301;299
52;627;602;315;287
52;540;561;273;288
52;453;576;296;280
52;366;611;329;282
52;279;629;329;300
52;192;638;344;294
52;105;563;287;276
52;18;582;294;288
52;1498;394;202;192
52;1411;429;224;205
52;1324;416;233;183
52;1237;449;232;217
52;1150;474;241;233
52;1063;518;270;248
52;976;563;280;283
52;889;584;294;290
52;802;598;298;300
52;715;594;313;281
52;628;549;270;279
52;541;571;292;279
52;454;591;318;273
52;367;616;319;297
52;280;624;340;284
52;193;562;285;277
52;106;570;290;280
52;19;543;285;258
52;1499;415;217;198
52;1412;410;228;182
52;1325;430;224;206
52;1238;468;240;228
52;1151;511;269;242
52;1064;550;273;277
52;977;565;286;279
52;890;513;264;249
52;803;590;312;278
52;716;544;266;278
52;629;555;284;271
52;542;592;316;276
52;455;589;304;285
52;368;613;330;283
52;281;550;277;273
52;194;560;280;280
52;107;523;280;243
52;20;419;241;178
52;1500;399;226;173
52;1413;422;217;205
52;1326;459;232;227
52;1239;504;267;237
52;1152;549;274;275
52;1065;552;279;273
52;978;494;256;238
52;891;515;277;238
52;804;529;255;274
52;717;547;280;267
52;630;579;312;267
52;543;580;297;283
52;456;582;316;266
52;369;534;272;262
52;282;550;279;271
52;195;519;277;242
52;108;405;233;172
52;21;371;233;138
52;1501;405;208;197
52;1414;438;220;218
52;1327;486;254;232
52;1240;546;274;272
52;1153;540;273;267
52;1066;485;252;233
52;979;503;270;233
52;892;434;225;209
52;805;532;272;260
52;718;567;309;258
52;631;563;290;273
52;544;565;306;259
52;457;500;252;248
52;370;533;268;265
52;283;503;271;232
52;196;407;235;172
52;109;372;233;139
52;22;388;219;169
52;1502;419;208;211
52;1415;461;243;218
52;1328;531;264;267
52;1241;534;270;264
52;1154;483;249;234
52;1067;488;258;230
52;980;423;220;203
52;893;426;229;197
52;806;553;300;253
52;719;554;288;266
52;632;548;296;252
52;545;480;238;242
52;458;507;257;250
52;371;486;264;222
52;284;393;225;168
52;197;372;233;139
52;110;379;214;165
52;23;383;208;175
52;1503;428;231;197
52;1416;521;260;261
52;1329;524;272;252
52;1242;473;244;229
52;1155;474;254;220
52;1068;395;206;189
52;981;404;225;179
52;894;438;240;198
52;807;531;277;254
52;720;527;285;242
52;633;466;233;233
52;546;482;244;238
52;459;461;254;207
52;372;380;222;158
52;285;360;229;131
52;198;381;213;168
52;111;386;205;181
52;24;433;239;194
52;1504;477;242;235
52;1417;498;261;237
52;1330;454;236;218
52;1243;452;249;203
52;1156;378;201;177
52;1069;382;215;167
52;982;408;222;186
52;895;417;247;170
52;808;503;273;230
52;721;459;229;230
52;634;468;238;230
52;547;431;239;192
52;460;362;208;154
52;373;351;225;126
52;286;378;208;170
52;199;391;210;181
52;112;422;230;192
52;25;411;226;185
52;1505;437;239;198
52;1418;410;221;189
52;1331;417;230;187
52;1244;355;195;160
52;1157;361;204;157
52;1070;391;217;174
52;983;390;236;154
52;896;364;198;166
52;809;442;223;219
52;722;453;236;217
52;635;419;231;188
52;548;339;200;139
52;461;317;200;117
52;374;365;199;166
52;287;388;210;178
52;200;421;233;188
52;113;404;221;183
52;26;448;231;217
52;1506;368;203;165
52;1419;391;222;169
52;1332;327;185;142
52;1245;347;197;150
52;1158;373;214;159
52;1071;376;232;144
52;984;323;177;146
52;897;323;169;154
52;810;431;228;203
52;723;389;220;169
52;636;328;190;138
52;549;296;186;110
52;462;347;186;161
52;375;368;204;164
52;288;412;227;185
52;201;399;220;179
52;114;434;220;214
52;27;461;240;221
52;1507;338;199;139
52;1420;303;176;127
52;1333;337;200;137
52;1246;348;207;141
52;1159;355;223;132
52;1072;295;165;130
52;985;311;167;144
52;898;318;187;131
52;811;374;212;162
52;724;309;182;127
52;637;283;177;106
52;550;329;175;154
52;463;352;193;159
52;376;403;228;175
52;289;386;215;171
52;202;426;216;210
52;115;452;234;218
52;28;460;209;251
52;1508;273;171;102
52;1421;307;190;117
52;1334;312;194;118
52;1247;327;211;116
52;1160;272;155;117
52;1073;291;159;132
52;986;304;177;127
52;899;335;171;164
52;812;292;173;119
52;725;269;171;98
52;638;316;165;151
52;551;345;191;154
52;464;376;212;164
52;377;382;212;170
52;290;418;204;214
52;203;438;224;214
52;116;447;200;247
52;29;480;245;235
52;1509;272;172;100
52;1422;276;175;101
52;1335;298;200;98
52;1248;248;140;108
52;1161;271;154;117
52;1074;284;166;118
52;987;314;156;158
52;900;308;149;159
52;813;252;162;90
52;726;289;149;140
52;639;338;185;153
52;552;366;202;164
52;465;369;203;166
52;378;414;206;208
52;291;427;222;205
52;204;439;194;245
52;117;468;240;228
52;30;524;273;251
52;1510;248;157;91
52;1423;270;185;85
52;1336;234;129;105
52;1249;252;149;103
52;1162;287;167;120
52;1075;296;149;147
52;988;298;144;154
52;901;272;157;115
52;814;278;143;135
52;727;322;179;143
52;640;357;200;157
52;553;352;193;159
52;466;404;202;202
52;379;409;212;197
52;292;421;182;239
52;205;460;237;223
52;118;516;270;246
52;31;502;251;251
52;1511;232;163;69
52;1424;211;117;94
52;1337;237;141;96
52;1250;268;158;110
52;1163;269;140;129
52;1076;280;138;142
52;989;260;152;108
52;902;314;160;154
52;815;312;175;137
52;728;342;190;152
52;641;339;188;151
52;554;398;198;200
52;467;398;207;191
52;380;409;179;230
52;293;448;231;217
52;206;502;263;239
52;119;488;246;242
52;32;524;253;271
52;1512;187;106;81
52;1425;216;127;89
52;1338;248;144;104
52;1251;257;137;120
52;1164;266;132;134
52;1077;253;149;104
52;990;307;155;152
52;903;324;168;156
52;816;329;183;146
52;729;335;184;151
52;642;382;190;192
52;555;387;197;190
52;468;392;167;225
52;381;436;224;212
52;294;491;259;232
52;207;482;242;240
52;120;521;247;274
52;33;537;267;270
52;1513;205;121;84
52;1426;239;144;95
52;1339;252;132;120
52;1252;264;133;131
52;1165;233;138;95
52;1078;299;149;150
52;991;321;165;156
52;904;356;183;173
52;817;325;178;147
52;730;366;184;182
52;643;381;194;187
52;556;381;160;221
52;469;416;214;202
52;382;479;251;228
52;295;476;238;238
52;208;518;244;274
52;121;524;259;265
52;34;524;274;250
52;1514;222;134;88
52;1427;249;127;122
52;1340;246;119;127
52;1253;230;132;98
52;1166;287;147;140
52;1079;318;164;154
52;992;339;176;163
52;905;326;166;160
52;818;358;178;180
52;731;373;190;183
52;644;374;157;217
52;557;408;207;201
52;470;453;236;217
52;383;470;235;235
52;296;509;239;270
52;209;525;259;266
52;122;513;266;247
52;35;537;264;273
52;1515;231;118;113
52;1428;227;109;118
52;1341;219;125;94
52;1254;283;145;138
52;1167;308;151;157
52;1080;328;171;157
52;993;306;155;151
52;906;375;182;193
52;819;363;185;178
52;732;361;151;210
52;645;393;193;200
52;558;442;232;210
52;471;456;226;230
52;384;498;233;265
52;297;514;254;260
52;210;509;264;245
52;123;524;254;270
52;36;529;268;261
52;1516;218;101;117
52;1429;204;118;86
52;1342;275;141;134
52;1255;304;149;155
52;1168;316;166;150
52;1081;290;145;145
52;994;373;176;197
52;907;389;202;187
52;820;358;150;208
52;733;386;192;194
52;646;430;224;206
52;559;446;218;228
52;472;487;228;259
52;385;504;252;252
52;298;495;256;239
52;211;518;251;267
52;124;523;267;256
52;37;514;282;232
52;1517;198;119;79
52;1430;277;143;134
52;1343;297;144;153
52;1256;315;168;147
52;1169;280;138;142
52;1082;365;172;193
52;995;376;195;181
52;908;392;176;216
52;821;381;188;193
52;734;421;221;200
52;647;434;209;225
52;560;477;223;254
52;473;487;243;244
52;386;487;253;234
52;299;509;245;264
52;212;521;262;259
52;125;504;274;230
52;38;557;293;264
52;1518;262;128;134
52;1431;275;130;145
52;1344;309;158;151
52;1257;286;141;145
52;1170;361;171;190
52;1083;376;197;179
52;996;389;178;211
52;909;421;216;205
52;822;417;219;198
52;735;423;204;219
52;648;470;217;253
52;561;480;239;241
52;474;472;241;231
52;387;499;237;262
52;300;507;252;255
52;213;502;273;229
52;126;547;285;262
52;39;590;312;278
52;1519;267;123;144
52;1432;300;151;149
52;1345;277;135;142
52;1258;352;169;183
52;1171;368;196;172
52;1084;377;171;206
52;997;417;215;202
52;910;456;223;233
52;823;419;202;217
52;736;465;216;249
52;649;471;231;240
52;562;463;236;227
52;475;489;229;260
52;388;505;251;254
52;301;488;265;223
52;214;544;282;262
52;127;572;301;271
52;40;594;326;268
52;1520;294;149;145
52;1433;267;131;136
52;1346;345;162;183
52;1259;370;197;173
52;1172;371;165;206
52;1085;411;208;203
52;998;448;219;229
52;911;437;211;226
52;824;452;209;243
52;737;463;227;236
52;650;456;231;225
52;563;483;223;260
52;476;489;244;245
52;389;483;260;223
52;302;533;276;257
52;215;568;301;267
52;128;583;317;266
52;41;630;348;282
52;1521;263;128;135
52;1434;336;155;181
52;1347;360;194;166
52;1260;369;163;206
52;1173;403;205;198
52;1086;440;213;227
52;999;435;209;226
52;912;469;223;246
52;825;456;223;233
52;738;449;225;224
52;651;476;217;259
52;564;480;236;244
52;477;479;258;221
52;390;526;274;252
52;303;560;301;259
52;216;579;314;265
52;129;626;346;280
52;42;579;283;296
52;1522;327;152;175
52;1435;356;193;163
52;1348;367;163;204
52;1261;402;201;201
52;1174;434;206;228
52;1087;431;207;224
52;1000;467;222;245
52;913;484;228;256
52;826;442;220;222
52;739;471;217;254
52;652;473;234;239
52;565;470;254;216
52;478;514;269;245
52;391;554;297;257
52;304;569;311;258
52;217;621;343;278
52;130;577;283;294
52;43;538;275;263
52;1523;345;186;159
52;1436;365;165;200
52;1349;394;197;197
52;1262;426;200;226
52;1175;423;201;222
52;1088;463;218;245
52;1001;484;225;259
52;914;458;232;226
52;827;465;214;251
52;740;468;233;235
52;653;459;249;210
52;566;510;264;246
52;479;543;291;252
52;392;557;302;255
52;305;613;337;276
52;218;574;283;291
52;131;536;274;262
52;44;494;257;237
52;1524;362;163;199
52;1437;386;189;197
52;1350;429;203;226
52;1263;415;199;216
52;1176;457;215;242
52;1089;476;223;253
52;1002;455;227;228
52;915;489;237;252
52;828;460;226;234
52;741;453;246;207
52;654;498;258;240
52;567;532;285;247
52;480;543;295;248
52;393;610;336;274
52;306;563;275;288
52;219;535;276;259
52;132;489;255;234
52;45;483;245;238
52;1525;377;187;190
52;1438;422;197;225
52;1351;411;198;213
52;1264;452;215;237
52;1177;470;219;251
52;1090;447;222;225
52;1003;484;236;248
52;916;472;227;245
52;829;451;245;206
52;742;492;255;237
52;655;521;277;244
52;568;525;281;244
52;481;607;334;273
52;394;556;272;284
52;307;535;274;261
52;220;492;257;235
52;133;474;239;235
52;46;443;213;230
52;1526;416;195;221
52;1439;401;195;206
52;1352;451;217;234
52;1265;461;211;250
52;1178;445;222;223
52;1091;480;235;245
52;1004;467;223;244
52;917;476;255;221
52;830;479;246;233
52;743;516;271;245
52;656;520;278;242
52;569;598;328;270
52;482;552;270;282
52;395;534;272;262
52;308;481;248;233
52;221;462;233;229
52;134;437;209;228
52;47;404;224;180
52;1527;398;190;208
52;1440;448;215;233
52;1353;459;210;249
52;1266;444;222;222
52;1179;476;230;246
52;1092;460;218;242
52;1005;475;254;221
52;918;501;257;244
52;831;510;267;243
52;744;513;271;242
52;657;591;322;269
52;570;540;262;278
52;483;532;268;264
52;396;474;244;230
52;309;457;232;225
52;222;435;208;227
52;135;408;226;182
52;48;398;195;203
52;1528;436;209;227
52;1441;456;211;245
52;1354;444;224;220
52;1267;473;226;247
52;1180;459;216;243
52;1093;473;253;220
52;1006;493;253;240
52;919;518;268;250
52;832;507;267;240
52;745;585;318;267
52;658;532;256;276
52;571;536;268;268
52;484;477;245;232
52;397;449;225;224
52;310;435;206;229
52;223;397;222;175
52;136;390;193;197
52;49;379;197;182
52;1529;455;209;246
52;1442;437;218;219
52;1355;470;224;246
52;1268;453;213;240
52;1181;472;252;220
52;1094;493;252;241
52;1007;506;259;247
52;920;517;267;250
52;833;576;313;263
52;746;526;254;272
52;659;530;263;267
52;572;470;239;231
52;485;444;218;226
52;398;424;197;227
52;311;394;219;175
52;224;388;192;196
52;137;372;193;179
52;50;383;211;172
52;1530;433;216;217
52;1443;463;221;242
52;1356;454;214;240
52;1269;466;248;218
52;1182;489;250;239
52;1095;506;257;249
52;1008;511;264;247
52;921;568;306;262
52;834;520;250;270
52;747;523;258;265
52;660;459;231;228
52;573;436;214;222
52;486;411;188;223
52;399;384;212;172
52;312;379;187;192
52;225;367;190;177
52;138;379;207;172
52;51;424;207;217
52;1531;457;219;238
52;1444;449;212;237
52;1357;468;251;217
52;1270;488;251;237
52;1183;508;260;248
52;1096;503;258;245
52;1009;558;297;261
52;922;515;253;262
52;835;513;253;260
52;748;459;232;227
52;661;434;214;220
52;574;399;179;220
52;487;379;209;170
52;400;369;179;190
52;313;357;180;177
52;226;369;200;169
52;139;419;204;215
52;52;406;205;201
52;1532;449;213;236
52;1445;462;248;214
52;1358;485;249;236
52;1271;503;257;246
52;1184;496;253;243
52;1097;553;290;263
52;1010;509;249;260
52;923;494;241;253
52;836;450;225;225
52;749;424;210;214
52;662;392;176;216
52;575;375;205;170
52;488;364;177;187
52;401;346;172;174
52;314;366;198;168
52;227;417;200;217
52;140;401;200;201
52;53;337;158;179
52;1533;459;248;211
52;1446;481;247;234
52;1359;500;256;244
52;1272;492;251;241
52;1185;552;289;263
52;1098;507;246;261
52;1011;489;238;251
52;924;432;217;215
52;837;415;202;213
52;750;391;178;213
52;663;368;202;166
52;576;363;176;187
52;489;338;165;173
52;402;357;192;165
52;315;416;198;218
52;228;401;200;201
52;141;331;154;177
52;54;336;147;189
52;1534;477;243;234
52;1447;493;254;239
52;1360;483;243;240
52;1273;550;287;263
52;1186;496;242;254
52;1099;484;235;249
52;1012;430;216;214
52;925;424;204;220
52;838;390;176;214
52;751;362;200;162
52;664;355;169;186
52;577;332;159;173
52;490;346;183;163
52;403;412;196;216
52;316;402;202;200
52;229;329;151;178
52;142;332;147;185
52;55;300;138;162
52;1535;486;252;234
52;1448;480;238;242
52;1361;547;284;263
52;1274;491;238;253
52;1187;481;234;247
52;1100;427;214;213
52;1013;414;197;217
52;926;391;173;218
52;839;354;195;159
52;752;348;165;183
52;665;326;156;170
52;578;337;174;163
52;491;412;196;216
52;404;397;200;197
52;317;324;147;177
52;230;322;142;180
52;143;299;140;159
52;56;357;172;185
52;1536;476;234;242
52;1449;540;278;262
52;1362;490;237;253
52;1275;479;232;247
52;1188;419;207;212
52;1101;409;197;212
52;1014;386;168;218
52;927;350;187;163
52;840;346;165;181
52;753;317;149;168
52;666;323;166;157
52;579;409;193;216
52;492;387;195;192
52;405;326;147;179
52;318;316;138;178
52;231;296;139;157
52;144;348;169;179
52;57;296;130;166
52;1537;534;274;260
52;1450;485;233;252
52;1363;475;230;245
52;1276;411;203;208
52;1189;407;196;211
52;1102;375;160;215
52;1015;350;186;164
52;928;356;164;192
52;841;311;145;166
52;754;313;160;153
52;667;400;189;211
52;580;381;188;193
52;493;319;143;176
52;406;310;135;175
52;319;292;135;157
52;232;344;165;179
52;145;291;129;162
52;58;410;164;246
52;1538;483;233;250
52;1451;474;229;245
52;1364;407;198;209
52;1277;403;194;209
52;1190;374;158;216
52;1103;340;177;163
52;1016;347;156;191
52;929;324;154;170
52;842;306;157;149
52;755;391;186;205
52;668;378;185;193
52;581;311;138;173
52;494;304;130;174
52;407;292;134;158
52;320;337;161;176
52;233;289;128;161
52;146;398;159;239
52;59;489;212;277
52;1539;470;228;242
52;1452;400;193;207
52;1365;390;183;207
52;1278;372;155;217
52;1191;337;175;162
52;1104;342;152;190
52;1017;323;151;172
52;930;317;160;157
52;843;379;179;200
52;756;369;178;191
52;669;303;132;171
52;582;296;123;173
52;495;288;130;158
52;408;329;153;176
52;321;284;124;160
52;234;398;158;240
52;147;475;203;272
52;60;518;223;295
52;1540;395;188;207
52;1453;387;180;207
52;1366;366;153;213
52;1279;337;176;161
52;1192;343;150;193
52;1105;316;144;172
52;1018;313;157;156
52;931;365;168;197
52;844;362;171;191
52;757;295;123;172
52;670;290;121;169
52;583;283;126;157
52;496;317;148;169
52;409;280;122;158
52;322;396;154;242
52;235;470;198;272
52;148;509;218;291
52;61;501;207;294
52;1541;387;180;207
52;1454;359;148;211
52;1367;332;173;159
52;1280;338;145;193
52;1193;309;137;172
52;1106;301;153;148
52;1019;364;166;198
52;932;354;162;192
52;845;293;124;169
52;758;288;121;167
52;671;278;121;157
52;584;305;137;168
52;497;276;119;157
52;410;392;151;241
52;323;466;194;272
52;236;499;213;286
52;149;494;204;290
52;62;407;164;243
52;1542;353;144;209
52;1455;326;169;157
52;1368;328;138;190
52;1281;302;134;168
52;1194;293;146;147
52;1107;357;159;198
52;1020;343;158;185
52;933;287;118;169
52;846;287;120;167
52;759;269;117;152
52;672;301;135;166
52;585;271;116;155
52;498;383;144;239
52;411;454;186;268
52;324;486;204;282
52;237;485;197;288
52;150;407;167;240
52;63;424;194;230
52;1543;321;165;156
52;1456;321;131;190
52;1369;292;128;164
52;1282;286;141;145
52;1195;355;157;198
52;1108;330;149;181
52;1021;282;117;165
52;934;293;118;175
52;847;263;115;148
52;760;296;130;166
52;673;265;110;155
52;586;373;137;236
52;499;447;182;265
52;412;477;195;282
52;325;479;193;286
52;238;401;166;235
52;151;417;187;230
52;64;417;180;237
52;1544;307;122;185
52;1457;286;123;163
52;1370;276;135;141
52;1283;348;149;199
52;1196;326;146;180
52;1109;275;111;164
52;1022;289;117;172
52;935;255;107;148
52;848;292;127;165
52;761;260;105;155
52;674;359;128;231
52;587;438;176;262
52;500;467;191;276
52;413;471;190;281
52;326;396;162;234
52;239;412;183;229
52;152;411;174;237
52;65;469;203;266
52;1545;281;120;161
52;1458;271;132;139
52;1371;341;142;199
52;1284;322;141;181
52;1197;271;109;162
52;1110;285;116;169
52;1023;249;102;147
52;936;309;141;168
52;849;253;99;154
52;762;350;122;228
52;675;428;169;259
52;588;448;177;271
52;501;463;183;280
52;414;390;157;233
52;327;404;176;228
52;240;409;171;238
52;153;462;200;262
52;66;405;171;234
52;1546;262;126;136
52;1459;328;134;194
52;1372;313;137;176
52;1285;268;108;160
52;1198;278;111;167
52;1111;242;98;144
52;1024;303;138;165
52;937;254;96;158
52;850;333;114;219
52;763;419;162;257
52;676;445;177;268
52;589;451;172;279
52;502;377;147;230
52;415;398;171;227
52;328;395;161;234
52;241;457;196;261
52;154;398;166;232
52;67;481;213;268
52;1547;323;129;194
52;1460;310;134;176
52;1373;259;100;159
52;1286;273;109;164
52;1199;237;95;142
52;1112;298;134;164
52;1025;246;91;155
52;938;337;118;219
52;851;395;147;248
52;764;432;169;263
52;677;443;171;272
52;590;379;148;231
52;503;389;163;226
52;416;389;159;230
52;329;445;188;257
52;242;389;160;229
52;155;473;205;268
52;68;506;205;301
52;1548;304;129;175
52;1461;251;95;156
52;1374;265;106;159
52;1287;232;92;140
52;1200;289;127;162
52;1113;243;89;154
52;1026;328;115;213
52;939;385;139;246
52;852;415;158;257
52;765;429;163;266
52;678;373;141;232
52;591;381;155;226
52;504;381;153;228
52;417;436;182;254
52;330;378;155;223
52;243;467;198;269
52;156;503;200;303
52;69;493;182;311
52;1549;247;91;156
52;1462;252;97;155
52;1375;229;89;140
52;1288;269;115;154
52;1201;237;84;153
52;1114;325;112;213
52;1027;373;131;242
52;940;410;161;249
52;853;427;161;266
52;766;353;131;222
52;679;371;150;221
52;592;371;146;225
52;505;423;169;254
52;418;364;144;220
52;331;451;187;264
52;244;489;191;298
52;157;485;178;307
52;70;437;159;278
52;1550;246;93;153
52;1463;222;86;136
52;1376;263;112;151
52;1289;227;77;150
52;1202;313;102;211
52;1115;363;125;238
52;1028;397;154;243
52;941;425;168;257
52;854;341;126;215
52;767;362;142;220
52;680;351;135;216
52;593;412;161;251
52;506;351;137;214
52;419;434;177;257
52;332;468;178;290
52;245;477;173;304
52;158;430;156;274
52;71;500;189;311
52;1551;214;80;134
52;1464;250;105;145
52;1377;218;72;146
52;1290;305;101;204
52;1203;354;119;235
52;1116;388;149;239
52;1029;414;162;252
52;942;335;128;207
52;855;351;135;216
52;768;349;138;211
52;681;405;156;249
52;594;332;125;207
52;507;427;172;255
52;420;460;175;285
52;333;468;166;302
52;246;414;150;264
52;159;488;181;307
52;72;458;182;276
52;1552;240;98;142
52;1465;210;67;143
52;1378;293;94;199
52;1291;344;113;231
52;1204;371;141;230
52;1117;393;150;243
52;1030;326;123;203
52;943;330;125;205
52;856;334;124;210
52;769;385;149;236
52;682;320;115;205
52;595;410;162;248
52;508;438;159;279
52;421;447;152;295
52;334;395;140;255
52;247;474;174;300
52;160;448;177;271
52;73;411;145;266
52;1553;197;62;135
52;1466;283;88;195
52;1379;336;113;223
52;1292;353;130;223
52;1205;381;145;236
52;1118;311;115;196
52;1031;323;123;200
52;944;337;126;211
52;857;376;142;234
52;770;306;108;198
52;683;396;154;242
52;596;428;153;275
52;509;415;138;277
52;422;387;138;249
52;335;465;169;296
52;248;437;170;267
52;161;401;141;260
52;74;341;119;222
52;1554;273;81;192
52;1467;325;107;218
52;1380;346;125;221
52;1293;368;137;231
52;1206;302;108;194
52;1119;311;119;192
52;1032;330;121;209
52;945;358;131;227
52;858;294;100;194
52;771;380;146;234
52;684;415;144;271
52;597;400;129;271
52;510;373;130;243
52;423;440;154;286
52;336;414;152;262
52;249;381;132;249
52;162;328;112;216
52;75;317;91;226
52;1555;310;98;212
52;1468;335;124;211
52;1381;354;129;225
52;1294;293;102;191
52;1207;299;110;189
52;1120;320;116;204
52;1033;342;122;220
52;946;287;91;196
52;859;365;140;225
52;772;399;136;263
52;685;377;119;258
52;598;354;125;229
52;511;417;143;274
52;424;396;142;254
52;337;367;122;245
52;250;315;104;211
52;163;305;87;218
52;76;318;99;219
52;1556;318;112;206
52;1469;335;119;216
52;1382;280;94;186
52;1295;285;103;182
52;1208;303;110;193
52;1121;322;111;211
52;1034;278;84;194
52;947;347;133;214
52;860;380;129;251
52;773;356;110;246
52;686;338;117;221
52;599;401;137;264
52;512;373;130;243
52;425;351;114;237
52;338;299;95;204
52;251;292;80;212
52;164;309;95;214
52;77;287;84;203
52;1557;317;113;204
52;1470;273;88;185
52;1383;271;96;175
52;1296;283;100;183
52;1209;308;105;203
52;1122;261;77;184
52;1035;333;126;207
52;948;360;124;236
52;861;342;101;241
52;774;320;111;209
52;687;382;129;253
52;600;358;122;236
52;513;328;102;226
52;426;282;88;194
52;339;281;76;205
52;252;292;88;204
52;165;273;76;197
52;78;260;71;189
52;1558;263;84;179
52;1471;258;89;169
52;1384;268;92;176
52;1297;296;97;199
52;1210;243;70;173
52;1123;319;119;200
52;1036;336;115;221
52;949;314;91;223
52;862;300;101;199
52;775;353;120;233
52;688;328;108;220
52;601;316;99;217
52;514;268;85;183
52;427;263;69;194
52;340;279;85;194
52;253;260;66;194
52;166;252;68;184
52;79;255;77;178
52;1559;250;86;164
52;1472;254;84;170
52;1385;278;87;191
52;1298;229;64;165
52;1211;301;109;192
52;1124;312;106;206
52;1037;291;83;208
52;950;283;94;189
52;863;340;112;228
52;776;309;100;209
52;689;286;85;201
52;602;253;78;175
52;515;245;62;183
52;428;259;79;180
52;341;252;60;192
52;254;234;60;174
52;167;244;71;173
52;80;174;59;115
52;1560;234;79;155
52;1473;260;77;183
52;1386;211;59;152
52;1299;275;96;179
52;1212;288;96;192
52;1125;277;79;198
52;1038;270;89;181
52;951;311;98;213
52;864;290;94;196
52;777;270;78;192
52;690;230;69;161
52;603;233;59;174
52;516;240;70;170
52;429;230;50;180
52;342;213;50;163
52;255;230;70;160
52;168;165;56;109
52;81;187;62;125
52;1561;241;71;170
52;1474;198;57;141
52;1387;254;88;166
52;1300;266;86;180
52;1213;265;73;192
52;1126;247;79;168
52;1039;287;93;194
52;952;263;80;183
52;865;252;74;178
52;778;210;64;146
52;691;214;52;162
52;604;215;60;155
52;517;206;42;164
52;430;195;46;149
52;343;223;68;155
52;256;155;50;105
52;169;177;57;120
52;82;156;44;112
52;1562;180;52;128
52;1475;237;82;155
52;1388;245;75;170
52;1301;245;69;176
52;1214;229;70;159
52;1127;271;91;180
52;1040;245;74;171
52;953;226;61;165
52;866;196;56;140
52;779;204;48;156
52;692;193;51;142
52;605;183;32;151
52;518;180;43;137
52;431;203;58;145
52;344;142;44;98
52;257;164;51;113
52;170;136;42;94
52;83;118;25;93
52;1563;218;73;145
52;1476;232;69;163
52;1389;228;61;167
52;1302;206;62;144
52;1215;241;82;159
52;1128;221;64;157
52;1041;206;58;148
52;954;174;50;124
52;867;181;39;142
52;780;173;42;131
52;693;166;29;137
52;606;162;37;125
52;519;187;54;133
52;432;129;38;91
52;345;147;45;102
52;258;121;35;86
52;171;109;22;87
52;84;107;33;74
52;1564;212;61;151
52;1477;216;58;158
52;1390;183;55;128
52;1303;221;72;149
52;1216;199;53;146
52;1129;181;47;134
52;1042;164;46;118
52;955;159;35;124
52;868;157;39;118
52;781;147;24;123
52;694;149;35;114
52;607;168;45;123
52;520;120;36;84
52;433;137;41;96
52;346;115;32;83
52;259;105;24;81
52;172;97;32;65
52;85;105;29;76
52;1565;868;244;624
52;1478;813;232;581
52;1391;809;226;583
52;1304;755;190;565
52;1217;723;171;552
52;1130;687;161;526
52;1043;661;145;516
52;956;627;140;487
52;869;663;143;520
52;782;631;150;481
52;695;617;156;461
52;608;553;135;418
52;521;558;138;420
52;434;550;129;421
52;347;557;134;423
52;260;599;161;438
52;173;626;172;454
52;86;627;173;454
52;1566;28039;13338;14701
52;1479;28938;13736;15202
52;1392;29693;14090;15603
52;1305;30321;14372;15949
52;1218;30861;14579;16282
52;1131;31402;14811;16591
52;1044;32026;15099;16927
52;957;32590;15339;17251
52;870;33486;15779;17707
52;783;34110;16096;18014
52;696;34784;16369;18415
52;609;35435;16703;18732
52;522;36073;17082;18991
52;435;37004;17582;19422
52;348;37575;17883;19692
52;261;38158;18194;19964
52;174;38438;18329;20109
52;87;38788;18507;20281
53;1480;296;152;144
53;1393;378;198;180
53;1306;375;198;177
53;1219;357;188;169
53;1132;350;196;154
53;1045;395;196;199
53;958;383;190;193
53;871;339;192;147
53;784;394;211;183
53;697;416;216;200
53;610;390;190;200
53;523;355;183;172
53;436;398;197;201
53;349;373;169;204
53;262;391;191;200
53;175;359;170;189
53;88;392;182;210
53;1;410;213;197
53;1481;377;196;181
53;1394;372;197;175
53;1307;359;188;171
53;1220;345;194;151
53;1133;391;194;197
53;1046;378;190;188
53;959;341;192;149
53;872;378;193;185
53;785;410;210;200
53;698;388;191;197
53;611;353;182;171
53;524;396;196;200
53;437;366;165;201
53;350;386;187;199
53;263;356;168;188
53;176;388;179;209
53;89;403;209;194
53;2;426;235;191
53;1482;363;193;170
53;1395;351;183;168
53;1308;345;192;153
53;1221;379;192;187
53;1134;369;184;185
53;1047;337;189;148
53;960;372;192;180
53;873;374;192;182
53;786;384;190;194
53;699;353;182;171
53;612;397;195;202
53;525;367;165;202
53;438;384;186;198
53;351;352;167;185
53;264;386;177;209
53;177;401;208;193
53;90;421;234;187
53;3;437;222;215
53;1483;350;182;168
53;1396;345;193;152
53;1309;377;192;185
53;1222;363;182;181
53;1135;332;188;144
53;1048;365;189;176
53;961;372;190;182
53;874;355;185;170
53;787;353;184;169
53;700;396;197;199
53;613;364;164;200
53;526;379;183;196
53;439;347;164;183
53;352;384;176;208
53;265;400;208;192
53;178;419;233;186
53;91;433;222;211
53;4;433;203;230
53;1484;340;193;147
53;1397;378;194;184
53;1310;360;182;178
53;1223;329;187;142
53;1136;365;192;173
53;1049;355;180;175
53;962;352;183;169
53;875;334;172;162
53;788;396;196;200
53;701;361;164;197
53;614;378;184;194
53;527;350;166;184
53;440;377;174;203
53;353;393;203;190
53;266;415;231;184
53;179;428;218;210
53;92;429;201;228
53;5;462;245;217
53;1485;377;192;185
53;1398;360;182;178
53;1311;325;184;141
53;1224;363;190;173
53;1137;354;180;174
53;1050;344;180;164
53;963;337;172;165
53;876;371;188;183
53;789;360;166;194
53;702;380;183;197
53;615;348;166;182
53;528;375;171;204
53;441;385;198;187
53;354;411;229;182
53;267;426;217;209
53;180;425;199;226
53;93;455;240;215
53;6;463;246;217
53;1486;362;182;180
53;1399;319;179;140
53;1312;358;187;171
53;1225;350;177;173
53;1138;340;176;164
53;1051;326;167;159
53;964;369;188;181
53;877;335;156;179
53;790;375;182;193
53;703;346;165;181
53;616;372;170;202
53;529;386;197;189
53;442;407;227;180
53;355;424;215;209
53;268;425;199;226
53;181;451;237;214
53;94;460;243;217
53;7;491;263;228
53;1487;313;176;137
53;1400;358;186;172
53;1313;353;179;174
53;1226;335;175;160
53;1139;320;163;157
53;1052;368;186;182
53;965;331;152;179
53;878;353;174;179
53;791;345;164;181
53;704;373;172;201
53;617;383;193;190
53;530;402;224;178
53;443;420;213;207
53;356;423;198;225
53;269;450;238;212
53;182;456;242;214
53;95;492;265;227
53;8;554;297;257
53;1488;358;184;174
53;1401;355;182;173
53;1314;336;174;162
53;1227;325;168;157
53;1140;370;188;182
53;1053;322;147;175
53;966;349;171;178
53;879;324;164;160
53;792;373;172;201
53;705;382;191;191
53;618;404;228;176
53;531;422;213;209
53;444;421;197;224
53;357;451;237;214
53;270;455;240;215
53;183;490;263;227
53;96;551;297;254
53;9;659;312;347
53;1489;354;181;173
53;1402;334;172;162
53;1315;324;168;156
53;1228;369;189;180
53;1141;324;149;175
53;1054;345;169;176
53;967;321;163;158
53;880;356;164;192
53;793;385;193;192
53;706;404;226;178
53;619;424;214;210
53;532;426;201;225
53;445;445;235;210
53;358;454;239;215
53;271;488;263;225
53;184;548;295;253
53;97;655;310;345
53;10;585;298;287
53;1490;333;169;164
53;1403;321;165;156
53;1316;372;191;181
53;1229;320;148;172
53;1142;340;167;173
53;1055;317;158;159
53;968;357;165;192
53;881;383;197;186
53;794;403;226;177
53;707;425;215;210
53;620;428;200;228
53;533;446;233;213
53;446;454;241;213
53;359;490;260;230
53;272;548;295;253
53;185;647;306;341
53;98;583;297;286
53;11;654;358;296
53;1491;317;164;153
53;1404;375;195;180
53;1317;317;144;173
53;1230;337;164;173
53;1143;316;159;157
53;1056;353;163;190
53;969;381;196;185
53;882;380;206;174
53;795;423;215;208
53;708;432;202;230
53;621;444;231;213
53;534;456;242;214
53;447;489;259;230
53;360;547;296;251
53;273;643;305;338
53;186;580;296;284
53;99;648;356;292
53;12;653;334;319
53;1492;373;194;179
53;1405;314;141;173
53;1318;337;168;169
53;1231;312;158;154
53;1144;350;161;189
53;1057;376;195;181
53;970;379;204;175
53;883;405;212;193
53;796;432;202;230
53;709;443;230;213
53;622;458;244;214
53;535;490;259;231
53;448;544;293;251
53;361;639;303;336
53;274;574;293;281
53;187;640;352;288
53;100;646;331;315
53;13;708;347;361
53;1493;314;140;174
53;1406;332;165;167
53;1319;309;156;153
53;1232;348;160;188
53;1145;372;194;178
53;1058;376;204;172
53;971;407;214;193
53;884;414;198;216
53;797;444;233;211
53;710;456;244;212
53;623;487;257;230
53;536;545;295;250
53;449;628;296;332
53;362;572;292;280
53;275;631;348;283
53;188;638;328;310
53;101;701;342;359
53;14;646;330;316
53;1494;336;166;170
53;1407;312;160;152
53;1320;344;158;186
53;1233;372;195;177
53;1146;377;205;172
53;1059;409;217;192
53;972;415;199;216
53;885;434;223;211
53;798;459;245;214
53;711;487;258;229
53;624;549;298;251
53;537;621;293;328
53;450;564;288;276
53;363;625;346;279
53;276;628;323;305
53;189;691;337;354
53;102;638;324;314
53;15;668;366;302
53;1495;309;159;150
53;1408;343;157;186
53;1321;369;192;177
53;1234;375;204;171
53;1147;404;212;192
53;1060;416;201;215
53;973;433;222;211
53;886;438;234;204
53;799;491;261;230
53;712;546;296;250
53;625;627;293;334
53;538;561;285;276
53;451;615;343;272
53;364;620;319;301
53;277;684;336;348
53;190;627;318;309
53;103;661;362;299
53;16;636;337;299
53;1496;343;159;184
53;1409;371;194;177
53;1322;369;197;172
53;1235;402;211;191
53;1148;413;201;212
53;1061;434;222;212
53;974;439;237;202
53;887;470;251;219
53;800;546;297;249
53;713;622;292;330
53;626;560;286;274
53;539;609;339;270
53;452;604;309;295
53;365;669;329;340
53;278;619;315;304
53;191;651;356;295
53;104;634;337;297
53;17;671;368;303
53;1497;368;193;175
53;1410;371;199;172
53;1323;401;211;190
53;1236;410;200;210
53;1149;431;220;211
53;1062;435;235;200
53;975;472;253;219
53;888;516;281;235
53;801;620;291;329
53;714;556;281;275
53;627;603;334;269
53;540;600;308;292
53;453;649;319;330
53;366;605;306;299
53;279;637;350;287
53;192;620;329;291
53;105;658;361;297
53;18;576;316;260
53;1498;371;197;174
53;1411;394;205;189
53;1324;410;199;211
53;1237;427;219;208
53;1150;429;230;199
53;1063;469;253;216
53;976;515;281;234
53;889;576;268;308
53;802;554;282;272
53;715;598;330;268
53;628;599;307;292
53;541;640;317;323
53;454;590;299;291
53;367;622;338;284
53;280;608;324;284
53;193;652;355;297
53;106;553;308;245
53;19;538;293;245
53;1499;394;202;192
53;1412;402;191;211
53;1325;419;214;205
53;1238;425;228;197
53;1151;463;249;214
53;1064;509;280;229
53;977;564;262;302
53;890;498;262;236
53;803;594;329;265
53;716;598;304;294
53;629;628;311;317
53;542;577;294;283
53;455;593;321;272
53;368;600;319;281
53;281;637;348;289
53;194;548;301;247
53;107;521;284;237
53;20;498;273;225
53;1500;398;191;207
53;1413;410;211;199
53;1326;423;228;195
53;1239;455;245;210
53;1152;504;274;230
53;1065;556;261;295
53;978;487;256;231
53;891;560;315;245
53;804;593;305;288
53;717;624;309;315
53;630;570;292;278
53;543;578;310;268
53;456;570;299;271
53;369;621;341;280
53;282;543;297;246
53;195;514;279;235
53;108;488;268;220
53;21;501;287;214
53;1501;394;206;188
53;1414;416;225;191
53;1327;457;245;212
53;1240;498;270;228
53;1153;537;255;282
53;1066;473;249;224
53;979;546;307;239
53;892;564;292;272
53;805;605;303;302
53;718;565;290;275
53;631;574;309;265
53;544;555;288;267
53;457;594;328;266
53;370;527;289;238
53;283;502;273;229
53;196;488;263;225
53;109;495;280;215
53;22;495;251;244
53;1502;405;216;189
53;1415;445;239;206
53;1328;490;266;224
53;1241;525;248;277
53;1154;461;246;215
53;1067;533;303;230
53;980;549;283;266
53;893;569;292;277
53;806;553;284;269
53;719;562;303;259
53;632;548;283;265
53;545;580;321;259
53;458;504;278;226
53;371;485;264;221
53;284;484;264;220
53;197;500;283;217
53;110;480;245;235
53;23;476;248;228
53;1503;430;234;196
53;1416;462;255;207
53;1329;506;243;263
53;1242;454;247;207
53;1155;526;301;225
53;1068;527;277;250
53;981;545;279;266
53;894;492;267;225
53;807;544;299;245
53;720;536;276;260
53;633;569;316;253
53;546;488;270;218
53;459;475;259;216
53;372;470;259;211
53;285;480;271;209
53;198;484;244;240
53;111;465;242;223
53;24;492;267;225
53;1504;451;253;198
53;1417;481;233;248
53;1330;442;244;198
53;1243;508;293;215
53;1156;516;276;240
53;1069;516;264;252
53;982;471;259;212
53;895;491;280;211
53;808;514;268;246
53;721;568;315;253
53;634;482;265;217
53;547;461;253;208
53;460;452;250;202
53;373;474;261;213
53;286;483;245;238
53;199;466;242;224
53;112;474;258;216
53;25;540;274;266
53;1505;465;233;232
53;1418;419;234;185
53;1331;485;278;207
53;1244;507;274;233
53;1157;489;251;238
53;1070;452;251;201
53;983;472;274;198
53;896;454;247;207
53;809;555;310;245
53;722;471;263;208
53;635;450;247;203
53;548;437;240;197
53;461;456;252;204
53;374;475;244;231
53;287;457;236;221
53;200;475;262;213
53;113;532;271;261
53;26;500;260;240
53;1506;387;219;168
53;1419;453;262;191
53;1332;491;265;226
53;1245;473;251;222
53;1158;457;251;206
53;1071;454;275;179
53;984;429;231;198
53;897;459;249;210
53;810;451;256;195
53;723;435;240;195
53;636;430;235;195
53;549;439;242;197
53;462;454;230;224
53;375;458;240;218
53;288;459;254;205
53;201;527;271;256
53;114;493;258;235
53;27;537;273;264
53;1507;437;251;186
53;1420;473;262;211
53;1333;456;247;209
53;1246;437;245;192
53;1159;434;268;166
53;1072;415;233;182
53;985;444;243;201
53;898;422;229;193
53;811;421;229;192
53;724;414;227;187
53;637;427;234;193
53;550;453;230;223
53;463;440;231;209
53;376;448;244;204
53;289;525;270;255
53;202;476;249;227
53;115;526;264;262
53;28;560;282;278
53;1508;454;255;199
53;1421;446;244;202
53;1334;432;246;186
53;1247;411;255;156
53;1160;408;239;169
53;1073;424;231;193
53;986;408;222;186
53;899;408;209;199
53;812;403;220;183
53;725;420;231;189
53;638;439;225;214
53;551;445;234;211
53;464;437;239;198
53;377;512;264;248
53;290;467;245;222
53;203;518;259;259
53;116;540;270;270
53;29;562;294;268
53;1509;423;241;182
53;1422;417;242;175
53;1335;397;246;151
53;1248;376;221;155
53;1161;411;226;185
53;1074;394;220;174
53;987;378;194;184
53;900;410;211;199
53;813;411;226;185
53;726;432;221;211
53;639;433;228;205
53;552;435;239;196
53;465;508;266;242
53;378;463;247;216
53;291;523;263;260
53;204;530;265;265
53;117;545;285;260
53;30;567;292;275
53;1510;401;229;172
53;1423;379;238;141
53;1336;369;218;151
53;1249;405;225;180
53;1162;376;209;167
53;1075;360;188;172
53;988;398;208;190
53;901;442;235;207
53;814;425;221;204
53;727;429;229;200
53;640;434;237;197
53;553;506;260;246
53;466;458;245;213
53;379;510;255;255
53;292;525;261;264
53;205;535;275;260
53;118;555;284;271
53;31;533;279;254
53;1511;355;226;129
53;1424;351;212;139
53;1337;397;221;176
53;1250;357;199;158
53;1163;349;181;168
53;1076;400;209;191
53;989;431;235;196
53;902;443;230;213
53;815;418;222;196
53;728;430;234;196
53;641;496;254;242
53;554;450;242;208
53;467;507;256;251
53;380;520;256;264
53;293;531;277;254
53;206;551;280;271
53;119;524;273;251
53;32;519;265;254
53;1512;328;199;129
53;1425;382;212;170
53;1338;353;200;153
53;1251;337;174;163
53;1164;391;205;186
53;1077;409;221;188
53;990;438;228;210
53;903;420;207;213
53;816;426;235;191
53;729;495;255;240
53;642;447;243;204
53;555;506;255;251
53;468;507;249;258
53;381;526;271;255
53;294;540;272;268
53;207;525;273;252
53;120;509;258;251
53;33;577;296;281
53;1513;366;204;162
53;1426;339;191;148
53;1339;329;165;164
53;1252;377;199;178
53;1165;402;222;180
53;1078;419;219;200
53;991;412;201;211
53;904;438;249;189
53;817;485;250;235
53;730;438;235;203
53;643;503;251;252
53;556;496;243;253
53;469;509;259;250
53;382;533;269;264
53;295;518;272;246
53;208;502;254;248
53;121;570;293;277
53;34;593;296;297
53;1514;319;179;140
53;1427;310;155;155
53;1340;366;192;174
53;1253;397;219;178
53;1166;409;212;197
53;1079;403;195;208
53;992;433;247;186
53;905;487;245;242
53;818;426;228;198
53;731;498;246;252
53;644;487;235;252
53;557;504;254;250
53;470;522;267;255
53;383;516;274;242
53;296;504;255;249
53;209;567;289;278
53;122;586;291;295
53;35;540;296;244
53;1515;310;161;149
53;1428;348;182;166
53;1341;387;214;173
53;1254;400;210;190
53;1167;386;184;202
53;1080;423;237;186
53;993;478;239;239
53;906;439;221;218
53;819;490;242;248
53;732;480;231;249
53;645;490;247;243
53;558;511;257;254
53;471;504;269;235
53;384;501;253;248
53;297;561;287;274
53;210;578;287;291
53;123;528;288;240
53;36;562;282;280
53;1516;349;184;165
53;1429;382;212;170
53;1342;389;204;185
53;1255;381;182;199
53;1168;411;227;184
53;1081;465;230;235
53;994;431;218;213
53;907;523;258;265
53;820;471;225;246
53;733;486;243;243
53;646;511;258;253
53;559;499;266;233
53;472;488;243;245
53;385;551;281;270
53;298;575;280;295
53;211;523;284;239
53;124;554;278;276
53;37;573;306;267
53;1517;381;212;169
53;1430;375;197;178
53;1343;373;179;194
53;1256;405;222;183
53;1169;454;225;229
53;1082;417;206;211
53;995;521;255;266
53;908;519;252;267
53;821;475;240;235
53;734;506;253;253
53;647;493;261;232
53;560;484;242;242
53;473;538;271;267
53;386;563;270;293
53;299;515;285;230
53;212;542;273;269
53;125;565;301;264
53;38;649;311;338
53;1518;378;202;176
53;1431;365;175;190
53;1344;405;223;182
53;1257;446;221;225
53;1170;410;201;209
53;1083;509;249;260
53;996;513;248;265
53;909;501;258;243
53;822;499;250;249
53;735;492;262;230
53;648;479;237;242
53;561;536;270;266
53;474;554;263;291
53;387;505;282;223
53;300;543;274;269
53;213;553;299;254
53;126;640;303;337
53;39;574;306;268
53;1519;345;164;181
53;1432;402;220;182
53;1345;440;217;223
53;1258;397;195;202
53;1171;508;249;259
53;1084;508;248;260
53;997;495;257;238
53;910;530;266;264
53;823;482;254;228
53;736;469;233;236
53;649;524;262;262
53;562;548;259;289
53;475;491;270;221
53;388;544;274;270
53;301;555;297;258
53;214;630;300;330
53;127;567;301;266
53;40;645;335;310
53;1520;394;216;178
53;1433;438;220;218
53;1346;390;186;204
53;1259;509;250;259
53;1172;490;238;252
53;1085;497;259;238
53;998;516;257;259
53;911;505;266;239
53;824;457;224;233
53;737;525;261;264
53;650;543;255;288
53;563;491;267;224
53;476;536;270;266
53;389;542;290;252
53;302;625;296;329
53;215;557;296;261
53;128;637;330;307
53;41;641;329;312
53;1521;429;214;215
53;1434;389;184;205
53;1347;501;243;258
53;1260;497;245;252
53;1173;483;251;232
53;1086;513;254;259
53;999;496;259;237
53;912;479;239;240
53;825;514;253;261
53;738;535;251;284
53;651;485;262;223
53;564;523;259;264
53;477;537;286;251
53;390;616;294;322
53;303;558;299;259
53;216;637;332;305
53;129;632;322;310
53;42;608;298;310
53;1522;381;183;198
53;1435;494;244;250
53;1348;488;244;244
53;1261;475;242;233
53;1174;507;254;253
53;1087;485;250;235
53;1000;472;236;236
53;913;537;270;267
53;826;529;248;281
53;739;474;255;219
53;652;509;248;261
53;565;533;283;250
53;478;603;284;319
53;391;549;291;258
53;304;625;322;303
53;217;631;324;307
53;130;605;297;308
53;43;602;333;269
53;1523;485;241;244
53;1436;482;241;241
53;1349;471;243;228
53;1262;500;252;248
53;1175;482;250;232
53;1088;465;231;234
53;1001;526;261;265
53;914;545;259;286
53;827;475;256;219
53;740;500;243;257
53;653;534;283;251
53;566;594;280;314
53;479;536;282;254
53;392;622;321;301
53;305;631;324;307
53;218;598;291;307
53;131;602;334;268
53;44;533;284;249
53;1524;478;239;239
53;1437;468;243;225
53;1350;494;246;248
53;1263;476;246;230
53;1176;460;226;234
53;1089;512;249;263
53;1002;542;255;287
53;915;502;264;238
53;828;494;241;253
53;741;528;283;245
53;654;587;276;311
53;567;529;275;254
53;480;611;313;298
53;393;612;307;305
53;306;585;285;300
53;219;602;333;269
53;132;525;280;245
53;45;454;222;232
53;1525;464;241;223
53;1438;491;245;246
53;1351;465;237;228
53;1264;455;224;231
53;1177;500;243;257
53;1090;537;257;280
53;1003;488;254;234
53;916;521;259;262
53;829;519;275;244
53;742;577;270;307
53;655;525;271;254
53;568;606;309;297
53;481;611;303;308
53;394;580;282;298
53;307;599;331;268
53;220;522;278;244
53;133;441;216;225
53;46;473;251;222
53;1526;482;241;241
53;1439;448;229;219
53;1352;441;213;228
53;1265;504;244;260
53;1178;530;254;276
53;1091;483;254;229
53;1004;516;256;260
53;917;541;287;254
53;830;571;269;302
53;743;521;268;253
53;656;596;298;298
53;569;598;296;302
53;482;578;281;297
53;395;595;324;271
53;308;509;270;239
53;221;439;215;224
53;134;466;247;219
53;47;458;239;219
53;1527;448;229;219
53;1440;432;209;223
53;1353;490;233;257
53;1266;523;250;273
53;1179;473;246;227
53;1092;513;253;260
53;1005;538;287;251
53;918;593;276;317
53;831;508;258;250
53;744;589;294;295
53;657;588;288;300
53;570;569;276;293
53;483;591;325;266
53;396;505;266;239
53;309;438;215;223
53;222;458;245;213
53;135;451;235;216
53;48;444;231;213
53;1528;426;206;220
53;1441;482;224;258
53;1354;517;243;274
53;1267;471;244;227
53;1180;504;247;257
53;1093;530;282;248
53;1006;587;274;313
53;919;514;264;250
53;832;582;291;291
53;745;582;284;298
53;658;558;268;290
53;571;588;318;270
53;484;501;259;242
53;397;436;211;225
53;310;453;241;212
53;223;450;232;218
53;136;434;225;209
53;49;454;231;223
53;1529;478;223;255
53;1442;512;240;272
53;1355;470;241;229
53;1268;499;245;254
53;1181;522;272;250
53;1094;578;268;310
53;1007;495;248;247
53;920;570;286;284
53;833;573;278;295
53;746;546;262;284
53;659;585;314;271
53;572;496;254;242
53;485;429;204;225
53;398;448;241;207
53;311;443;229;214
53;224;429;222;207
53;137;442;222;220
53;50;474;241;233
53;1530;507;236;271
53;1443;462;240;222
53;1356;491;237;254
53;1269;518;271;247
53;1182;565;257;308
53;1095;494;245;249
53;1008;563;281;282
53;921;567;285;282
53;834;538;256;282
53;747;579;310;269
53;660;486;248;238
53;573;421;197;224
53;486;439;235;204
53;399;434;222;212
53;312;425;221;204
53;225;438;220;218
53;138;465;232;233
53;51;466;237;229
53;1531;460;240;220
53;1444;485;232;253
53;1357;516;270;246
53;1270;557;252;305
53;1183;488;239;249
53;1096;554;276;278
53;1009;561;280;281
53;922;554;258;296
53;835;571;306;265
53;748;482;243;239
53;661;419;196;223
53;574;428;229;199
53;487;430;220;210
53;400;414;214;200
53;313;429;213;216
53;226;461;229;232
53;139;454;227;227
53;52;441;222;219
53;1532;482;230;252
53;1445;506;260;246
53;1358;552;246;306
53;1271;482;236;246
53;1184;543;268;275
53;1097;556;276;280
53;1010;544;251;293
53;923;540;282;258
53;836;481;239;242
53;749;413;190;223
53;662;428;230;198
53;575;424;216;208
53;488;407;206;201
53;401;416;202;214
53;314;448;222;226
53;227;447;222;225
53;140;438;220;218
53;53;425;209;216
53;1533;496;255;241
53;1446;545;241;304
53;1359;477;229;248
53;1272;536;264;272
53;1185;554;272;282
53;1098;530;243;287
53;1011;533;279;254
53;924;461;231;230
53;837;412;188;224
53;750;419;225;194
53;663;419;214;205
53;576;403;204;199
53;489;409;194;215
53;402;429;212;217
53;315;440;218;222
53;228;435;219;216
53;141;423;209;214
53;54;333;175;158
53;1534;540;238;302
53;1447;465;220;245
53;1360;530;258;272
53;1273;542;267;275
53;1186;519;233;286
53;1099;528;275;253
53;1012;453;227;226
53;925;405;186;219
53;838;410;218;192
53;751;410;202;208
53;664;391;195;196
53;577;395;184;211
53;490;421;204;217
53;403;428;213;215
53;316;437;216;221
53;229;414;200;214
53;142;328;170;158
53;55;387;195;192
53;1535;460;215;245
53;1448;519;249;270
53;1361;539;262;277
53;1274;505;227;278
53;1187;518;267;251
53;1100;444;221;223
53;1013;400;187;213
53;926;402;204;198
53;839;404;197;207
53;752;385;190;195
53;665;392;183;209
53;578;411;197;214
53;491;412;203;209
53;404;427;210;217
53;317;411;197;214
53;230;328;168;160
53;143;376;187;189
53;56;365;188;177
53;1536;515;247;268
53;1449;527;257;270
53;1362;502;224;278
53;1275;511;264;247
53;1188;435;213;222
53;1101;400;185;215
53;1014;393;196;197
53;927;398;191;207
53;840;380;185;195
53;753;387;179;208
53;666;403;194;209
53;579;406;199;207
53;492;420;203;217
53;405;401;190;211
53;318;322;164;158
53;231;370;183;187
53;144;356;181;175
53;57;328;155;173
53;1537;523;254;269
53;1450;495;216;279
53;1363;500;258;242
53;1276;431;208;223
53;1189;393;180;213
53;1102;394;193;201
53;1015;387;183;204
53;928;362;168;194
53;841;386;178;208
53;754;395;190;205
53;667;392;191;201
53;580;411;197;214
53;493;393;185;208
53;406;321;163;158
53;319;367;180;187
53;232;353;178;175
53;145;319;149;170
53;58;382;156;226
53;1538;484;209;275
53;1451;490;250;240
53;1364;426;207;219
53;1277;387;176;211
53;1190;392;190;202
53;1103;379;175;204
53;1016;353;163;190
53;929;394;178;216
53;842;382;180;202
53;755;382;186;196
53;668;402;190;212
53;581;386;179;207
53;494;311;156;155
53;407;360;173;187
53;320;353;177;176
53;233;310;143;167
53;146;372;153;219
53;59;450;203;247
53;1539;485;245;240
53;1452;422;201;221
53;1365;380;171;209
53;1278;383;184;199
53;1191;367;165;202
53;1104;346;158;188
53;1017;389;174;215
53;930;397;184;213
53;843;376;184;192
53;756;399;185;214
53;669;377;172;205
53;582;305;149;156
53;495;347;163;184
53;408;348;172;176
53;321;298;134;164
53;234;367;150;217
53;147;435;196;239
53;60;339;130;209
53;1540;416;198;218
53;1453;372;166;206
53;1366;374;177;197
53;1279;362;161;201
53;1192;342;153;189
53;1105;383;167;216
53;1018;397;182;215
53;931;391;191;200
53;844;393;182;211
53;757;367;168;199
53;670;298;143;155
53;583;339;159;180
53;496;341;166;175
53;409;294;135;159
53;322;358;142;216
53;235;423;190;233
53;148;335;128;207
53;61;433;164;269
53;1541;364;159;205
53;1454;365;169;196
53;1367;350;155;195
53;1280;331;146;185
53;1193;378;163;215
53;1106;392;179;213
53;1019;381;184;197
53;932;371;163;208
53;845;357;163;194
53;758;294;140;154
53;671;324;148;176
53;584;335;163;172
53;497;288;134;154
53;410;348;135;213
53;323;415;184;231
53;236;328;125;203
53;149;433;163;270
53;62;443;179;264
53;1542;362;166;196
53;1455;342;150;192
53;1368;318;138;180
53;1281;366;154;212
53;1194;378;170;208
53;1107;377;181;196
53;1020;357;155;202
53;933;332;145;187
53;846;287;136;151
53;759;322;144;178
53;672;326;155;171
53;585;276;127;149
53;498;339;131;208
53;411;403;177;226
53;324;327;123;204
53;237;429;159;270
53;150;437;171;266
53;63;447;177;270
53;1543;333;146;187
53;1456;311;129;182
53;1369;357;147;210
53;1282;366;164;202
53;1195;363;172;191
53;1108;342;145;197
53;1021;326;140;186
53;934;266;126;140
53;847;310;138;172
53;760;320;151;169
53;673;268;119;149
53;586;326;123;203
53;499;389;168;221
53;412;315;117;198
53;325;420;153;267
53;238;427;162;265
53;151;438;167;271
53;64;464;192;272
53;1544;307;124;183
53;1457;351;143;208
53;1370;357;158;199
53;1283;359;168;191
53;1196;339;143;196
53;1109;320;135;185
53;1022;263;122;141
53;935;285;124;161
53;848;305;141;164
53;761;258;111;147
53;674;318;117;201
53;587;377;162;215
53;500;308;116;192
53;413;408;147;261
53;326;421;161;260
53;239;426;160;266
53;152;454;181;273
53;65;492;204;288
53;1545;341;134;207
53;1458;343;145;198
53;1371;351;160;191
53;1284;334;140;194
53;1197;314;131;183
53;1110;251;113;138
53;1023;278;121;157
53;936;290;137;153
53;849;248;105;143
53;762;303;105;198
53;675;364;149;215
53;588;296;108;188
53;501;399;142;257
53;414;409;153;256
53;327;420;154;266
53;240;446;175;271
53;153;481;197;284
53;66;454;208;246
53;1546;333;140;193
53;1459;347;159;188
53;1372;323;133;190
53;1285;305;125;180
53;1198;250;112;138
53;1111;271;117;154
53;1024;278;129;149
53;937;247;100;147
53;850;297;101;196
53;763;349;144;205
53;676;294;107;187
53;589;390;132;258
53;502;391;142;249
53;415;408;143;265
53;328;437;167;270
53;241;465;185;280
53;154;444;201;243
53;67;427;161;266
53;1547;341;154;187
53;1460;315;127;188
53;1373;296;120;176
53;1286;243;105;138
53;1199;256;105;151
53;1112;275;126;149
53;1025;231;90;141
53;938;274;95;179
53;851;333;135;198
53;764;281;101;180
53;677;375;124;251
53;590;378;137;241
53;503;394;135;259
53;416;431;164;267
53;329;448;171;277
53;242;436;200;236
53;155;410;152;258
53;68;402;147;255
53;1548;305;124;181
53;1461;281;111;170
53;1374;235;101;134
53;1287;246;98;148
53;1200;266;119;147
53;1113;222;86;136
53;1026;269;93;176
53;939;317;124;193
53;852;270;97;173
53;765;362;117;245
53;678;358;125;233
53;591;381;125;256
53;504;417;154;263
53;417;429;160;269
53;330;427;191;236
53;243;394;144;250
53;156;387;137;250
53;69;432;162;270
53;1549;273;107;166
53;1462;232;100;132
53;1375;235;92;143
53;1288;254;113;141
53;1201;213;79;134
53;1114;259;87;172
53;1027;304;117;187
53;940;261;94;167
53;853;347;108;239
53;766;342;111;231
53;679;374;118;256
53;592;400;144;256
53;505;408;145;263
53;418;415;182;233
53;331;386;135;251
53;244;375;128;247
53;157;415;155;260
53;70;382;118;264
53;1550;222;92;130
53;1463;233;91;142
53;1376;247;109;138
53;1289;203;73;130
53;1202;256;85;171
53;1115;294;111;183
53;1028;248;83;165
53;941;338;108;230
53;854;334;107;227
53;767;361;109;252
53;680;382;133;249
53;593;395;139;256
53;506;398;170;228
53;419;380;131;249
53;332;369;125;244
53;245;403;145;258
53;158;371;115;256
53;71;448;178;270
53;1551;225;88;137
53;1464;230;102;128
53;1377;197;70;127
53;1290;247;82;165
53;1203;279;101;178
53;1116;244;80;164
53;1029;326;99;227
53;942;331;109;222
53;855;345;104;241
53;768;363;120;243
53;681;376;127;249
53;594;378;154;224
53;507;363;122;241
53;420;354;115;239
53;333;396;138;258
53;246;355;106;249
53;159;422;167;255
53;72;425;145;280
53;1552;220;97;123
53;1465;192;68;124
53;1378;236;75;161
53;1291;266;92;174
53;1204;239;77;162
53;1117;321;97;224
53;1030;323;104;219
53;943;324;102;222
53;856;351;112;239
53;769;360;119;241
53;682;359;138;221
53;595;354;116;238
53;508;342;108;234
53;421;374;126;248
53;334;338;95;243
53;247;408;159;249
53;160;410;138;272
53;73;346;113;233
53;1553;182;63;119
53;1466;227;70;157
53;1379;253;85;168
53;1292;234;73;161
53;1205;308;91;217
53;1118;307;95;212
53;1031;311;96;215
53;944;330;107;223
53;857;338;106;232
53;770;346;135;211
53;683;340;110;230
53;596;333;104;229
53;509;358;119;239
53;422;323;88;235
53;335;385;145;240
53;248;380;125;255
53;161;334;110;224
53;74;320;90;230
53;1554;215;64;151
53;1467;237;73;164
53;1380;226;66;160
53;1293;291;81;210
53;1206;284;82;202
53;1119;302;91;211
53;1032;311;100;211
53;945;315;100;215
53;858;324;119;205
53;771;328;104;224
53;684;311;90;221
53;597;340;113;227
53;510;304;81;223
53;423;367;135;232
53;336;350;111;239
53;249;322;103;219
53;162;304;84;220
53;75;280;87;193
53;1555;232;70;162
53;1468;220;64;156
53;1381;283;79;204
53;1294;265;76;189
53;1207;294;89;205
53;1120;301;92;209
53;1033;297;91;206
53;946;292;101;191
53;859;317;97;220
53;772;293;81;212
53;685;327;107;220
53;598;280;75;205
53;511;343;120;223
53;424;328;99;229
53;337;312;99;213
53;250;291;72;219
53;163;273;85;188
53;76;280;92;188
53;1556;204;57;147
53;1469;263;68;195
53;1382;254;71;183
53;1295;281;85;196
53;1208;287;88;199
53;1121;290;89;201
53;1034;280;94;186
53;947;284;87;197
53;860;278;73;205
53;773;305;98;207
53;686;265;69;196
53;599;314;104;210
53;512;308;88;220
53;425;283;85;198
53;338;273;63;210
53;251;266;84;182
53;164;266;88;178
53;77;258;72;186
53;1557;253;63;190
53;1470;248;67;181
53;1383;269;81;188
53;1296;270;79;191
53;1209;266;80;186
53;1122;260;81;179
53;1035;269;81;188
53;948;261;66;195
53;861;286;89;197
53;774;247;64;183
53;687;299;98;201
53;600;278;74;204
53;513;265;79;186
53;426;255;55;200
53;339;247;75;172
53;252;257;83;174
53;165;248;67;181
53;78;243;54;189
53;1558;230;60;170
53;1471;258;78;180
53;1384;258;73;185
53;1297;251;72;179
53;1210;237;75;162
53;1123;254;76;178
53;1036;247;57;190
53;949;258;78;180
53;862;231;56;175
53;775;278;90;188
53;688;254;67;187
53;601;250;74;176
53;514;229;49;180
53;427;228;67;161
53;340;238;75;163
53;253;229;59;170
53;166;227;48;179
53;79;182;61;121
53;1559;245;71;174
53;1472;246;67;179
53;1385;234;65;169
53;1298;223;69;154
53;1211;236;68;168
53;1124;230;48;182
53;1037;236;67;169
53;950;212;54;158
53;863;260;80;180
53;776;239;60;179
53;689;231;71;160
53;602;203;41;162
53;515;208;61;147
53;428;223;68;155
53;341;214;53;161
53;254;220;45;175
53;167;164;54;110
53;80;183;39;144
53;1560;228;61;167
53;1473;219;57;162
53;1386;209;63;146
53;1299;220;62;158
53;1212;216;46;170
53;1125;218;60;158
53;1038;200;50;150
53;951;228;67;161
53;864;217;49;168
53;777;211;60;151
53;690;189;34;155
53;603;187;52;135
53;516;197;59;138
53;429;198;50;148
53;342;197;37;160
53;255;160;55;105
53;168;175;39;136
53;81;141;32;109
53;1561;203;52;151
53;1474;194;56;138
53;1387;206;54;152
53;1300;198;41;157
53;1213;202;52;150
53;1126;185;46;139
53;1039;204;57;147
53;952;193;43;150
53;865;188;49;139
53;778;166;30;136
53;691;174;46;128
53;604;176;52;124
53;517;183;39;144
53;430;175;31;144
53;343;137;46;91
53;256;161;32;129
53;169;128;27;101
53;82;104;28;76
53;1562;176;51;125
53;1475;188;50;138
53;1388;185;38;147
53;1301;191;48;143
53;1214;167;39;128
53;1127;186;51;135
53;1040;181;39;142
53;953;173;45;128
53;866;162;30;132
53;779;152;40;112
53;692;154;45;109
53;605;161;33;128
53;518;164;24;140
53;431;120;38;82
53;344;146;27;119
53;257;124;30;94
53;170;94;25;69
53;83;63;20;43
53;1563;174;46;128
53;1476;165;32;133
53;1389;176;45;131
53;1302;150;31;119
53;1215;172;47;125
53;1128;168;38;130
53;1041;158;40;118
53;954;139;27;112
53;867;135;34;101
53;780;133;37;96
53;693;139;28;111
53;606;140;20;120
53;519;98;30;68
53;432;131;23;108
53;345;106;23;83
53;258;80;19;61
53;171;57;21;36
53;84;41;10;31
53;1564;150;29;121
53;1477;155;39;116
53;1390;125;25;100
53;1303;155;41;114
53;1216;141;31;110
53;1129;142;35;107
53;1042;115;23;92
53;955;123;33;90
53;868;116;34;82
53;781;124;25;99
53;694;123;14;109
53;607;88;25;63
53;520;113;19;94
53;433;93;21;72
53;346;69;13;56
53;259;50;17;33
53;172;37;10;27
53;85;56;10;46
53;1565;590;118;472
53;1478;563;116;447
53;1391;565;123;442
53;1304;544;114;430
53;1217;515;102;413
53;1130;492;92;400
53;1043;465;88;377
53;956;445;72;373
53;869;378;74;304
53;782;358;72;286
53;695;322;65;257
53;608;360;74;286
53;521;299;64;235
53;434;310;72;238
53;347;282;57;225
53;260;319;61;258
53;173;388;92;296
53;86;418;105;313
53;1566;31265;14969;16296
53;1479;31789;15181;16608
53;1392;32305;15409;16896
53;1305;32705;15608;17097
53;1218;33172;15775;17397
53;1131;33710;16009;17701
53;1044;34175;16220;17955
53;957;34671;16459;18212
53;870;35357;16759;18598
53;783;35802;16942;18860
53;696;36145;17089;19056
53;609;36566;17337;19229
53;522;37016;17589;19427
53;435;37727;17981;19746
53;348;38205;18264;19941
53;261;38563;18456;20107
53;174;38903;18670;20233
53;87;39384;18933;20451
54;1480;1101;546;555
54;1393;1122;574;548
54;1306;1186;621;565
54;1219;1124;568;556
54;1132;1064;519;545
54;1045;1130;594;536
54;958;1098;564;534
54;871;1104;565;539
54;784;1149;575;574
54;697;1108;570;538
54;610;1037;511;526
54;523;954;490;464
54;436;983;458;525
54;349;1044;507;537
54;262;962;502;460
54;175;950;492;458
54;88;1085;532;553
54;1;1179;620;559
54;1481;1145;589;556
54;1394;1155;604;551
54;1307;1123;570;553
54;1220;1088;534;554
54;1133;1146;601;545
54;1046;1118;569;549
54;959;1150;586;564
54;872;1179;605;574
54;785;1092;564;528
54;698;1016;503;513
54;611;922;469;453
54;524;957;449;508
54;437;1029;496;533
54;350;946;488;458
54;263;924;473;451
54;176;1054;510;544
54;89;1181;623;558
54;2;1248;635;613
54;1482;1166;610;556
54;1395;1114;571;543
54;1308;1117;562;555
54;1221;1180;622;558
54;1134;1161;591;570
54;1047;1196;614;582
54;960;1229;626;603
54;873;1118;562;556
54;786;1039;503;536
54;699;902;461;441
54;612;924;433;491
54;525;1021;497;524
54;438;928;480;448
54;351;913;471;442
54;264;1017;493;524
54;177;1165;610;555
54;90;1243;626;617
54;3;1303;692;611
54;1483;1094;559;535
54;1396;1067;532;535
54;1309;1177;617;560
54;1222;1177;593;584
54;1135;1194;604;590
54;1048;1212;620;592
54;961;1112;565;547
54;874;1010;497;513
54;787;887;453;434
54;700;914;430;484
54;613;985;478;507
54;526;930;485;445
54;439;888;457;431
54;352;1006;490;516
54;265;1127;590;537
54;178;1214;612;602
54;91;1292;684;608
54;4;1420;722;698
54;1484;1039;519;520
54;1397;1127;585;542
54;1310;1144;578;566
54;1223;1168;594;574
54;1136;1191;599;592
54;1049;1080;548;532
54;962;987;483;504
54;875;913;482;431
54;788;904;425;479
54;701;964;458;506
54;614;916;475;441
54;527;872;446;426
54;440;978;475;503
54;353;1116;584;532
54;266;1170;587;583
54;179;1267;670;597
54;92;1422;719;703
54;5;1422;746;676
54;1485;1094;559;535
54;1398;1117;570;547
54;1311;1146;580;566
54;1224;1160;582;578
54;1137;1088;563;525
54;1050;972;484;488
54;963;892;474;418
54;876;929;447;482
54;789;967;460;507
54;702;902;463;439
54;615;838;427;411
54;528;968;466;502
54;441;1107;575;532
54;354;1154;575;579
54;267;1238;654;584
54;180;1399;703;696
54;93;1405;730;675
54;6;1442;723;719
54;1486;1063;539;524
54;1399;1108;565;543
54;1312;1149;570;579
54;1225;1066;546;520
54;1138;953;475;478
54;1051;892;470;422
54;964;905;434;471
54;877;945;456;489
54;790;897;469;428
54;703;816;417;399
54;616;930;443;487
54;529;1098;568;530
54;442;1139;571;568
54;355;1227;646;581
54;268;1364;686;678
54;181;1375;711;664
54;94;1424;713;711
54;7;1505;787;718
54;1487;1059;543;516
54;1400;1099;550;549
54;1313;1016;519;497
54;1226;918;447;471
54;1139;878;459;419
54;1052;890;430;460
54;965;922;451;471
54;878;932;495;437
54;791;803;412;391
54;704;916;438;478
54;617;1080;559;521
54;530;1113;557;556
54;443;1207;636;571
54;356;1358;682;676
54;269;1340;689;651
54;182;1399;701;698
54;95;1494;777;717
54;8;1784;906;878
54;1488;1022;510;512
54;1401;968;491;477
54;1314;887;426;461
54;1227;858;450;408
54;1140;888;435;453
54;1053;925;449;476
54;966;912;480;432
54;879;903;474;429
54;792;907;434;473
54;705;1065;551;514
54;618;1072;534;538
54;531;1189;627;562
54;444;1339;675;664
54;357;1322;679;643
54;270;1373;688;685
54;183;1475;768;707
54;96;1753;885;868
54;9;2059;1011;1048
54;1489;919;459;460
54;1402;858;407;451
54;1315;834;435;399
54;1228;873;427;446
54;1141;919;441;478
54;1054;895;476;419
54;967;891;468;423
54;880;910;446;464
54;793;1054;552;502
54;706;1068;533;535
54;619;1164;616;548
54;532;1315;662;653
54;445;1306;671;635
54;358;1366;682;684
54;271;1446;755;691
54;184;1732;871;861
54;97;2034;992;1042
54;10;2002;1038;964
54;1490;831;387;444
54;1403;795;414;381
54;1316;849;410;439
54;1229;902;425;477
54;1142;895;476;419
54;1055;890;465;425
54;968;888;438;450
54;881;1022;523;499
54;794;1063;525;538
54;707;1152;614;538
54;620;1284;641;643
54;533;1294;666;628
54;446;1349;673;676
54;359;1432;749;683
54;272;1699;851;848
54;185;2005;978;1027
54;98;1974;1018;956
54;11;2068;1053;1015
54;1491;759;396;363
54;1404;814;391;423
54;1317;881;422;459
54;1230;879;464;415
54;1143;876;454;422
54;1056;873;429;444
54;969;997;510;487
54;882;1071;543;528
54;795;1139;602;537
54;708;1266;630;636
54;621;1273;654;619
54;534;1343;670;673
54;447;1412;740;672
54;360;1691;843;848
54;273;1945;956;989
54;186;1941;1000;941
54;99;2037;1030;1007
54;12;1925;946;979
54;1492;810;390;420
54;1405;847;407;440
54;1318;864;457;407
54;1231;870;447;423
54;1144;873;433;440
54;1057;988;510;478
54;970;1044;531;513
54;883;1125;585;540
54;796;1245;622;623
54;709;1252;644;608
54;622;1327;664;663
54;535;1402;738;664
54;448;1663;824;839
54;361;1911;937;974
54;274;1884;966;918
54;187;1987;1002;985
54;100;1877;916;961
54;13;1950;986;964
54;1493;830;403;427
54;1406;828;442;386
54;1319;834;429;405
54;1232;859;429;430
54;1145;981;505;476
54;1058;1024;524;500
54;971;1110;574;536
54;884;1256;626;630
54;797;1231;627;604
54;710;1309;656;653
54;623;1377;718;659
54;536;1638;816;822
54;449;1861;917;944
54;362;1851;948;903
54;275;1933;982;951
54;188;1830;889;941
54;101;1887;944;943
54;14;2173;1095;1078
54;1494;813;430;383
54;1407;815;420;395
54;1320;841;422;419
54;1233;969;494;475
54;1146;1021;520;501
54;1059;1100;569;531
54;972;1232;612;620
54;885;1262;642;620
54;798;1304;656;648
54;711;1346;705;641
54;624;1614;802;812
54;537;1843;906;937
54;450;1819;933;886
54;363;1898;966;932
54;276;1775;864;911
54;189;1840;916;924
54;102;2129;1070;1059
54;15;2151;1148;1003
54;1495;798;411;387
54;1408;819;412;407
54;1321;948;476;472
54;1234;996;509;487
54;1147;1096;560;536
54;1060;1214;605;609
54;973;1239;629;610
54;886;1314;654;660
54;799;1331;699;632
54;712;1590;791;799
54;625;1806;886;920
54;538;1796;921;875
54;451;1840;934;906
54;364;1738;841;897
54;277;1794;899;895
54;190;2088;1044;1044
54;103;2093;1107;986
54;16;2172;1089;1083
54;1496;796;395;401
54;1409;925;465;460
54;1322;978;503;475
54;1235;1085;551;534
54;1148;1200;597;603
54;1061;1226;625;601
54;974;1286;640;646
54;887;1361;730;631
54;800;1567;781;786
54;713;1797;879;918
54;626;1763;911;852
54;539;1806;916;890
54;452;1663;799;864
54;365;1747;873;874
54;278;2030;1011;1019
54;191;2053;1084;969
54;104;2134;1065;1069
54;17;2265;1129;1136
54;1497;909;459;450
54;1410;950;488;462
54;1323;1062;534;528
54;1236;1185;593;592
54;1149;1221;623;598
54;1062;1263;628;635
54;975;1342;723;619
54;888;1633;824;809
54;801;1782;869;913
54;714;1749;899;850
54;627;1768;893;875
54;540;1632;785;847
54;453;1682;838;844
54;366;1975;980;995
54;279;2018;1068;950
54;192;2082;1039;1043
54;105;2214;1093;1121
54;18;2136;1109;1027
54;1498;937;479;458
54;1411;1045;524;521
54;1324;1176;581;595
54;1237;1214;613;601
54;1150;1248;626;622
54;1063;1337;714;623
54;976;1609;808;801
54;889;1755;874;881
54;802;1724;879;845
54;715;1736;873;863
54;628;1595;769;826
54;541;1646;822;824
54;454;1900;931;969
54;367;1950;1020;930
54;280;2033;1020;1013
54;193;2181;1074;1107
54;106;2083;1073;1010
54;19;2058;987;1071
54;1499;958;476;482
54;1412;1102;547;555
54;1325;1161;582;579
54;1238;1202;602;600
54;1151;1274;686;588
54;1064;1537;779;758
54;977;1637;814;823
54;890;1631;831;800
54;803;1705;848;857
54;716;1572;757;815
54;629;1605;801;804
54;542;1851;906;945
54;455;1852;967;885
54;368;1962;983;979
54;281;2125;1041;1084
54;194;2040;1045;995
54;107;1994;951;1043
54;20;2006;924;1082
54;1500;1042;512;530
54;1413;1107;545;562
54;1326;1164;573;591
54;1239;1234;663;571
54;1152;1531;774;757
54;1065;1602;799;803
54;978;1570;794;776
54;891;1592;768;824
54;804;1533;739;794
54;717;1577;780;797
54;630;1794;880;914
54;543;1798;940;858
54;456;1856;929;927
54;369;2056;1014;1042
54;282;2006;1020;986
54;195;1975;941;1034
54;108;1967;894;1073
54;21;2044;956;1088
54;1501;1052;518;534
54;1414;1132;555;577
54;1327;1202;639;563
54;1240;1502;743;759
54;1153;1571;778;793
54;1066;1562;789;773
54;979;1562;749;813
54;892;1491;695;796
54;805;1526;756;770
54;718;1754;852;902
54;631;1738;911;827
54;544;1806;897;909
54;457;1930;947;983
54;370;1943;978;965
54;283;1936;921;1015
54;196;1922;879;1043
54;109;1974;918;1056
54;22;2053;952;1101
54;1502;1077;518;559
54;1415;1160;610;550
54;1328;1462;713;749
54;1241;1535;758;777
54;1154;1531;773;758
54;1067;1530;720;810
54;980;1451;672;779
54;893;1516;751;765
54;806;1707;822;885
54;719;1711;897;814
54;632;1744;866;878
54;545;1902;914;988
54;458;1844;932;912
54;371;1877;886;991
54;284;1871;851;1020
54;197;1933;903;1030
54;110;1966;909;1057
54;23;1898;923;975
54;1503;1064;561;503
54;1416;1393;683;710
54;1329;1482;728;754
54;1242;1499;750;749
54;1155;1484;695;789
54;1068;1390;649;741
54;981;1445;715;730
54;894;1558;752;806
54;807;1666;870;796
54;720;1709;847;862
54;633;1860;895;965
54;546;1814;903;911
54;459;1792;841;951
54;372;1829;824;1005
54;285;1887;868;1019
54;198;1907;880;1027
54;111;1835;891;944
54;24;1923;943;980
54;1504;1303;645;658
54;1417;1404;691;713
54;1330;1428;693;735
54;1243;1478;695;783
54;1156;1378;635;743
54;1069;1402;695;707
54;982;1489;714;775
54;895;1525;789;736
54;808;1638;817;821
54;721;1814;876;938
54;634;1783;873;910
54;547;1759;820;939
54;460;1748;785;963
54;373;1838;851;987
54;286;1859;860;999
54;199;1795;871;924
54;112;1874;907;967
54;25;1953;971;982
54;1505;1353;676;677
54;1418;1390;684;706
54;1331;1451;674;777
54;1244;1377;632;745
54;1157;1419;697;722
54;1070;1462;710;752
54;983;1449;730;719
54;896;1516;785;731
54;809;1765;852;913
54;722;1747;854;893
54;635;1708;801;907
54;548;1691;764;927
54;461;1733;808;925
54;374;1776;828;948
54;287;1731;854;877
54;200;1848;888;960
54;113;1909;946;963
54;26;1963;944;1019
54;1506;1344;668;676
54;1419;1414;649;765
54;1332;1318;594;724
54;1245;1415;685;730
54;1158;1475;714;761
54;1071;1406;689;717
54;984;1430;723;707
54;897;1530;741;789
54;810;1695;830;865
54;723;1658;790;868
54;636;1642;740;902
54;549;1699;793;906
54;462;1715;797;918
54;375;1672;818;854
54;288;1793;860;933
54;201;1909;952;957
54;114;1919;915;1004
54;27;1957;960;997
54;1507;1389;658;731
54;1420;1282;592;690
54;1333;1402;694;708
54;1246;1500;711;789
54;1159;1389;694;695
54;1072;1410;695;715
54;985;1462;696;766
54;898;1464;731;733
54;811;1611;753;858
54;724;1601;727;874
54;637;1650;779;871
54;550;1697;777;920
54;463;1631;793;838
54;376;1772;847;925
54;289;1867;932;935
54;202;1906;899;1007
54;115;1935;936;999
54;28;2050;969;1081
54;1508;1265;602;663
54;1421;1374;690;684
54;1334;1517;729;788
54;1247;1404;688;716
54;1160;1427;713;714
54;1073;1474;705;769
54;986;1408;702;706
54;899;1334;667;667
54;812;1544;697;847
54;725;1610;759;851
54;638;1678;764;914
54;551;1631;800;831
54;464;1722;824;898
54;377;1837;922;915
54;290;1875;882;993
54;203;1919;922;997
54;116;2014;938;1076
54;29;2121;1033;1088
54;1509;1387;717;670
54;1422;1484;719;765
54;1335;1382;685;697
54;1248;1432;719;713
54;1161;1456;686;770
54;1074;1361;682;679
54;987;1283;645;638
54;900;1277;639;638
54;813;1589;742;847
54;726;1656;755;901
54;639;1578;780;798
54;552;1714;811;903
54;465;1804;910;894
54;378;1849;867;982
54;291;1894;915;979
54;204;1981;928;1053
54;117;2067;1001;1066
54;30;2140;1039;1101
54;1510;1477;741;736
54;1423;1371;687;684
54;1336;1419;711;708
54;1249;1454;684;770
54;1162;1360;682;678
54;1075;1249;626;623
54;988;1231;611;620
54;901;1339;645;694
54;814;1616;728;888
54;727;1548;768;780
54;640;1672;793;879
54;553;1792;904;888
54;466;1820;855;965
54;379;1864;905;959
54;292;1939;899;1040
54;205;2046;989;1057
54;118;2099;1017;1082
54;31;2123;1019;1104
54;1511;1396;746;650
54;1424;1383;691;692
54;1337;1425;652;773
54;1250;1355;667;688
54;1163;1241;626;615
54;1076;1231;616;615
54;989;1274;603;671
54;902;1341;623;718
54;815;1514;752;762
54;728;1642;782;860
54;641;1756;895;861
54;554;1787;832;955
54;467;1832;886;946
54;380;1890;870;1020
54;293;2021;977;1044
54;206;2080;1007;1073
54;119;2069;986;1083
54;32;2058;998;1060
54;1512;1366;725;641
54;1425;1404;662;742
54;1338;1316;645;671
54;1251;1251;632;619
54;1164;1237;623;614
54;1077;1241;587;654
54;990;1288;592;696
54;903;1251;607;644
54;816;1586;757;829
54;729;1724;880;844
54;642;1765;826;939
54;555;1804;863;941
54;468;1845;853;992
54;381;1965;944;1021
54;294;2037;989;1048
54;207;2052;979;1073
54;120;2017;977;1040
54;33;2130;1013;1117
54;1513;1413;708;705
54;1426;1255;627;628
54;1339;1219;603;616
54;1252;1221;618;603
54;1165;1232;590;642
54;1078;1245;572;673
54;991;1211;587;624
54;904;1323;621;702
54;817;1690;865;825
54;730;1743;810;933
54;643;1765;843;922
54;556;1814;841;973
54;469;1904;918;986
54;382;1995;974;1021
54;295;2014;959;1055
54;208;1996;968;1028
54;121;2098;991;1107
54;34;2109;1026;1083
54;1514;1284;672;612
54;1427;1222;616;606
54;1340;1188;591;597
54;1253;1210;579;631
54;1166;1229;570;659
54;1079;1179;566;613
54;992;1288;600;688
54;905;1395;705;690
54;818;1687;783;904
54;731;1749;836;913
54;644;1777;821;956
54;557;1885;904;981
54;470;1925;934;991
54;383;1972;939;1033
54;296;1935;944;991
54;209;2065;972;1093
54;122;2077;1008;1069
54;35;2138;1058;1080
54;1515;1234;654;580
54;1428;1151;589;562
54;1341;1181;561;620
54;1254;1205;554;651
54;1167;1168;562;606
54;1080;1250;586;664
54;993;1358;683;675
54;906;1424;666;758
54;819;1707;814;893
54;732;1746;808;938
54;645;1828;879;949
54;558;1899;923;976
54;471;1908;904;1004
54;384;1887;916;971
54;297;2020;956;1064
54;210;2034;985;1049
54;123;2095;1024;1071
54;36;2178;1043;1135
54;1516;1185;638;547
54;1429;1147;550;597
54;1342;1175;538;637
54;1255;1148;554;594
54;1168;1245;593;652
54;1081;1329;663;666
54;994;1385;643;742
54;907;1414;674;740
54;820;1712;797;915
54;733;1798;862;936
54;646;1841;894;947
54;559;1883;902;981
54;472;1830;884;946
54;385;1955;930;1025
54;298;1982;959;1023
54;211;2069;1011;1058
54;124;2142;1026;1116
54;37;2218;1001;1217
54;1517;1192;607;585
54;1430;1137;527;610
54;1343;1147;553;594
54;1256;1249;598;651
54;1169;1317;658;659
54;1082;1366;633;733
54;995;1378;655;723
54;908;1480;673;807
54;821;1758;843;915
54;734;1822;883;939
54;647;1840;888;952
54;560;1808;876;932
54;473;1891;899;992
54;386;1946;931;1015
54;299;2017;982;1035
54;212;2107;1007;1100
54;125;2167;975;1192
54;38;2236;1055;1181
54;1518;1183;586;597
54;1431;1137;557;580
54;1344;1202;582;620
54;1257;1300;644;656
54;1170;1341;621;720
54;1083;1352;645;707
54;996;1458;666;792
54;909;1556;720;836
54;822;1772;852;920
54;735;1825;876;949
54;648;1750;844;906
54;561;1850;878;972
54;474;1887;906;981
54;387;1969;955;1014
54;300;2062;983;1079
54;213;2136;954;1182
54;126;2175;1011;1164
54;39;2353;1048;1305
54;1519;1183;622;561
54;1432;1174;579;595
54;1345;1278;626;652
54;1258;1327;611;716
54;1171;1347;645;702
54;1084;1442;659;783
54;997;1513;706;807
54;910;1560;719;841
54;823;1789;855;934
54;736;1714;819;895
54;649;1809;863;946
54;562;1854;890;964
54;475;1921;932;989
54;388;2002;962;1040
54;301;2072;923;1149
54;214;2137;994;1143
54;127;2300;1011;1289
54;40;2468;1174;1294
54;1520;1231;645;586
54;1433;1279;650;629
54;1346;1291;589;702
54;1259;1325;640;685
54;1172;1428;651;777
54;1085;1481;692;789
54;998;1529;703;826
54;911;1601;746;855
54;824;1676;800;876
54;737;1786;848;938
54;650;1812;866;946
54;563;1876;902;974
54;476;1928;917;1011
54;389;2023;898;1125
54;302;2068;960;1108
54;215;2267;993;1274
54;128;2411;1133;1278
54;41;2384;1056;1328
54;1521;1320;705;615
54;1434;1272;598;674
54;1347;1283;619;664
54;1260;1396;634;762
54;1173;1467;685;782
54;1086;1510;697;813
54;999;1544;709;835
54;912;1530;701;829
54;825;1747;818;929
54;738;1783;846;937
54;651;1841;880;961
54;564;1889;901;988
54;477;1962;866;1096
54;390;2013;926;1087
54;303;2209;972;1237
54;216;2361;1106;1255
54;129;2347;1036;1311
54;42;2336;1085;1251
54;1522;1322;659;663
54;1435;1277;631;646
54;1348;1381;632;749
54;1261;1432;667;765
54;1174;1489;687;802
54;1087;1520;696;824
54;1000;1492;681;811
54;913;1595;722;873
54;826;1754;826;928
54;739;1812;863;949
54;652;1859;887;972
54;565;1919;843;1076
54;478;1960;898;1062
54;391;2152;942;1210
54;304;2308;1079;1229
54;217;2311;1015;1296
54;130;2295;1058;1237
54;43;2292;1073;1219
54;1523;1301;679;622
54;1436;1392;647;745
54;1349;1394;649;745
54;1262;1462;666;796
54;1175;1508;692;816
54;1088;1470;675;795
54;1001;1566;705;861
54;914;1616;760;856
54;827;1776;845;931
54;740;1824;871;953
54;653;1875;825;1050
54;566;1913;876;1037
54;479;2092;916;1176
54;392;2256;1050;1206
54;305;2252;980;1272
54;218;2266;1038;1228
54;131;2241;1043;1198
54;44;2133;971;1162
54;1524;1415;697;718
54;1437;1391;672;719
54;1350;1460;673;787
54;1263;1477;675;802
54;1176;1448;666;782
54;1089;1524;688;836
54;1002;1565;740;825
54;915;1668;770;898
54;828;1779;849;930
54;741;1842;807;1035
54;654;1884;858;1026
54;567;2056;900;1156
54;480;2209;1024;1185
54;393;2205;955;1250
54;306;2214;1007;1207
54;219;2224;1033;1191
54;132;2097;958;1139
54;45;1975;942;1033
54;1525;1443;745;698
54;1438;1428;671;757
54;1351;1448;669;779
54;1264;1411;644;767
54;1177;1487;671;816
54;1090;1532;723;809
54;1003;1615;745;870
54;916;1661;765;896
54;829;1802;784;1018
54;742;1852;839;1013
54;655;2000;871;1129
54;568;2157;996;1161
54;481;2150;930;1220
54;394;2149;973;1176
54;307;2167;1009;1158
54;220;2062;935;1127
54;133;1919;913;1006
54;46;1862;848;1014
54;1526;1473;730;743
54;1439;1451;686;765
54;1352;1396;635;761
54;1265;1455;661;794
54;1178;1508;711;797
54;1091;1591;724;867
54;1004;1637;753;884
54;917;1680;720;960
54;830;1814;814;1000
54;743;1968;853;1115
54;656;2110;976;1134
54;569;2112;913;1199
54;482;2089;940;1149
54;395;2118;982;1136
54;308;2014;916;1098
54;221;1897;902;995
54;134;1830;825;1005
54;47;1715;780;935
54;1527;1493;741;752
54;1440;1396;654;742
54;1353;1426;644;782
54;1266;1486;692;794
54;1179;1575;711;864
54;1092;1616;745;871
54;1005;1649;707;942
54;918;1726;777;949
54;831;1931;829;1102
54;744;2074;955;1119
54;657;2067;889;1178
54;570;2053;920;1133
54;483;2087;964;1123
54;396;1974;890;1084
54;309;1857;880;977
54;222;1809;815;994
54;135;1690;769;921
54;48;1631;702;929
54;1528;1436;705;731
54;1441;1399;633;766
54;1354;1451;674;777
54;1267;1539;692;847
54;1180;1584;726;858
54;1093;1619;684;935
54;1006;1695;763;932
54;919;1828;784;1044
54;832;2045;937;1108
54;745;2027;862;1165
54;658;2007;892;1115
54;571;2056;951;1105
54;484;1922;860;1062
54;397;1789;840;949
54;310;1767;791;976
54;223;1673;757;916
54;136;1586;677;909
54;49;1648;755;893
54;1529;1412;668;744
54;1442;1456;686;770
54;1355;1511;673;838
54;1268;1552;706;846
54;1181;1601;681;920
54;1094;1679;755;924
54;1007;1805;780;1025
54;920;1970;891;1079
54;833;2002;844;1158
54;746;1960;867;1093
54;659;2015;922;1093
54;572;1881;842;1039
54;485;1747;820;927
54;398;1737;771;966
54;311;1632;740;892
54;224;1565;666;899
54;137;1593;725;868
54;50;1691;764;927
54;1530;1454;703;751
54;1443;1490;667;823
54;1356;1534;694;840
54;1269;1597;686;911
54;1182;1655;741;914
54;1095;1789;774;1015
54;1008;1938;876;1062
54;921;1991;844;1147
54;834;1922;846;1076
54;747;1974;904;1070
54;660;1828;807;1021
54;573;1706;798;908
54;486;1687;744;943
54;399;1606;723;883
54;312;1514;634;880
54;225;1574;712;862
54;138;1646;730;916
54;51;1565;671;894
54;1531;1492;691;801
54;1444;1527;698;829
54;1357;1571;671;900
54;1270;1628;722;906
54;1183;1758;757;1001
54;1096;1916;863;1053
54;1009;1945;820;1125
54;922;1876;831;1045
54;835;1940;882;1058
54;748;1791;779;1012
54;661;1663;772;891
54;574;1653;725;928
54;487;1575;705;870
54;400;1469;611;858
54;313;1533;685;848
54;226;1612;710;902
54;139;1526;652;874
54;52;1558;660;898
54;1532;1534;720;814
54;1445;1551;673;878
54;1358;1597;702;895
54;1271;1713;732;981
54;1184;1894;846;1048
54;1097;1934;816;1118
54;1010;1840;812;1028
54;923;1928;874;1054
54;836;1765;763;1002
54;749;1630;750;880
54;662;1606;704;902
54;575;1536;690;846
54;488;1433;591;842
54;401;1498;658;840
54;314;1579;697;882
54;227;1500;638;862
54;140;1530;639;891
54;53;1350;575;775
54;1533;1542;687;855
54;1446;1577;701;876
54;1359;1671;705;966
54;1272;1853;818;1035
54;1185;1906;803;1103
54;1098;1814;800;1014
54;1011;1890;852;1038
54;924;1728;737;991
54;837;1590;726;864
54;750;1580;684;896
54;663;1505;671;834
54;576;1399;573;826
54;489;1460;639;821
54;402;1531;672;859
54;315;1467;616;851
54;228;1513;632;881
54;141;1315;557;758
54;54;1413;589;824
54;1534;1568;705;863
54;1447;1648;693;955
54;1360;1819;804;1015
54;1273;1867;778;1089
54;1186;1788;783;1005
54;1099;1862;832;1030
54;1012;1683;713;970
54;925;1569;700;869
54;838;1561;672;889
54;751;1480;655;825
54;664;1365;554;811
54;577;1420;611;809
54;490;1481;644;837
54;403;1434;602;832
54;316;1478;615;863
54;229;1297;545;752
54;142;1388;581;807
54;55;1338;588;750
54;1535;1625;690;935
54;1448;1798;795;1003
54;1361;1832;759;1073
54;1274;1759;764;995
54;1187;1830;818;1012
54;1100;1663;699;964
54;1013;1532;682;850
54;926;1524;647;877
54;839;1446;637;809
54;752;1331;535;796
54;665;1383;591;792
54;578;1447;628;819
54;491;1406;590;816
54;404;1442;599;843
54;317;1265;523;742
54;230;1365;566;799
54;143;1288;565;723
54;56;1433;615;818
54;1536;1771;795;976
54;1449;1797;737;1060
54;1362;1732;744;988
54;1275;1789;794;995
54;1188;1628;685;943
54;1101;1512;665;847
54;1014;1497;626;871
54;927;1435;622;813
54;840;1306;521;785
54;753;1352;573;779
54;666;1402;606;796
54;579;1364;565;799
54;492;1406;579;827
54;405;1228;503;725
54;318;1327;548;779
54;231;1259;545;714
54;144;1393;595;798
54;57;1178;508;670
54;1537;1773;730;1043
54;1450;1693;720;973
54;1363;1752;770;982
54;1276;1615;679;936
54;1189;1486;647;839
54;1102;1480;614;866
54;1015;1404;607;797
54;928;1287;512;775
54;841;1320;561;759
54;754;1375;588;787
54;667;1319;536;783
54;580;1373;556;817
54;493;1194;488;706
54;406;1298;534;764
54;319;1236;536;700
54;232;1369;581;788
54;145;1139;484;655
54;58;1376;590;786
54;1538;1671;707;964
54;1451;1718;752;966
54;1364;1586;655;931
54;1277;1455;631;824
54;1190;1469;611;858
54;1103;1382;595;787
54;1016;1265;496;769
54;929;1264;527;737
54;842;1342;570;772
54;755;1294;523;771
54;668;1325;526;799
54;581;1167;474;693
54;494;1267;515;752
54;407;1205;520;685
54;320;1339;561;778
54;233;1106;461;645
54;146;1338;572;766
54;59;1462;643;819
54;1539;1679;731;948
54;1452;1545;636;909
54;1365;1433;621;812
54;1278;1424;582;842
54;1191;1357;580;777
54;1104;1248;487;761
54;1017;1240;514;726
54;930;1303;554;749
54;843;1266;508;758
54;756;1303;516;787
54;669;1136;461;675
54;582;1235;493;742
54;495;1167;496;671
54;408;1311;542;769
54;321;1080;445;635
54;234;1315;560;755
54;147;1420;621;799
54;60;1357;564;793
54;1540;1518;614;904
54;1453;1408;610;798
54;1366;1380;560;820
54;1279;1328;562;766
54;1192;1231;474;757
54;1105;1220;500;720
54;1018;1276;532;744
54;931;1276;496;780
54;844;1287;505;782
54;757;1108;445;663
54;670;1201;469;732
54;583;1133;472;661
54;496;1277;520;757
54;409;1052;424;628
54;322;1274;534;740
54;235;1387;599;788
54;148;1337;547;790
54;61;1249;522;727
54;1541;1375;594;781
54;1454;1351;540;811
54;1367;1305;540;765
54;1280;1217;463;754
54;1193;1195;492;703
54;1106;1253;514;739
54;1019;1244;482;762
54;932;1303;507;796
54;845;1071;422;649
54;758;1177;456;721
54;671;1101;455;646
54;584;1245;503;742
54;497;1023;403;620
54;410;1243;519;724
54;323;1349;579;770
54;236;1318;540;778
54;149;1231;508;723
54;62;1284;521;763
54;1542;1339;528;811
54;1455;1283;525;758
54;1368;1190;444;746
54;1281;1168;477;691
54;1194;1221;492;729
54;1107;1221;463;758
54;1020;1277;488;789
54;933;1067;416;651
54;846;1154;444;710
54;759;1067;438;629
54;672;1195;475;720
54;585;989;380;609
54;498;1201;493;708
54;411;1312;558;754
54;324;1286;521;765
54;237;1216;499;717
54;150;1257;504;753
54;63;1307;529;778
54;1543;1278;521;757
54;1456;1155;423;732
54;1369;1131;453;678
54;1282;1204;483;721
54;1195;1200;450;750
54;1108;1251;473;778
54;1021;1056;404;652
54;934;1105;413;692
54;847;1041;416;625
54;760;1161;449;712
54;673;971;367;604
54;586;1158;466;692
54;499;1265;531;734
54;412;1243;495;748
54;325;1185;481;704
54;238;1235;485;750
54;151;1282;513;769
54;64;1281;497;784
54;1544;1123;405;718
54;1457;1093;425;668
54;1370;1165;455;710
54;1283;1170;432;738
54;1196;1224;453;771
54;1109;1033;392;641
54;1022;1084;399;685
54;935;1046;403;643
54;848;1127;424;703
54;761;948;354;594
54;674;1114;436;678
54;587;1228;507;721
54;500;1200;475;725
54;413;1144;461;683
54;326;1212;467;745
54;239;1271;506;765
54;152;1267;486;781
54;65;1224;482;742
54;1545;1064;407;657
54;1458;1136;438;698
54;1371;1141;413;728
54;1284;1209;441;768
54;1197;1009;370;639
54;1110;1063;388;675
54;1023;1024;391;633
54;936;1155;427;728
54;849;927;343;584
54;762;1077;412;665
54;675;1198;490;708
54;588;1162;454;708
54;501;1114;451;663
54;414;1172;446;726
54;327;1253;488;765
54;240;1266;482;784
54;153;1208;475;733
54;66;1172;435;737
54;1546;1108;422;686
54;1459;1114;394;720
54;1372;1185;433;752
54;1285;979;345;634
54;1198;1040;374;666
54;1111;1003;378;625
54;1024;1127;408;719
54;937;911;343;568
54;850;1053;399;654
54;763;1168;473;695
54;676;1126;433;693
54;589;1078;430;648
54;502;1138;426;712
54;415;1216;466;750
54;328;1243;463;780
54;241;1186;460;726
54;154;1159;428;731
54;67;1083;404;679
54;1547;1095;382;713
54;1460;1153;413;740
54;1373;947;335;612
54;1286;1010;352;658
54;1199;979;367;612
54;1112;1100;386;714
54;1025;896;332;564
54;938;1064;404;660
54;851;1133;449;684
54;764;1092;416;676
54;677;1054;418;636
54;590;1100;406;694
54;503;1177;443;734
54;416;1213;447;766
54;329;1160;434;726
54;242;1138;411;727
54;155;1060;395;665
54;68;1165;467;698
54;1548;1128;397;731
54;1461;915;311;604
54;1374;973;332;641
54;1287;955;343;612
54;1200;1078;374;704
54;1113;872;313;559
54;1026;1030;385;645
54;939;1154;455;699
54;852;1056;391;665
54;765;1026;399;627
54;678;1060;384;676
54;591;1141;422;719
54;504;1174;422;752
54;417;1137;419;718
54;330;1111;399;712
54;243;1029;380;649
54;156;1146;452;694
54;69;1112;421;691
54;1549;886;302;584
54;1462;947;320;627
54;1375;936;332;604
54;1288;1053;363;690
54;1201;847;294;553
54;1114;1006;373;633
54;1027;1113;426;687
54;940;1090;410;680
54;853;999;388;611
54;766;1026;366;660
54;679;1106;403;703
54;592;1129;399;730
54;505;1095;394;701
54;418;1082;383;699
54;331;1000;359;641
54;244;1118;428;690
54;157;1075;398;677
54;70;1028;378;650
54;1550;918;300;618
54;1463;909;319;590
54;1376;1025;347;678
54;1289;832;285;547
54;1202;980;356;624
54;1115;1100;418;682
54;1028;1068;394;674
54;941;986;358;628
54;854;992;351;641
54;767;1080;395;685
54;680;1104;381;723
54;593;1069;382;687
54;506;1040;354;686
54;419;974;343;631
54;332;1086;410;676
54;245;1051;378;673
54;158;996;359;637
54;71;952;360;592
54;1551;883;307;576
54;1464;993;333;660
54;1377;803;268;535
54;1290;942;331;611
54;1203;1073;395;678
54;1116;1027;371;656
54;1029;954;339;615
54;942;1000;352;648
54;855;1053;379;674
54;768;1067;359;708
54;681;1026;361;665
54;594;1005;340;665
54;507;929;314;615
54;420;1036;383;653
54;333;1027;363;664
54;246;967;342;625
54;159;923;340;583
54;72;942;345;597
54;1552;977;330;647
54;1465;780;255;525
54;1378;921;321;600
54;1291;1042;384;658
54;1204;991;353;638
54;1117;930;327;603
54;1030;974;337;637
54;943;1021;355;666
54;856;1038;346;692
54;769;983;330;653
54;682;958;319;639
54;595;897;300;597
54;508;1007;369;638
54;421;986;333;653
54;334;932;324;608
54;247;913;333;580
54;160;916;330;586
54;73;990;342;648
54;1553;753;242;511
54;1466;906;313;593
54;1379;1011;373;638
54;1292;971;343;628
54;1205;906;309;597
54;1118;954;325;629
54;1031;991;337;654
54;944;1018;338;680
54;857;941;316;625
54;770;921;306;615
54;683;859;280;579
54;596;975;355;620
54;509;946;314;632
54;422;902;305;597
54;335;884;313;571
54;248;901;319;582
54;161;965;331;634
54;74;855;304;551
54;1554;881;301;580
54;1467;982;358;624
54;1380;951;329;622
54;1293;878;294;584
54;1206;914;302;612
54;1119;961;317;644
54;1032;993;325;668
54;945;932;304;628
54;858;885;288;597
54;771;823;262;561
54;684;933;332;601
54;597;905;291;614
54;510;855;279;576
54;423;849;292;557
54;336;879;302;577
54;249;932;313;619
54;162;841;297;544
54;75;756;220;536
54;1555;955;338;617
54;1468;914;310;604
54;1381;849;273;576
54;1294;895;288;607
54;1207;925;303;622
54;1120;967;310;657
54;1033;907;291;616
54;946;896;286;610
54;859;792;245;547
54;772;888;307;581
54;685;868;270;598
54;598;816;265;551
54;511;817;276;541
54;424;831;274;557
54;337;891;290;601
54;250;811;280;531
54;163;748;214;534
54;76;743;242;501
54;1556;885;297;588
54;1469;825;254;571
54;1382;870;271;599
54;1295;892;285;607
54;1208;945;293;652
54;1121;870;274;596
54;1034;854;264;590
54;947;785;234;551
54;860;856;292;564
54;773;838;258;580
54;686;768;242;526
54;599;792;268;524
54;512;789;245;544
54;425;857;278;579
54;338;778;264;514
54;251;726;202;524
54;164;707;226;481
54;77;708;204;504
54;1557;794;239;555
54;1470;837;249;588
54;1383;845;263;582
54;1296;913;277;636
54;1209;837;262;575
54;1122;819;247;572
54;1035;760;220;540
54;948;845;277;568
54;861;798;236;562
54;774;727;226;501
54;687;742;240;502
54;600;752;232;520
54;513;797;245;552
54;426;732;240;492
54;339;704;188;516
54;252;668;196;472
54;165;676;188;488
54;78;659;204;455
54;1558;800;234;566
54;1471;819;253;566
54;1384;875;263;612
54;1297;801;241;560
54;1210;792;230;562
54;1123;725;201;524
54;1036;810;263;547
54;949;802;236;566
54;862;688;206;482
54;775;697;221;476
54;688;710;214;496
54;601;754;228;526
54;514;692;223;469
54;427;664;176;488
54;340;635;184;451
54;253;642;172;470
54;166;641;196;445
54;79;526;177;349
54;1559;771;233;538
54;1472;841;250;591
54;1385;771;228;543
54;1298;759;219;540
54;1211;683;184;499
54;1124;753;240;513
54;1037;761;219;542
54;950;717;219;498
54;863;656;205;451
54;776;670;189;481
54;689;722;216;506
54;602;639;200;439
54;515;622;162;460
54;428;605;171;434
54;341;591;155;436
54;254;608;183;425
54;167;493;157;336
54;80;467;138;329
54;1560;792;233;559
54;1473;731;207;524
54;1386;711;198;513
54;1299;643;167;476
54;1212;711;226;485
54;1125;724;204;520
54;1038;675;201;474
54;951;640;204;436
54;864;644;180;464
54;777;683;201;482
54;690;597;182;415
54;603;583;144;439
54;516;563;157;406
54;429;553;138;415
54;342;569;158;411
54;255;446;136;310
54;168;431;122;309
54;81;396;109;287
54;1561;686;192;494
54;1474;659;177;482
54;1387;597;151;446
54;1300;672;210;462
54;1213;678;191;487
54;1126;645;186;459
54;1039;614;190;424
54;952;618;172;446
54;865;633;179;454
54;778;551;161;390
54;691;554;135;419
54;604;530;144;386
54;517;506;124;382
54;430;513;142;371
54;343;411;118;293
54;256;398;107;291
54;169;379;103;276
54;82;292;84;208
54;1562;625;165;460
54;1475;555;135;420
54;1388;629;187;442
54;1301;637;178;459
54;1214;588;166;422
54;1127;574;173;401
54;1040;585;158;427
54;953;606;172;434
54;866;518;147;371
54;779;510;127;383
54;692;482;132;350
54;605;465;113;352
54;518;467;132;335
54;431;371;102;269
54;344;373;97;276
54;257;345;89;256
54;170;267;73;194
54;83;219;51;168
54;1563;514;121;393
54;1476;579;167;412
54;1389;590;162;428
54;1302;543;146;397
54;1215;539;162;377
54;1128;546;145;401
54;1041;555;155;400
54;954;489;133;356
54;867;467;114;353
54;780;440;118;322
54;693;429;99;330
54;606;420;118;302
54;519;344;92;252
54;432;334;83;251
54;345;317;79;238
54;258;244;63;181
54;171;198;50;148
54;84;202;60;142
54;1564;526;147;379
54;1477;556;147;409
54;1390;499;135;364
54;1303;498;147;351
54;1216;506;128;378
54;1129;498;133;365
54;1042;437;113;324
54;955;448;113;335
54;868;407;110;297
54;781;378;84;294
54;694;369;101;268
54;607;297;81;216
54;520;298;72;226
54;433;284;72;212
54;346;206;47;159
54;259;179;45;134
54;172;180;56;124
54;85;190;57;133
54;1565;2614;640;1974
54;1478;2492;613;1879
54;1391;2382;589;1793
54;1304;2254;542;1712
54;1217;2107;508;1599
54;1130;1968;470;1498
54;1043;1878;450;1428
54;956;1735;413;1322
54;869;1611;362;1249
54;782;1464;341;1123
54;695;1322;304;1018
54;608;1243;288;955
54;521;1195;288;907
54;434;1116;271;845
54;347;1128;285;843
54;260;1132;304;828
54;173;1148;292;856
54;86;1152;286;866
54;1566;100575;45457;55118
54;1479;101214;44801;56413
54;1392;102981;45315;57666
54;1305;104569;46136;58433
54;1218;105610;46756;58854
54;1131;106470;47133;59337
54;1044;107689;47683;60006
54;957;109748;48756;60992
54;870;114506;51048;63458
54;783;116196;51944;64252
54;696;117829;52751;65078
54;609;120272;53970;66302
54;522;122236;54917;67319
54;435;125360;56517;68843
54;348;127805;57805;70000
54;261;130366;59110;71256
54;174;131977;60002;71975
54;87;134032;61289;72743
55;1480;364;192;172
55;1393;359;175;184
55;1306;410;209;201
55;1219;361;189;172
55;1132;379;188;191
55;1045;396;202;194
55;958;360;205;155
55;871;357;170;187
55;784;436;228;208
55;697;456;242;214
55;610;441;225;216
55;523;411;221;190
55;436;409;206;203
55;349;446;219;227
55;262;509;272;237
55;175;464;226;238
55;88;498;261;237
55;1;505;265;240
55;1481;354;170;184
55;1394;396;205;191
55;1307;363;195;168
55;1220;364;180;184
55;1133;395;201;194
55;1046;356;198;158
55;959;337;157;180
55;872;422;227;195
55;785;438;239;199
55;698;440;223;217
55;611;408;221;187
55;524;409;205;204
55;437;434;218;216
55;350;504;269;235
55;263;473;233;240
55;176;506;267;239
55;89;496;259;237
55;2;585;306;279
55;1482;382;203;179
55;1395;353;186;167
55;1308;341;161;180
55;1221;344;171;173
55;1134;331;185;146
55;1047;311;143;168
55;960;372;197;175
55;873;422;231;191
55;786;400;206;194
55;699;412;221;191
55;612;416;205;211
55;525;424;211;213
55;438;496;266;230
55;351;470;231;239
55;264;515;270;245
55;177;499;263;236
55;90;588;309;279
55;3;587;311;276
55;1483;350;185;165
55;1396;359;177;182
55;1309;340;173;167
55;1222;328;182;146
55;1135;318;150;168
55;1048;362;192;170
55;961;403;211;192
55;874;377;190;187
55;787;403;217;186
55;700;417;204;213
55;613;426;215;211
55;526;488;260;228
55;439;458;224;234
55;352;515;268;247
55;265;501;262;239
55;178;593;309;284
55;91;584;309;275
55;4;562;291;271
55;1484;360;173;187
55;1397;354;186;168
55;1310;341;189;152
55;1223;324;148;176
55;1136;362;197;165
55;1049;410;213;197
55;962;368;193;175
55;875;381;212;169
55;788;406;197;209
55;701;432;220;212
55;614;485;259;226
55;527;455;226;229
55;440;511;267;244
55;353;496;256;240
55;266;612;319;293
55;179;591;314;277
55;92;566;292;274
55;5;662;342;320
55;1485;369;195;174
55;1398;350;190;160
55;1311;331;149;182
55;1224;376;203;173
55;1137;417;210;207
55;1050;366;188;178
55;963;390;215;175
55;876;385;182;203
55;789;405;211;194
55;702;483;261;222
55;615;457;227;230
55;528;507;265;242
55;441;482;251;231
55;354;609;320;289
55;267;605;320;285
55;180;572;295;277
55;93;660;347;313
55;6;652;347;305
55;1486;372;205;167
55;1399;354;159;195
55;1312;377;204;173
55;1225;412;206;206
55;1138;357;181;176
55;1051;384;205;179
55;964;379;184;195
55;877;413;210;203
55;790;470;257;213
55;703;466;235;231
55;616;506;265;241
55;529;477;247;230
55;442;602;316;286
55;355;598;321;277
55;268;580;296;284
55;181;668;351;317
55;94;652;343;309
55;7;705;326;379
55;1487;376;174;202
55;1400;402;213;189
55;1313;423;214;209
55;1226;369;190;179
55;1139;382;203;179
55;1052;379;180;199
55;965;402;201;201
55;878;427;244;183
55;791;460;233;227
55;704;508;262;246
55;617;464;240;224
55;530;594;313;281
55;443;597;319;278
55;356;576;296;280
55;269;679;354;325
55;182;665;351;314
55;95;702;323;379
55;8;767;411;356
55;1488;436;232;204
55;1401;445;223;222
55;1314;378;197;181
55;1227;398;215;183
55;1140;378;179;199
55;1053;393;197;196
55;966;417;236;181
55;879;400;210;190
55;792;500;262;238
55;705;469;246;223
55;618;595;310;285
55;531;597;318;279
55;444;566;288;278
55;357;681;355;326
55;270;676;357;319
55;183;709;325;384
55;96;778;422;356
55;9;931;455;476
55;1489;465;233;232
55;1402;386;200;186
55;1315;401;218;183
55;1228;372;175;197
55;1141;388;196;192
55;1054;423;237;186
55;967;384;199;185
55;880;492;252;240
55;793;460;241;219
55;706;598;313;285
55;619;605;323;282
55;532;563;289;274
55;445;667;348;319
55;358;675;355;320
55;271;718;331;387
55;184;779;423;356
55;97;928;451;477
55;10;921;464;457
55;1490;396;209;187
55;1403;412;229;183
55;1316;375;181;194
55;1229;393;201;192
55;1142;411;232;179
55;1055;369;194;175
55;968;480;245;235
55;881;470;241;229
55;794;582;308;274
55;707;601;316;285
55;620;562;288;274
55;533;667;347;320
55;446;664;349;315
55;359;719;333;386
55;272;789;424;365
55;185;935;461;474
55;98;918;464;454
55;11;897;462;435
55;1491;427;232;195
55;1404;391;183;208
55;1317;397;199;198
55;1230;409;231;178
55;1143;356;185;171
55;1056;473;242;231
55;969;466;237;229
55;882;562;286;276
55;795;597;315;282
55;708;570;291;279
55;621;660;344;316
55;534;661;349;312
55;447;706;327;379
55;360;789;424;365
55;273;944;467;477
55;186;920;466;454
55;99;888;460;428
55;12;882;429;453
55;1492;397;187;210
55;1405;405;207;198
55;1318;400;230;170
55;1231;356;188;168
55;1144;466;237;229
55;1057;458;229;229
55;970;559;283;276
55;883;587;320;267
55;796;571;290;281
55;709;668;348;320
55;622;663;351;312
55;535;699;326;373
55;448;775;419;356
55;361;954;471;483
55;274;931;472;459
55;187;884;456;428
55;100;888;434;454
55;13;891;465;426
55;1493;416;211;205
55;1406;422;241;181
55;1319;366;195;171
55;1232;465;237;228
55;1145;461;233;228
55;1058;560;281;279
55;971;578;316;262
55;884;541;286;255
55;797;662;349;313
55;710;666;354;312
55;623;694;321;373
55;536;777;421;356
55;449;934;462;472
55;362;937;476;461
55;275;888;453;435
55;188;881;435;446
55;101;888;464;424
55;14;896;460;436
55;1494;425;241;184
55;1407;371;197;174
55;1320;463;233;230
55;1233;457;232;225
55;1146;553;279;274
55;1059;565;306;259
55;972;538;289;249
55;885;629;336;293
55;798;649;341;308
55;711;713;332;381
55;624;771;418;353
55;537;923;460;463
55;450;920;466;454
55;363;881;449;432
55;276;882;433;449
55;189;887;461;426
55;102;888;450;438
55;15;924;490;434
55;1495;383;202;181
55;1408;476;240;236
55;1321;461;236;225
55;1234;555;278;277
55;1147;565;312;253
55;1060;532;289;243
55;973;622;333;289
55;886;646;353;293
55;799;719;338;381
55;712;773;418;355
55;625;921;458;463
55;538;914;466;448
55;451;854;437;417
55;364;872;430;442
55;277;883;459;424
55;190;879;445;434
55;103;932;490;442
55;16;859;428;431
55;1496;489;251;238
55;1409;472;241;231
55;1322;564;279;285
55;1235;566;313;253
55;1148;534;291;243
55;1061;620;330;290
55;974;649;356;293
55;887;683;321;362
55;800;777;422;355
55;713;921;458;463
55;626;908;459;449
55;539;842;435;407
55;452;851;419;432
55;365;873;451;422
55;278;872;441;431
55;191;919;485;434
55;104;853;425;428
55;17;862;448;414
55;1497;477;247;230
55;1410;573;285;288
55;1323;574;320;254
55;1236;543;290;253
55;1149;613;330;283
55;1062;653;356;297
55;975;685;321;364
55;888;753;412;341
55;801;906;448;458
55;714;911;466;445
55;627;839;432;407
55;540;837;410;427
55;453;852;441;411
55;366;861;436;425
55;279;901;477;424
55;192;854;421;433
55;105;855;445;410
55;18;847;418;429
55;1498;561;281;280
55;1411;562;313;249
55;1324;531;288;243
55;1237;599;324;275
55;1150;643;350;293
55;1063;663;311;352
55;976;732;404;328
55;889;840;414;426
55;802;900;462;438
55;715;843;435;408
55;628;827;406;421
55;541;832;430;402
55;454;833;419;414
55;367;892;473;419
55;280;841;412;429
55;193;845;439;406
55;106;846;417;429
55;19;686;373;313
55;1499;541;294;247
55;1412;525;285;240
55;1325;581;317;264
55;1238;615;338;277
55;1151;653;308;345
55;1064;707;390;317
55;977;796;406;390
55;890;724;383;341
55;803;824;423;401
55;716;822;403;419
55;629;807;418;389
55;542;816;410;406
55;455;837;446;391
55;368;823;400;423
55;281;822;431;391
55;194;834;418;416
55;107;653;362;291
55;20;661;363;298
55;1500;504;272;232
55;1413;567;310;257
55;1326;603;328;275
55;1239;642;304;338
55;1152;690;375;315
55;1065;780;407;373
55;978;690;360;330
55;891;646;350;296
55;804;802;398;404
55;717;805;418;387
55;630;800;401;399
55;543;817;434;383
55;456;781;377;404
55;369;796;418;378
55;282;812;408;404
55;195;626;349;277
55;108;632;352;280
55;21;633;335;298
55;1501;551;306;245
55;1414;573;312;261
55;1327;611;290;321
55;1240;679;377;302
55;1153;755;394;361
55;1066;663;343;320
55;979;609;333;276
55;892;583;297;286
55;805;785;410;375
55;718;787;398;389
55;631;799;425;374
55;544;762;366;396
55;457;751;390;361
55;370;782;399;383
55;283;599;333;266
55;196;616;344;272
55;109;613;323;290
55;22;574;323;251
55;1502;538;295;243
55;1415;576;277;299
55;1328;640;353;287
55;1241;734;394;340
55;1154;653;348;305
55;1067;571;308;263
55;980;530;268;262
55;893;571;319;252
55;806;752;384;368
55;719;792;424;368
55;632;732;354;378
55;545;728;381;347
55;458;730;372;358
55;371;570;325;245
55;284;595;336;259
55;197;602;320;282
55;110;563;318;245
55;23;571;304;267
55;1503;534;264;270
55;1416;630;350;280
55;1329;712;383;329
55;1242;630;330;300
55;1155;550;302;248
55;1068;501;260;241
55;981;506;284;222
55;894;533;293;240
55;807;753;400;353
55;720;716;346;370
55;633;719;374;345
55;546;699;351;348
55;459;547;312;235
55;372;581;333;248
55;285;578;307;271
55;198;562;318;244
55;111;567;305;262
55;24;509;259;250
55;1504;588;325;263
55;1417;666;367;299
55;1330;592;321;271
55;1243;520;294;226
55;1156;488;259;229
55;1069;475;272;203
55;982;485;270;215
55;895;506;269;237
55;808;673;329;344
55;721;701;368;333
55;634;691;345;346
55;547;533;303;230
55;460;543;313;230
55;373;556;296;260
55;286;559;321;238
55;199;571;308;263
55;112;508;260;248
55;25;615;306;309
55;1505;608;331;277
55;1418;573;313;260
55;1331;494;275;219
55;1244;461;247;214
55;1157;447;264;183
55;1070;459;249;210
55;983;457;247;210
55;896;472;231;241
55;809;665;353;312
55;722;666;343;323
55;635;527;296;231
55;548;506;293;213
55;461;525;279;246
55;374;522;308;214
55;287;527;284;243
55;200;523;271;252
55;113;620;308;312
55;26;629;318;311
55;1506;540;300;240
55;1419;482;270;212
55;1332;436;227;209
55;1245;441;259;182
55;1158;422;232;190
55;1071;416;228;188
55;984;420;215;205
55;897;457;250;207
55;810;595;302;293
55;723;521;294;227
55;636;486;286;200
55;549;518;274;244
55;462;496;291;205
55;375;511;273;238
55;288;505;259;246
55;201;610;297;313
55;114;618;311;307
55;27;610;284;326
55;1507;455;248;207
55;1420;427;223;204
55;1333;429;252;177
55;1246;406;229;177
55;1159;388;216;172
55;1072;387;197;190
55;985;412;231;181
55;898;458;228;230
55;811;486;277;209
55;724;483;284;199
55;637;497;262;235
55;550;486;285;201
55;463;482;258;224
55;376;480;244;236
55;289;576;281;295
55;202;614;308;306
55;115;609;282;327
55;28;636;320;316
55;1508;395;201;194
55;1421;403;238;165
55;1334;397;227;170
55;1247;366;213;153
55;1160;362;183;179
55;1073;387;214;173
55;986;420;208;212
55;899;464;239;225
55;812;446;266;180
55;725;482;255;227
55;638;468;277;191
55;551;472;255;217
55;464;455;228;227
55;377;559;273;286
55;290;598;298;300
55;203;592;274;318
55;116;620;309;311
55;29;638;308;330
55;1509;394;234;160
55;1422;396;229;167
55;1335;363;205;158
55;1248;352;171;181
55;1161;359;203;156
55;1074;403;204;199
55;987;434;225;209
55;900;472;240;232
55;813;454;246;208
55;726;467;274;193
55;639;462;250;212
55;552;439;222;217
55;465;535;260;275
55;378;580;291;289
55;291;577;269;308
55;204;619;308;311
55;117;642;305;337
55;30;690;343;347
55;1510;379;222;157
55;1423;360;210;150
55;1336;346;163;183
55;1249;338;180;158
55;1162;386;191;195
55;1075;421;220;201
55;988;452;230;222
55;901;481;242;239
55;814;431;259;172
55;727;453;248;205
55;640;440;218;222
55;553;529;257;272
55;466;559;279;280
55;379;559;260;299
55;292;604;300;304
55;205;636;304;332
55;118;674;335;339
55;31;741;407;334
55;1511;352;203;149
55;1424;332;157;175
55;1337;341;183;158
55;1250;364;183;181
55;1163;424;223;201
55;1076;438;220;218
55;989;450;222;228
55;902;467;242;225
55;815;432;230;202
55;728;434;215;219
55;641;509;243;266
55;554;550;275;275
55;467;526;244;282
55;380;583;284;299
55;293;612;289;323
55;206;664;327;337
55;119;732;404;328
55;32;733;365;368
55;1512;340;157;183
55;1425;325;166;159
55;1338;365;180;185
55;1251;404;223;181
55;1164;429;218;211
55;1077;454;230;224
55;990;442;232;210
55;903;447;225;222
55;816;404;208;196
55;729;501;235;266
55;642;549;274;275
55;555;514;239;275
55;468;575;277;298
55;381;606;286;320
55;294;639;314;325
55;207;727;399;328
55;120;724;358;366
55;33;700;340;360
55;1513;339;172;167
55;1426;372;182;190
55;1339;389;210;179
55;1252;428;220;208
55;1165;437;223;214
55;1078;446;237;209
55;991;428;211;217
55;904;441;226;215
55;817;483;226;257
55;730;554;279;275
55;643;511;237;274
55;556;560;274;286
55;469;585;271;314
55;382;627;308;319
55;295;723;395;328
55;208;712;352;360
55;121;681;325;356
55;34;712;337;375
55;1514;369;183;186
55;1427;392;216;176
55;1340;430;231;199
55;1253;434;215;219
55;1166;446;237;209
55;1079;416;208;208
55;992;413;206;207
55;905;533;251;282
55;818;535;276;259
55;731;513;239;274
55;644;557;275;282
55;557;582;268;314
55;470;622;301;321
55;383;718;391;327
55;296;706;345;361
55;209;678;320;358
55;122;695;328;367
55;35;743;366;377
55;1515;410;222;188
55;1428;420;218;202
55;1341;439;222;217
55;1254;440;231;209
55;1167;416;211;205
55;1080;417;211;206
55;993;510;236;274
55;906;552;263;289
55;819;500;234;266
55;732;553;271;282
55;645;581;264;317
55;558;615;295;320
55;471;695;376;319
55;384;703;344;359
55;297;664;312;352
55;210;684;326;358
55;123;729;359;370
55;36;739;356;383
55;1516;421;219;202
55;1429;446;224;222
55;1342;437;230;207
55;1255;420;215;205
55;1168;398;200;198
55;1081;504;239;265
55;994;536;257;279
55;907;538;248;290
55;820;534;267;267
55;733;576;262;314
55;646;621;298;323
55;559;685;369;316
55;472;685;333;352
55;385;668;313;355
55;298;688;330;358
55;211;719;358;361
55;124;728;349;379
55;37;695;363;332
55;1517;458;232;226
55;1430;457;242;215
55;1343;412;211;201
55;1256;396;198;198
55;1169;501;229;272
55;1082;537;259;278
55;995;527;238;289
55;908;599;307;292
55;821;556;252;304
55;734;620;294;326
55;647;671;363;308
55;560;672;331;341
55;473;653;307;346
55;386;680;330;350
55;299;719;362;357
55;212;721;343;378
55;125;700;363;337
55;38;720;371;349
55;1518;457;242;215
55;1431;414;210;204
55;1344;402;192;210
55;1257;500;230;270
55;1170;539;264;275
55;1083;515;225;290
55;996;588;298;290
55;909;610;275;335
55;822;601;286;315
55;735;667;358;309
55;648;682;339;343
55;561;647;309;338
55;474;669;316;353
55;387;714;362;352
55;300;722;342;380
55;213;694;358;336
55;126;707;362;345
55;39;781;388;393
55;1519;427;213;214
55;1432;415;196;219
55;1345;504;233;271
55;1258;520;254;266
55;1171;514;223;291
55;1084;590;301;289
55;997;610;275;335
55;910;606;299;307
55;823;646;344;302
55;736;677;339;338
55;649;645;308;337
55;562;671;316;355
55;475;702;355;347
55;388;725;344;381
55;301;687;358;329
55;214;703;356;347
55;127;771;382;389
55;40;851;415;436
55;1520;409;194;215
55;1433;511;231;280
55;1346;520;253;267
55;1259;523;226;297
55;1172;575;289;286
55;1085;615;279;336
55;998;601;303;298
55;911;702;360;342
55;824;665;330;335
55;737;640;306;334
55;650;662;314;348
55;563;695;354;341
55;476;713;336;377
55;389;685;354;331
55;302;703;358;345
55;215;758;377;381
55;128;838;411;427
55;41;808;396;412
55;1521;520;235;285
55;1434;542;263;279
55;1347;532;231;301
55;1260;577;289;288
55;1173;608;277;331
55;1086;599;305;294
55;999;700;356;344
55;912;675;340;335
55;825;625;296;329
55;738;655;311;344
55;651;693;357;336
55;564;705;331;374
55;477;672;345;327
55;390;697;355;342
55;303;751;372;379
55;216;839;414;425
55;129;806;393;413
55;42;814;423;391
55;1522;549;271;278
55;1435;539;233;306
55;1348;576;291;285
55;1261;609;273;336
55;1174;602;309;293
55;1087;692;351;341
55;1000;662;333;329
55;913;690;346;344
55;826;649;307;342
55;739;691;356;335
55;652;702;330;372
55;565;670;343;327
55;478;685;347;338
55;391;751;374;377
55;304;832;413;419
55;217;807;388;419
55;130;812;426;386
55;43;779;404;375
55;1523;565;247;318
55;1436;586;296;290
55;1349;621;278;343
55;1262;620;324;296
55;1175;680;345;335
55;1088;668;333;335
55;1001;682;339;343
55;914;679;316;363
55;827;681;349;332
55;740;706;331;375
55;653;656;336;320
55;566;678;344;334
55;479;726;360;366
55;392;823;405;418
55;305;805;387;418
55;218;812;430;382
55;131;789;414;375
55;44;720;357;363
55;1524;598;304;294
55;1437;614;276;338
55;1350;618;328;290
55;1263;683;344;339
55;1176;663;331;332
55;1089;688;343;345
55;1002;657;297;360
55;915;695;345;350
55;828;697;322;375
55;741;647;332;315
55;654;663;335;328
55;567;720;355;365
55;480;818;401;417
55;393;810;390;420
55;306;796;421;375
55;219;783;413;370
55;132;718;353;365
55;45;669;361;308
55;1525;625;284;341
55;1438;619;324;295
55;1351;680;340;340
55;1264;665;334;331
55;1177;684;342;342
55;1090;657;301;356
55;1003;684;340;344
55;916;715;358;357
55;829;631;323;308
55;742;659;337;322
55;655;713;356;357
55;568;811;399;412
55;481;797;374;423
55;394;805;427;378
55;307;786;414;372
55;220;723;357;366
55;133;658;351;307
55;46;652;324;328
55;1526;616;319;297
55;1439;683;339;344
55;1352;666;337;329
55;1265;692;345;347
55;1178;657;302;355
55;1091;681;344;337
55;1004;707;357;350
55;917;660;352;308
55;830;653;336;317
55;743;710;352;358
55;656;802;393;409
55;569;789;366;423
55;482;792;418;374
55;395;784;415;369
55;308;716;349;367
55;221;662;351;311
55;134;634;316;318
55;47;664;370;294
55;1527;686;339;347
55;1440;671;340;331
55;1353;701;353;348
55;1266;661;308;353
55;1179;671;336;335
55;1092;707;358;349
55;1005;657;349;308
55;918;634;329;305
55;831;694;340;354
55;744;795;384;411
55;657;781;363;418
55;570;779;411;368
55;483;773;409;364
55;396;719;344;375
55;309;658;349;309
55;222;630;312;318
55;135;671;373;298
55;48;521;251;270
55;1528;666;337;329
55;1441;705;355;350
55;1354;656;309;347
55;1267;671;337;334
55;1180;714;365;349
55;1093;652;353;299
55;1006;625;324;301
55;919;696;351;345
55;832;784;378;406
55;745;781;362;419
55;658;771;405;366
55;571;764;402;362
55;484;718;348;370
55;397;653;346;307
55;310;626;305;321
55;223;665;368;297
55;136;514;248;266
55;49;583;274;309
55;1529;706;359;347
55;1442;649;306;343
55;1355;675;338;337
55;1268;711;362;349
55;1181;650;347;303
55;1094;622;322;300
55;1007;679;338;341
55;920;779;381;398
55;833;769;359;410
55;746;764;398;366
55;659;756;395;361
55;572;710;340;370
55;485;642;338;304
55;398;622;300;322
55;311;668;370;298
55;224;509;246;263
55;137;576;269;307
55;50;603;299;304
55;1530;648;307;341
55;1443;693;346;347
55;1356;700;355;345
55;1269;643;338;305
55;1182;627;327;300
55;1095;677;332;345
55;1008;764;372;392
55;921;738;346;392
55;834;757;393;364
55;747;756;394;362
55;660;708;340;368
55;573;633;330;303
55;486;616;296;320
55;399;673;368;305
55;312;510;246;264
55;225;572;266;306
55;138;599;295;304
55;51;655;311;344
55;1531;692;343;349
55;1444;702;359;343
55;1357;653;346;307
55;1270;619;317;302
55;1183;679;334;345
55;1096;766;373;393
55;1009;733;339;394
55;922;758;388;370
55;835;744;381;363
55;748;710;344;366
55;661;633;329;304
55;574;602;286;316
55;487;653;352;301
55;400;512;248;264
55;313;579;272;307
55;226;591;290;301
55;139;652;307;345
55;52;570;273;297
55;1532;707;364;343
55;1445;667;347;320
55;1358;622;318;304
55;1271;685;334;351
55;1184;756;370;386
55;1097;723;333;390
55;1010;748;377;371
55;923;707;361;346
55;836;699;338;361
55;749;630;323;307
55;662;593;278;315
55;575;652;348;304
55;488;510;245;265
55;401;571;269;302
55;314;591;288;303
55;227;651;306;345
55;140;569;272;297
55;53;550;264;286
55;1533;660;347;313
55;1446;629;319;310
55;1359;689;335;354
55;1272;763;376;387
55;1185;710;323;387
55;1098;741;368;373
55;1011;693;357;336
55;924;683;319;364
55;837;615;318;297
55;750;579;270;309
55;663;646;340;306
55;576;500;240;260
55;489;556;263;293
55;402;591;286;305
55;315;638;300;338
55;228;569;275;294
55;141;542;260;282
55;54;486;237;249
55;1534;626;321;305
55;1447;691;339;352
55;1360;769;382;387
55;1273;710;326;384
55;1186;742;370;372
55;1099;687;354;333
55;1012;680;317;363
55;925;596;314;282
55;838;574;266;308
55;751;638;334;304
55;664;494;230;264
55;577;546;256;290
55;490;586;279;307
55;403;631;297;334
55;316;564;270;294
55;229;538;252;286
55;142;478;232;246
55;55;531;251;280
55;1535;688;333;355
55;1448;762;382;380
55;1361;713;325;388
55;1274;739;367;372
55;1187;687;351;336
55;1100;676;316;360
55;1013;587;308;279
55;926;570;279;291
55;839;623;325;298
55;752;483;223;260
55;665;546;253;293
55;578;581;276;305
55;491;621;287;334
55;404;569;268;301
55;317;540;253;287
55;230;476;226;250
55;143;521;246;275
55;56;570;267;303
55;1536;757;377;380
55;1449;709;321;388
55;1362;742;368;374
55;1275;679;347;332
55;1188;682;314;368
55;1101;581;301;280
55;1014;559;279;280
55;927;572;305;267
55;840;472;212;260
55;753;541;251;290
55;666;574;270;304
55;579;608;277;331
55;492;558;266;292
55;405;539;250;289
55;318;477;228;249
55;231;516;245;271
55;144;562;259;303
55;57;443;217;226
55;1537;704;315;389
55;1450;738;369;369
55;1363;673;346;327
55;1276;677;309;368
55;1189;583;302;281
55;1102;552;275;277
55;1015;568;304;264
55;928;476;222;254
55;841;538;246;292
55;754;558;258;300
55;667;605;277;328
55;580;547;256;291
55;493;539;249;290
55;406;474;228;246
55;319;510;242;268
55;232;553;254;299
55;145;435;213;222
55;58;535;246;289
55;1538;729;358;371
55;1451;666;342;324
55;1364;671;309;362
55;1277;586;304;282
55;1190;543;270;273
55;1103;564;305;259
55;1016;468;217;251
55;929;541;242;299
55;842;551;255;296
55;755;593;269;324
55;668;545;256;289
55;581;529;241;288
55;494;464;219;245
55;407;509;238;271
55;320;549;249;300
55;233;428;208;220
55;146;524;241;283
55;59;659;269;390
55;1539;670;341;329
55;1452;669;307;362
55;1365;582;301;281
55;1278;544;271;273
55;1191;556;294;262
55;1104;463;210;253
55;1017;535;240;295
55;930;535;255;280
55;843;584;267;317
55;756;537;252;285
55;669;530;238;292
55;582;458;218;240
55;495;503;235;268
55;408;541;244;297
55;321;418;202;216
55;234;521;236;285
55;147;644;259;385
55;60;598;253;345
55;1540;671;309;362
55;1453;569;293;276
55;1366;540;265;275
55;1279;548;288;260
55;1192;465;208;257
55;1105;529;233;296
55;1018;524;250;274
55;931;583;264;319
55;844;529;245;284
55;757;521;231;290
55;670;444;210;234
55;583;493;226;267
55;496;516;232;284
55;409;416;201;215
55;322;517;232;285
55;235;630;252;378
55;148;593;254;339
55;61;521;232;289
55;1541;563;290;273
55;1454;545;264;281
55;1367;541;281;260
55;1280;468;206;262
55;1193;519;227;292
55;1106;517;245;272
55;1019;571;254;317
55;932;494;226;268
55;845;511;228;283
55;758;434;203;231
55;671;485;216;269
55;584;500;223;277
55;497;405;192;213
55;410;504;222;282
55;323;619;246;373
55;236;588;250;338
55;149;517;232;285
55;62;560;247;313
55;1542;533;259;274
55;1455;532;275;257
55;1368;470;210;260
55;1281;505;217;288
55;1194;508;238;270
55;1107;561;245;316
55;1020;480;217;263
55;933;493;220;273
55;846;427;198;229
55;759;486;215;271
55;672;491;215;276
55;585;396;188;208
55;498;490;213;277
55;411;619;246;373
55;324;583;250;333
55;237;507;224;283
55;150;569;251;318
55;63;535;240;295
55;1543;530;270;260
55;1456;464;207;257
55;1369;502;217;285
55;1282;502;234;268
55;1195;550;238;312
55;1108;483;220;263
55;1021;482;212;270
55;934;432;203;229
55;847;478;210;268
55;760;483;211;272
55;673;385;184;201
55;586;474;203;271
55;499;601;239;362
55;412;579;250;329
55;325;507;223;284
55;238;568;247;321
55;151;528;234;294
55;64;578;234;344
55;1544;465;208;257
55;1457;497;216;281
55;1370;489;226;263
55;1283;533;225;308
55;1196;471;207;264
55;1109;478;207;271
55;1022;424;198;226
55;935;470;209;261
55;848;467;202;265
55;761;373;175;198
55;674;460;194;266
55;587;592;233;359
55;500;571;245;326
55;413;497;217;280
55;326;565;248;317
55;239;523;231;292
55;152;576;228;348
55;65;550;214;336
55;1545;491;211;280
55;1458;488;225;263
55;1371;531;222;309
55;1284;464;204;260
55;1197;477;206;271
55;1110;413;191;222
55;1023;463;208;255
55;936;455;191;264
55;849;360;168;192
55;762;454;188;266
55;675;576;226;350
55;588;561;237;324
55;501;481;207;274
55;414;560;242;318
55;327;525;230;295
55;240;567;222;345
55;153;542;210;332
55;66;536;244;292
55;1546;484;221;263
55;1459;526;221;305
55;1372;453;200;253
55;1285;464;198;266
55;1198;401;183;218
55;1111;454;208;246
55;1024;440;185;255
55;937;362;165;197
55;850;445;180;265
55;763;558;212;346
55;676;548;226;322
55;589;467;197;270
55;502;550;237;313
55;415;508;222;286
55;328;563;215;348
55;241;532;203;329
55;154;529;239;290
55;67;537;210;327
55;1547;512;211;301
55;1460;448;195;253
55;1373;451;188;263
55;1286;401;185;216
55;1199;440;200;240
55;1112;427;178;249
55;1025;360;163;197
55;938;429;173;256
55;851;549;207;342
55;764;547;225;322
55;677;451;184;267
55;590;536;225;311
55;503;491;216;275
55;416;552;210;342
55;329;520;191;329
55;242;526;236;290
55;155;528;207;321
55;68;501;202;299
55;1548;444;190;254
55;1461;444;185;259
55;1374;388;175;213
55;1287;428;190;238
55;1200;417;176;241
55;1113;354;156;198
55;1026;418;169;249
55;939;531;208;323
55;852;535;217;318
55;765;436;174;262
55;678;514;213;301
55;591;470;205;265
55;504;529;198;331
55;417;517;190;327
55;330;514;225;289
55;243;513;195;318
55;156;494;198;296
55;69;551;216;335
55;1549;439;178;261
55;1462;375;164;211
55;1375;418;184;234
55;1288;399;166;233
55;1201;347;153;194
55;1114;406;160;246
55;1027;530;209;321
55;940;499;190;309
55;853;423;163;260
55;766;503;207;296
55;679;463;197;266
55;592;516;191;325
55;505;500;181;319
55;418;498;213;285
55;331;506;189;317
55;244;485;193;292
55;157;549;211;338
55;70;515;217;298
55;1550;370;162;208
55;1463;404;176;228
55;1376;387;158;229
55;1289;333;144;189
55;1202;401;160;241
55;1115;517;201;316
55;1028;479;175;304
55;941;407;158;249
55;854;486;197;289
55;767;457;193;264
55;680;502;184;318
55;593;485;174;311
55;506;480;195;285
55;419;488;179;309
55;332;471;185;286
55;245;530;197;333
55;158;511;214;297
55;71;476;170;306
55;1551;393;167;226
55;1464;374;151;223
55;1377;324;139;185
55;1290;391;156;235
55;1203;507;194;313
55;1116;476;170;306
55;1029;394;150;244
55;942;441;167;274
55;855;443;186;257
55;768;492;180;312
55;681;466;161;305
55;594;468;184;284
55;507;467;168;299
55;420;462;183;279
55;333;508;180;328
55;246;493;202;291
55;159;472;167;305
55;72;456;175;281
55;1552;360;142;218
55;1465;309;131;178
55;1378;373;145;228
55;1291;486;182;304
55;1204;461;163;298
55;1117;383;144;239
55;1030;430;162;268
55;943;409;165;244
55;856;479;174;305
55;769;452;155;297
55;682;447;169;278
55;595;453;163;290
55;508;447;171;276
55;421;485;172;313
55;334;485;200;285
55;247;456;159;297
55;160;437;163;274
55;73;467;170;297
55;1553;294;122;172
55;1466;356;133;223
55;1379;469;172;297
55;1292;446;155;291
55;1205;375;143;232
55;1118;411;151;260
55;1031;387;154;233
55;944;446;158;288
55;857;435;148;287
55;770;433;160;273
55;683;435;148;287
55;596;420;157;263
55;509;468;159;309
55;422;471;190;281
55;335;443;146;297
55;248;417;149;268
55;161;460;168;292
55;74;423;159;264
55;1554;339;122;217
55;1467;454;162;292
55;1380;438;149;289
55;1293;357;133;224
55;1206;394;141;253
55;1119;375;149;226
55;1032;425;147;278
55;945;414;131;283
55;858;420;156;264
55;771;414;136;278
55;684;401;146;255
55;597;445;150;295
55;510;449;178;271
55;423;428;144;284
55;336;405;145;260
55;249;444;155;289
55;162;403;151;252
55;75;354;106;248
55;1555;432;154;278
55;1468;417;140;277
55;1381;344;124;220
55;1294;374;128;246
55;1207;363;145;218
55;1120;408;135;273
55;1033;399;123;276
55;946;390;141;249
55;859;394;130;264
55;772;385;137;248
55;685;415;131;284
55;598;436;171;265
55;511;403;133;270
55;424;379;130;249
55;337;426;141;285
55;250;384;138;246
55;163;347;104;243
55;76;341;103;238
55;1556;400;132;268
55;1469;330;117;213
55;1382;361;123;238
55;1295;348;134;214
55;1208;380;126;254
55;1121;376;112;264
55;1034;369;129;240
55;947;368;119;249
55;860;361;125;236
55;773;405;127;278
55;686;408;158;250
55;599;381;121;260
55;512;360;119;241
55;425;401;124;277
55;338;371;134;237
55;251;332;92;240
55;164;334;101;233
55;77;343;112;231
55;1557;317;112;205
55;1470;338;104;234
55;1383;334;126;208
55;1296;360;118;242
55;1209;366;108;258
55;1122;354;120;234
55;1035;353;115;238
55;948;344;122;222
55;861;378;116;262
55;774;375;139;236
55;687;369;119;250
55;600;340;108;232
55;513;376;113;263
55;426;349;120;229
55;339;314;86;228
55;252;317;88;229
55;165;321;104;217
55;78;338;113;225
55;1558;321;96;225
55;1471;316;119;197
55;1384;346;111;235
55;1297;352;104;248
55;1210;339;113;226
55;1123;326;104;222
55;1036;327;112;215
55;949;341;103;238
55;862;352;129;223
55;775;341;103;238
55;688;310;92;218
55;601;352;106;246
55;514;327;109;218
55;427;289;77;212
55;340;299;77;222
55;253;305;101;204
55;166;329;108;221
55;79;292;103;189
55;1559;303;108;195
55;1472;324;101;223
55;1385;332;95;237
55;1298;328;107;221
55;1211;306;95;211
55;1124;305;100;205
55;1037;326;95;231
55;950;322;115;207
55;863;319;92;227
55;776;297;86;211
55;689;329;98;231
55;602;307;99;208
55;515;268;72;196
55;428;279;65;214
55;341;285;91;194
55;254;307;96;211
55;167;286;97;189
55;80;241;77;164
55;1560;305;93;212
55;1473;316;91;225
55;1386;316;99;217
55;1299;286;85;201
55;1212;285;94;191
55;1125;301;84;217
55;1038;302;103;199
55;951;286;86;200
55;864;278;81;197
55;777;296;82;214
55;690;287;90;197
55;603;244;60;184
55;516;258;60;198
55;429;267;83;184
55;342;289;91;198
55;255;270;92;178
55;168;228;72;156
55;81;234;60;174
55;1561;295;79;216
55;1474;299;93;206
55;1387;271;81;190
55;1300;265;89;176
55;1213;278;75;203
55;1126;278;94;184
55;1039;263;76;187
55;952;251;71;180
55;865;273;68;205
55;778;265;84;181
55;691;232;58;174
55;604;230;54;176
55;517;240;68;172
55;430;273;84;189
55;343;246;76;170
55;256;206;64;142
55;169;214;58;156
55;82;153;42;111
55;1562;274;82;192
55;1475;256;76;180
55;1388;237;78;159
55;1301;269;71;198
55;1214;262;86;176
55;1127;242;68;174
55;1040;233;67;166
55;953;248;61;187
55;866;247;74;173
55;779;202;48;154
55;692;209;44;165
55;605;219;58;161
55;518;240;75;165
55;431;235;69;166
55;344;195;58;137
55;257;188;50;138
55;170;138;38;100
55;83;97;26;71
55;1563;236;69;167
55;1476;226;73;153
55;1389;242;61;181
55;1302;229;69;160
55;1215;218;63;155
55;1128;206;63;143
55;1041;228;51;177
55;954;214;57;157
55;867;190;40;150
55;780;189;37;152
55;693;206;54;152
55;606;222;67;155
55;519;209;60;149
55;432;164;48;116
55;345;166;42;124
55;258;130;34;96
55;171;90;24;66
55;84;98;26;72
55;1564;204;62;142
55;1477;220;53;167
55;1390;205;65;140
55;1303;204;61;143
55;1216;194;55;139
55;1129;210;47;163
55;1042;190;46;144
55;955;172;35;137
55;868;177;34;143
55;781;185;44;141
55;694;195;59;136
55;607;183;47;136
55;520;158;43;115
55;433;142;34;108
55;346;115;26;89
55;259;79;18;61
55;172;93;24;69
55;85;94;29;65
55;1565;1014;230;784
55;1478;976;216;760
55;1391;941;200;741
55;1304;889;179;710
55;1217;838;159;679
55;1130;787;152;635
55;1043;752;146;606
55;956;712;146;566
55;869;720;163;557
55;782;690;157;533
55;695;621;138;483
55;608;579;135;444
55;521;552;128;424
55;434;547;114;433
55;347;537;120;417
55;260;577;149;428
55;173;603;156;447
55;86;614;164;450
55;1566;41209;19732;21477
55;1479;41441;19820;21621
55;1392;41521;19840;21681
55;1305;41767;19917;21850
55;1218;42197;20096;22101
55;1131;42748;20308;22440
55;1044;43374;20596;22778
55;957;44561;21167;23394
55;870;46779;22206;24573
55;783;47883;22688;25195
55;696;48124;22783;25341
55;609;48624;23061;25563
55;522;49342;23405;25937
55;435;50559;24050;26509
55;348;51002;24261;26741
55;261;51234;24402;26832
55;174;51427;24516;26911
55;87;51617;24600;27017
56;1480;225;107;118
56;1393;253;126;127
56;1306;291;153;138
56;1219;268;142;126
56;1132;292;156;136
56;1045;286;162;124
56;958;274;143;131
56;871;236;117;119
56;784;276;137;139
56;697;252;131;121
56;610;246;132;114
56;523;255;140;115
56;436;296;135;161
56;349;281;143;138
56;262;349;175;174
56;175;334;165;169
56;88;337;168;169
56;1;385;209;176
56;1481;246;124;122
56;1394;283;148;135
56;1307;263;139;124
56;1220;291;156;135
56;1133;281;159;122
56;1046;270;143;127
56;959;235;116;119
56;872;250;127;123
56;785;240;124;116
56;698;243;131;112
56;611;255;140;115
56;524;289;132;157
56;437;277;140;137
56;350;346;172;174
56;263;336;166;170
56;176;337;168;169
56;89;387;209;178
56;2;423;227;196
56;1482;275;144;131
56;1395;249;135;114
56;1308;283;154;129
56;1221;269;154;115
56;1134;270;141;129
56;1047;221;106;115
56;960;246;127;119
56;873;201;109;92
56;786;234;126;108
56;699;251;136;115
56;612;289;133;156
56;525;273;139;134
56;438;339;167;172
56;351;336;166;170
56;264;335;168;167
56;177;383;206;177
56;90;420;226;194
56;3;405;217;188
56;1483;247;135;112
56;1396;283;153;130
56;1309;268;150;118
56;1222;269;140;129
56;1135;219;104;115
56;1048;242;123;119
56;961;196;108;88
56;874;217;113;104
56;787;250;136;114
56;700;284;131;153
56;613;272;140;132
56;526;332;167;165
56;439;324;159;165
56;352;333;167;166
56;265;384;206;178
56;178;428;230;198
56;91;405;218;187
56;4;391;205;186
56;1484;277;150;127
56;1397;260;143;117
56;1310;267;142;125
56;1223;212;103;109
56;1136;240;123;117
56;1049;194;108;86
56;962;213;113;100
56;875;241;131;110
56;788;277;127;150
56;701;273;141;132
56;614;328;164;164
56;527;324;158;166
56;440;327;164;163
56;353;385;206;179
56;266;431;232;199
56;179;406;218;188
56;92;394;208;186
56;5;442;244;198
56;1485;261;148;113
56;1398;263;142;121
56;1311;206;101;105
56;1224;239;122;117
56;1137;187;105;82
56;1050;208;112;96
56;963;232;130;102
56;876;244;118;126
56;789;266;138;128
56;702;311;157;154
56;615;318;157;161
56;528;326;162;164
56;441;379;202;177
56;354;429;230;199
56;267;403;214;189
56;180;391;205;186
56;93;444;246;198
56;6;460;251;209
56;1486;257;138;119
56;1399;198;100;98
56;1312;236;120;116
56;1225;183;102;81
56;1138;208;112;96
56;1051;230;128;102
56;964;238;117;121
56;877;246;125;121
56;790;306;154;152
56;703;309;152;157
56;616;321;159;162
56;529;375;202;173
56;442;421;226;195
56;355;403;215;188
56;268;389;206;183
56;181;447;248;199
56;94;462;250;212
56;7;536;267;269
56;1487;195;99;96
56;1400;229;114;115
56;1313;181;106;75
56;1226;210;115;95
56;1139;222;122;100
56;1052;239;115;124
56;965;242;123;119
56;878;292;144;148
56;791;302;146;156
56;704;317;159;158
56;617;363;193;170
56;530;414;222;192
56;443;395;209;186
56;356;389;206;183
56;269;444;245;199
56;182;462;247;215
56;95;531;265;266
56;8;570;283;287
56;1488;230;116;114
56;1401;176;104;72
56;1314;213;116;97
56;1227;218;121;97
56;1140;241;118;123
56;1053;238;119;119
56;966;292;144;148
56;879;284;139;145
56;792;316;158;158
56;705;356;191;165
56;618;407;220;187
56;531;388;206;182
56;444;385;204;181
56;357;442;244;198
56;270;460;246;214
56;183;532;266;266
56;96;566;280;286
56;9;633;312;321
56;1489;174;103;71
56;1402;211;115;96
56;1315;219;119;100
56;1228;242;118;124
56;1141;244;120;124
56;1054;284;145;139
56;967;277;136;141
56;880;289;145;144
56;793;355;190;165
56;706;399;213;186
56;619;386;204;182
56;532;380;200;180
56;445;436;241;195
56;358;455;245;210
56;271;532;268;264
56;184;564;280;284
56;97;636;313;323
56;10;600;330;270
56;1490;205;114;91
56;1403;218;120;98
56;1316;235;115;120
56;1229;238;117;121
56;1142;283;145;138
56;1055;275;135;140
56;968;285;145;140
56;881;344;185;159
56;794;395;211;184
56;707;378;202;176
56;620;375;196;179
56;533;430;237;193
56;446;450;242;208
56;359;529;266;263
56;272;566;281;285
56;185;628;309;319
56;98;595;328;267
56;11;643;310;333
56;1491;213;119;94
56;1404;231;115;116
56;1317;237;115;122
56;1230;278;144;134
56;1143;272;133;139
56;1056;283;144;139
56;969;341;183;158
56;882;372;200;172
56;795;377;202;175
56;708;371;193;178
56;621;424;234;190
56;534;443;237;206
56;447;527;262;265
56;360;561;278;283
56;273;625;309;316
56;186;593;327;266
56;99;636;306;330
56;12;595;302;293
56;1492;228;116;112
56;1405;234;115;119
56;1318;277;144;133
56;1231;274;135;139
56;1144;282;142;140
56;1057;344;185;159
56;970;367;198;169
56;883;372;202;170
56;796;369;191;178
56;709;418;230;188
56;622;443;238;205
56;535;523;260;263
56;448;557;275;282
56;361;619;302;317
56;274;585;319;266
56;187;627;303;324
56;100;591;301;290
56;13;561;295;266
56;1493;231;112;119
56;1406;274;142;132
56;1319;273;134;139
56;1232;281;142;139
56;1145;342;186;156
56;1058;363;198;165
56;971;368;200;168
56;884;371;193;178
56;797;417;231;186
56;710;440;235;205
56;623;519;258;261
56;536;555;274;281
56;449;607;295;312
56;362;583;321;262
56;275;620;300;320
56;188;581;296;285
56;101;556;293;263
56;14;641;319;322
56;1494;269;141;128
56;1407;265;131;134
56;1320;276;138;138
56;1233;339;184;155
56;1146;364;200;164
56;1059;368;198;170
56;972;369;192;177
56;885;408;222;186
56;798;440;235;205
56;711;512;251;261
56;624;549;272;277
56;537;599;290;309
56;450;572;314;258
56;363;611;294;317
56;276;570;291;279
56;189;552;289;263
56;102;637;318;319
56;15;565;287;278
56;1495;264;132;132
56;1408;273;136;137
56;1321;335;184;151
56;1234;361;198;163
56;1147;365;196;169
56;1060;367;191;176
56;973;402;219;183
56;886;433;238;195
56;799;509;250;259
56;712;548;270;278
56;625;591;286;305
56;538;562;310;252
56;451;595;285;310
56;364;565;288;277
56;277;548;286;262
56;190;623;311;312
56;103;561;287;274
56;16;607;316;291
56;1496;271;134;137
56;1409;332;182;150
56;1322;362;198;164
56;1235;361;195;166
56;1148;365;188;177
56;1061;403;219;184
56;974;430;238;192
56;887;505;249;256
56;800;543;269;274
56;713;590;287;303
56;626;559;308;251
56;539;581;278;303
56;452;546;275;271
56;365;543;284;259
56;278;612;306;306
56;191;549;280;269
56;104;603;314;289
56;17;518;265;253
56;1497;329;179;150
56;1410;355;195;160
56;1323;361;195;166
56;1236;364;187;177
56;1149;398;217;181
56;1062;427;235;192
56;975;504;250;254
56;888;547;276;271
56;801;582;282;300
56;714;558;306;252
56;627;570;274;296
56;540;529;265;264
56;453;525;272;253
56;366;601;298;303
56;279;540;275;265
56;192;589;306;283
56;105;520;266;254
56;18;517;262;255
56;1498;344;189;155
56;1411;358;197;161
56;1324;365;187;178
56;1237;391;215;176
56;1150;425;234;191
56;1063;499;248;251
56;976;543;277;266
56;889;572;282;290
56;802;552;303;249
56;715;565;272;293
56;628;522;263;259
56;541;515;267;248
56;454;581;287;294
56;367;534;271;263
56;280;578;301;277
56;193;515;261;254
56;106;516;261;255
56;19;463;242;221
56;1499;338;185;153
56;1412;354;185;169
56;1325;381;211;170
56;1238;421;230;191
56;1151;483;242;241
56;1064;541;272;269
56;977;561;279;282
56;890;476;282;194
56;803;560;269;291
56;716;519;262;257
56;629;503;261;242
56;542;565;277;288
56;455;507;255;252
56;368;567;296;271
56;281;512;259;253
56;194;506;256;250
56;107;450;232;218
56;20;340;206;134
56;1500;342;179;163
56;1413;371;203;168
56;1326;415;226;189
56;1239;476;239;237
56;1152;533;269;264
56;1065;553;278;275
56;978;467;277;190
56;891;461;230;231
56;804;512;258;254
56;717;499;260;239
56;630;555;273;282
56;543;488;245;243
56;456;537;277;260
56;369;502;254;248
56;282;490;246;244
56;195;442;229;213
56;108;345;204;141
56;21;328;202;126
56;1501;347;191;156
56;1414;401;218;183
56;1327;472;236;236
56;1240;526;268;258
56;1153;543;275;268
56;1066;457;275;182
56;979;448;223;225
56;892;406;218;188
56;805;477;248;229
56;718;543;266;277
56;631;475;242;233
56;544;517;266;251
56;457;475;243;232
56;370;486;245;241
56;283;427;222;205
56;196;338;198;140
56;109;328;199;129
56;22;360;197;163
56;1502;381;208;173
56;1415;452;228;224
56;1328;511;259;252
56;1241;540;275;265
56;1154;443;269;174
56;1067;421;213;208
56;980;392;210;182
56;893;362;211;151
56;806;524;258;266
56;719;464;241;223
56;632;496;256;240
56;545;459;235;224
56;458;469;235;234
56;371;413;215;198
56;284;335;197;138
56;197;322;191;131
56;110;367;196;171
56;23;374;199;175
56;1503;430;219;211
56;1416;485;250;235
56;1329;509;258;251
56;1242;427;262;165
56;1155;403;201;202
56;1068;350;190;160
56;981;330;199;131
56;894;389;207;182
56;807;442;227;215
56;720;480;246;234
56;633;454;234;220
56;546;445;226;219
56;459;389;202;187
56;372;322;193;129
56;285;313;190;123
56;198;370;193;177
56;111;373;199;174
56;24;371;208;163
56;1504;435;230;205
56;1417;484;250;234
56;1330;391;247;144
56;1243;386;199;187
56;1156;335;191;144
56;1069;311;196;115
56;982;366;192;174
56;895;317;170;147
56;808;458;237;221
56;721;443;229;214
56;634;436;223;213
56;547;370;192;178
56;460;300;180;120
56;373;302;185;117
56;286;369;191;178
56;199;367;191;176
56;112;368;206;162
56;25;359;179;180
56;1505;423;221;202
56;1418;363;231;132
56;1331;369;195;174
56;1244;318;182;136
56;1157;298;187;111
56;1070;344;193;151
56;983;276;152;124
56;896;325;180;145
56;809;421;219;202
56;722;423;214;209
56;635;345;180;165
56;548;285;169;116
56;461;279;174;105
56;374;349;181;168
56;287;353;186;167
56;200;362;201;161
56;113;351;174;177
56;26;394;203;191
56;1506;326;212;114
56;1419;339;188;151
56;1332;301;174;127
56;1245;285;183;102
56;1158;329;196;133
56;1071;246;137;109
56;984;296;169;127
56;897;283;150;133
56;810;388;198;190
56;723;317;170;147
56;636;264;159;105
56;549;267;164;103
56;462;331;172;159
56;375;335;177;158
56;288;337;191;146
56;201;346;171;175
56;114;388;197;191
56;27;368;201;167
56;1507;305;174;131
56;1420;268;155;113
56;1333;263;175;88
56;1246;317;188;129
56;1159;235;140;95
56;1072;260;154;106
56;985;267;145;122
56;898;243;130;113
56;811;294;161;133
56;724;250;154;96
56;637;255;158;97
56;550;326;171;155
56;463;327;168;159
56;376;324;183;141
56;289;323;163;160
56;202;374;188;186
56;115;364;196;168
56;28;363;178;185
56;1508;238;144;94
56;1421;236;166;70
56;1334;299;182;117
56;1247;217;132;85
56;1160;236;143;93
56;1073;241;134;107
56;986;222;116;106
56;899;235;119;116
56;812;242;149;93
56;725;239;151;88
56;638;309;165;144
56;551;311;157;154
56;464;304;171;133
56;377;312;161;151
56;290;364;187;177
56;203;352;193;159
56;116;356;174;182
56;29;405;214;191
56;1509;210;149;61
56;1422;273;175;98
56;1335;201;130;71
56;1248;233;139;94
56;1161;234;129;105
56;1074;203;104;99
56;987;212;113;99
56;900;265;142;123
56;813;227;142;85
56;726;286;155;131
56;639;297;151;146
56;552;291;162;129
56;465;299;153;146
56;378;349;181;168
56;291;337;186;151
56;204;345;169;176
56;117;395;207;188
56;30;420;203;217
56;1510;250;164;86
56;1423;180;113;67
56;1336;215;129;86
56;1249;226;124;102
56;1162;194;102;92
56;1075;195;100;95
56;988;255;130;125
56;901;247;132;115
56;814;275;152;123
56;727;284;146;138
56;640;280;162;118
56;553;289;149;140
56;466;333;171;162
56;379;316;178;138
56;292;339;165;174
56;205;387;203;184
56;118;415;202;213
56;31;447;225;222
56;1511;166;106;60
56;1424;194;117;77
56;1337;210;118;92
56;1250;186;98;88
56;1163;189;95;94
56;1076;244;121;123
56;989;235;126;109
56;902;292;151;141
56;815;268;136;132
56;728;265;153;112
56;641;276;141;135
56;554;321;168;153
56;467;300;170;130
56;380;323;156;167
56;293;380;198;182
56;206;410;198;212
56;119;439;224;215
56;32;459;250;209
56;1512;172;103;69
56;1425;200;112;88
56;1338;185;96;89
56;1251;180;89;91
56;1164;243;120;123
56;1077;221;116;105
56;990;283;144;139
56;903;299;146;153
56;816;248;146;102
56;729;261;133;128
56;642;312;159;153
56;555;293;164;129
56;468;307;147;160
56;381;372;193;179
56;294;393;188;205
56;207;438;223;215
56;120;453;245;208
56;33;419;223;196
56;1513;187;102;85
56;1426;177;91;86
56;1339;173;88;85
56;1252;247;121;126
56;1165;217;111;106
56;1078;266;131;135
56;991;287;138;149
56;904;293;157;136
56;817;255;129;126
56;730;296;154;142
56;643;284;161;123
56;556;305;147;158
56;469;355;185;170
56;382;379;180;199
56;295;428;214;214
56;208;451;242;209
56;121;411;220;191
56;34;388;199;189
56;1514;160;80;80
56;1427;158;76;82
56;1340;239;122;117
56;1253;207;102;105
56;1166;255;124;131
56;1079;276;134;142
56;992;283;152;131
56;905;281;128;153
56;818;287;147;140
56;731;279;158;121
56;644;302;142;160
56;557;349;181;168
56;470;365;168;197
56;383;418;208;210
56;296;442;237;205
56;209;400;214;186
56;122;384;197;187
56;35;423;216;207
56;1515;145;70;75
56;1428;226;118;108
56;1341;199;98;101
56;1254;243;123;120
56;1167;270;127;143
56;1080;269;143;126
56;993;266;122;144
56;906;328;171;157
56;819;271;154;117
56;732;295;139;156
56;645;345;177;168
56;558;355;161;194
56;471;407;201;206
56;384;426;228;198
56;297;388;206;182
56;210;378;192;186
56;123;418;212;206
56;36;440;253;187
56;1516;217;115;102
56;1429;195;95;100
56;1342;243;122;121
56;1255;255;115;140
56;1168;265;140;125
56;1081;261;118;143
56;994;326;170;156
56;907;305;155;150
56;820;293;138;155
56;733;335;172;163
56;646;351;157;194
56;559;395;195;200
56;472;418;221;197
56;385;381;204;177
56;298;375;192;183
56;211;414;212;202
56;124;436;250;186
56;37;462;243;219
56;1517;187;91;96
56;1430;226;114;112
56;1343;256;119;137
56;1256;257;136;121
56;1169;256;115;141
56;1082;322;162;160
56;995;294;148;146
56;908;337;161;176
56;821;328;168;160
56;734;349;155;194
56;647;390;193;197
56;560;402;209;193
56;473;374;196;178
56;386;373;193;180
56;299;407;209;198
56;212;430;245;185
56;125;453;237;216
56;38;460;233;227
56;1518;223;114;109
56;1431;247;114;133
56;1344;253;133;120
56;1257;249;113;136
56;1170;322;162;160
56;1083;295;149;146
56;996;331;156;175
56;909;357;177;180
56;822;346;153;193
56;735;377;184;193
56;648;393;202;191
56;561;365;191;174
56;474;363;187;176
56;387;405;210;195
56;300;423;239;184
56;213;446;233;213
56;126;455;229;226
56;39;465;241;224
56;1519;242;111;131
56;1432;250;132;118
56;1345;237;103;134
56;1258;322;162;160
56;1171;291;145;146
56;1084;326;154;172
56;997;355;174;181
56;910;374;168;206
56;823;370;178;192
56;736;386;196;190
56;649;352;182;170
56;562;354;183;171
56;475;397;205;192
56;388;414;235;179
56;301;441;231;210
56;214;453;231;222
56;127;457;235;222
56;40;498;263;235
56;1520;243;127;116
56;1433;231;101;130
56;1346;321;163;158
56;1259;287;140;147
56;1172;324;153;171
56;1085;358;177;181
56;998;370;167;203
56;911;399;195;204
56;824;382;194;188
56;737;347;181;166
56;650;354;183;171
56;563;385;197;188
56;476;396;226;170
56;389;436;231;205
56;302;444;226;218
56;215;447;227;220
56;128;490;261;229
56;41;452;247;205
56;1521;225;97;128
56;1434;314;160;154
56;1347;282;138;144
56;1260;320;151;169
56;1173;350;172;178
56;1086;370;170;200
56;999;394;194;200
56;912;400;212;188
56;825;345;179;166
56;738;349;179;170
56;651;381;195;186
56;564;391;222;169
56;477;435;230;205
56;390;443;224;219
56;303;444;227;217
56;216;489;261;228
56;129;449;246;203
56;42;424;232;192
56;1522;305;155;150
56;1435;277;137;140
56;1348;312;147;165
56;1261;338;165;173
56;1174;368;170;198
56;1087;384;186;198
56;1000;389;206;183
56;913;378;196;182
56;826;343;174;169
56;739;375;189;186
56;652;385;218;167
56;565;423;222;201
56;478;436;218;218
56;391;432;218;214
56;304;483;257;226
56;217;446;244;202
56;130;421;230;191
56;43;439;224;215
56;1523;266;129;137
56;1436;310;144;166
56;1349;328;156;172
56;1262;364;165;199
56;1175;385;186;199
56;1088;387;205;182
56;1001;377;196;181
56;914;347;169;178
56;827;373;189;184
56;740;385;217;168
56;653;416;218;198
56;566;426;211;215
56;479;424;212;212
56;392;481;255;226
56;305;439;238;201
56;218;418;229;189
56;131;434;221;213
56;44;388;180;208
56;1524;306;141;165
56;1437;325;154;171
56;1350;363;167;196
56;1263;381;182;199
56;1176;385;203;182
56;1089;375;194;181
56;1002;342;165;177
56;915;388;194;194
56;828;377;212;165
56;741;418;219;199
56;654;422;206;216
56;567;410;204;206
56;480;470;247;223
56;393;430;231;199
56;306;407;221;186
56;219;432;221;211
56;132;383;177;206
56;45;385;193;192
56;1525;318;151;167
56;1438;352;163;189
56;1351;377;180;197
56;1264;375;198;177
56;1177;373;194;179
56;1090;341;166;175
56;1003;381;189;192
56;916;385;211;174
56;829;409;214;195
56;742;414;201;213
56;655;407;204;203
56;568;459;240;219
56;481;427;229;198
56;394;401;216;185
56;307;427;216;211
56;220;378;174;204
56;133;378;191;187
56;46;375;189;186
56;1526;346;161;185
56;1439;371;174;197
56;1352;369;193;176
56;1265;371;192;179
56;1178;337;162;175
56;1091;374;185;189
56;1004;378;206;172
56;917;427;218;209
56;830;407;197;210
56;743;403;199;204
56;656;454;237;217
56;569;419;225;194
56;482;394;213;181
56;395;425;212;213
56;308;381;176;205
56;221;371;185;186
56;134;371;187;184
56;47;331;163;168
56;1527;369;172;197
56;1440;366;190;176
56;1353;368;188;180
56;1266;332;160;172
56;1179;378;187;191
56;1092;371;203;168
56;1005;422;215;207
56;918;424;206;218
56;831;401;198;203
56;744;451;235;216
56;657;408;217;191
56;570;388;210;178
56;483;419;210;209
56;396;377;174;203
56;309;364;181;183
56;222;367;186;181
56;135;332;166;166
56;48;318;176;142
56;1528;366;190;176
56;1441;368;188;180
56;1354;331;159;172
56;1267;377;185;192
56;1180;369;200;169
56;1093;415;210;205
56;1006;425;205;220
56;919;422;211;211
56;832;441;228;213
56;745;402;214;188
56;658;382;206;176
56;571;407;203;204
56;484;374;171;203
56;397;357;176;181
56;310;365;185;180
56;223;333;166;167
56;136;310;173;137
56;49;291;150;141
56;1529;363;186;177
56;1442;328;156;172
56;1355;372;182;190
56;1268;373;204;169
56;1181;409;206;203
56;1094;420;201;219
56;1007;417;212;205
56;920;455;242;213
56;833;391;205;186
56;746;378;205;173
56;659;401;199;202
56;572;369;169;200
56;485;345;167;178
56;398;358;181;177
56;311;330;165;165
56;224;303;168;135
56;137;287;148;139
56;50;329;148;181
56;1530;326;154;172
56;1443;368;178;190
56;1356;370;203;167
56;1269;405;203;202
56;1182;418;200;218
56;1095;411;206;205
56;1008;442;235;207
56;921;402;214;188
56;834;370;200;170
56;747;395;195;200
56;660;364;166;198
56;573;338;163;175
56;486;352;178;174
56;399;325;160;165
56;312;296;164;132
56;225;286;146;140
56;138;327;147;180
56;51;326;165;161
56;1531;365;177;188
56;1444;359;196;163
56;1357;405;202;203
56;1270;414;196;218
56;1183;408;204;204
56;1096;439;233;206
56;1009;395;209;186
56;922;376;200;176
56;835;387;191;196
56;748;359;164;195
56;661;337;162;175
56;574;343;173;170
56;487;315;151;164
56;400;294;161;133
56;313;278;141;137
56;226;322;144;178
56;139;321;163;158
56;52;314;152;162
56;1532;356;194;162
56;1445;401;197;204
56;1358;408;192;216
56;1271;410;207;203
56;1184;434;228;206
56;1097;396;210;186
56;1010;368;195;173
56;923;393;201;192
56;836;357;163;194
56;749;334;159;175
56;662;335;169;166
56;575;310;147;163
56;488;287;155;132
56;401;274;137;137
56;314;312;137;175
56;227;316;160;156
56;140;312;152;160
56;53;316;148;168
56;1533;392;194;198
56;1446;402;190;212
56;1359;404;204;200
56;1272;434;230;204
56;1185;393;208;185
56;1098;366;194;172
56;1011;389;198;191
56;924;361;163;198
56;837;331;156;175
56;750;331;167;164
56;663;309;144;165
56;576;280;149;131
56;489;273;136;137
56;402;308;137;171
56;315;306;154;152
56;228;308;151;157
56;141;318;152;166
56;54;269;143;126
56;1534;400;188;212
56;1447;403;203;200
56;1360;424;225;199
56;1273;388;204;184
56;1186;364;194;170
56;1099;385;195;190
56;1012;358;162;196
56;925;353;172;181
56;838;325;162;163
56;751;302;140;162
56;664;274;145;129
56;577;267;132;135
56;490;303;133;170
56;403;304;153;151
56;316;311;153;158
56;229;315;148;167
56;142;267;141;126
56;55;248;120;128
56;1535;397;199;198
56;1448;421;221;200
56;1361;387;204;183
56;1274;362;192;170
56;1187;378;189;189
56;1100;354;163;191
56;1013;350;170;180
56;926;325;159;166
56;839;297;136;161
56;752;267;142;125
56;665;266;132;134
56;578;295;129;166
56;491;295;147;148
56;404;305;149;156
56;317;311;146;165
56;230;264;140;124
56;143;241;117;124
56;56;304;151;153
56;1536;413;213;200
56;1449;378;200;178
56;1362;352;186;166
56;1275;373;188;185
56;1188;353;162;191
56;1101;344;165;179
56;1014;320;156;164
56;927;311;139;172
56;840;262;142;120
56;753;263;129;134
56;666;289;126;163
56;579;291;144;147
56;492;300;143;157
56;405;309;143;166
56;318;261;135;126
56;231;239;115;124
56;144;299;147;152
56;57;225;109;116
56;1537;374;197;177
56;1450;353;187;166
56;1363;368;186;182
56;1276;351;161;190
56;1189;336;161;175
56;1102;316;153;163
56;1015;310;137;173
56;928;278;149;129
56;841;254;123;131
56;754;284;126;158
56;667;288;144;144
56;580;292;138;154
56;493;300;137;163
56;406;253;129;124
56;319;234;112;122
56;232;295;144;151
56;145;216;105;111
56;58;286;138;148
56;1538;347;179;168
56;1451;363;182;181
56;1364;343;155;188
56;1277;333;159;174
56;1190;310;148;162
56;1103;303;130;173
56;1016;273;145;128
56;929;260;129;131
56;842;277;120;157
56;755;283;141;142
56;668;286;135;151
56;581;295;135;160
56;494;245;124;121
56;407;232;109;123
56;320;284;137;147
56;233;205;98;107
56;146;276;133;143
56;59;340;127;213
56;1539;363;181;182
56;1452;340;154;186
56;1365;328;157;171
56;1278;308;144;164
56;1191;300;126;174
56;1104;270;143;127
56;1017;255;126;129
56;930;290;129;161
56;843;278;137;141
56;756;278;131;147
56;669;291;132;159
56;582;241;121;120
56;495;223;103;120
56;408;280;133;147
56;321;202;100;102
56;234;270;127;143
56;147;333;125;208
56;60;309;150;159
56;1540;327;146;181
56;1453;323;153;170
56;1366;306;143;163
56;1279;298;125;173
56;1192;269;140;129
56;1105;248;122;126
56;1018;283;123;160
56;931;292;144;148
56;844;275;130;145
56;757;281;127;154
56;670;238;118;120
56;583;219;102;117
56;496;275;129;146
56;409;197;96;101
56;322;266;124;142
56;235;327;121;206
56;148;307;151;156
56;61;292;120;172
56;1541;320;149;171
56;1454;300;140;160
56;1367;286;117;169
56;1280;266;137;129
56;1193;241;117;124
56;1106;274;116;158
56;1019;288;140;148
56;932;276;122;154
56;845;273;123;150
56;758;231;113;118
56;671;210;93;117
56;584;268;125;143
56;497;192;91;101
56;410;262;122;140
56;323;324;120;204
56;236;302;148;154
56;149;290;118;172
56;62;315;148;167
56;1542;293;137;156
56;1455;282;114;168
56;1368;262;134;128
56;1281;237;113;124
56;1194;269;112;157
56;1107;281;136;145
56;1020;269;116;153
56;933;275;118;157
56;846;229;111;118
56;759;208;92;116
56;672;268;125;143
56;585;188;88;100
56;498;254;116;138
56;411;316;112;204
56;324;299;147;152
56;237;287;117;170
56;150;311;144;167
56;63;262;114;148
56;1543;279;112;167
56;1456;256;131;125
56;1369;236;111;125
56;1282;266;111;155
56;1195;273;128;145
56;1108;264;111;153
56;1021;267;111;156
56;934;221;109;112
56;847;203;90;113
56;760;266;122;144
56;673;186;86;100
56;586;244;110;134
56;499;305;104;201
56;412;288;137;151
56;325;282;112;170
56;238;309;142;167
56;151;257;112;145
56;64;301;119;182
56;1544;244;123;121
56;1457;228;106;122
56;1370;263;109;154
56;1283;265;120;145
56;1196;259;108;151
56;1109;260;106;154
56;1022;220;108;112
56;935;187;79;108
56;848;259;116;143
56;761;181;82;99
56;674;241;107;134
56;587;292;98;194
56;500;282;131;151
56;413;270;103;167
56;326;309;141;168
56;239;256;112;144
56;152;302;119;183
56;65;343;143;200
56;1545;225;105;120
56;1458;261;106;155
56;1371;261;117;144
56;1284;248;105;143
56;1197;256;102;154
56;1110;215;106;109
56;1023;180;76;104
56;936;257;115;142
56;849;177;80;97
56;762;228;100;128
56;675;290;98;192
56;588;273;125;148
56;501;262;96;166
56;414;300;136;164
56;327;256;112;144
56;240;301;119;182
56;153;337;139;198
56;66;308;110;198
56;1546;256;102;154
56;1459;258;115;143
56;1372;246;102;144
56;1285;247;96;151
56;1198;208;99;109
56;1111;175;71;104
56;1024;246;107;139
56;937;183;77;106
56;850;224;97;127
56;763;285;96;189
56;676;267;119;148
56;589;246;88;158
56;502;290;126;164
56;415;254;112;142
56;328;296;115;181
56;241;323;134;189
56;154;303;105;198
56;67;292;120;172
56;1547;254;113;141
56;1460;240;100;140
56;1373;242;91;151
56;1286;209;97;112
56;1199;166;66;100
56;1112;237;101;136
56;1025;180;74;106
56;938;233;99;134
56;851;283;95;188
56;764;263;117;146
56;677;231;81;150
56;590;280;120;160
56;503;243;103;140
56;416;294;114;180
56;329;321;131;190
56;242;296;101;195
56;155;287;118;169
56;68;330;144;186
56;1548;232;94;138
56;1461;237;89;148
56;1374;203;91;112
56;1287;161;62;99
56;1200;234;98;136
56;1113;176;73;103
56;1026;229;97;132
56;939;283;94;189
56;852;256;114;142
56;765;225;78;147
56;678;277;118;159
56;591;231;94;137
56;504;284;106;178
56;417;316;129;187
56;330;291;98;193
56;243;280;114;166
56;156;328;143;185
56;69;302;123;179
56;1549;232;86;146
56;1462;198;88;110
56;1375;157;59;98
56;1288;231;96;135
56;1201;172;71;101
56;1114;222;94;128
56;1027;274;87;187
56;940;249;107;142
56;853;221;76;145
56;766;271;113;158
56;679;226;92;134
56;592;278;106;172
56;505;308;123;185
56;418;281;92;189
56;331;273;111;162
56;244;314;132;182
56;157;295;119;176
56;70;310;120;190
56;1550;196;87;109
56;1463;154;56;98
56;1376;224;91;133
56;1289;169;68;101
56;1202;210;86;124
56;1115;271;83;188
56;1028;241;104;137
56;941;226;85;141
56;854;262;105;157
56;767;219;88;131
56;680;272;101;171
56;593;300;119;181
56;506;277;89;188
56;419;266;106;160
56;332;306;126;180
56;245;289;111;178
56;158;302;118;184
56;71;305;116;189
56;1551;148;53;95
56;1464;215;82;133
56;1377;160;60;100
56;1290;207;83;124
56;1203;265;79;186
56;1116;233;100;133
56;1029;214;80;134
56;942;253;100;153
56;855;209;83;126
56;768;264;95;169
56;681;294;117;177
56;594;263;80;183
56;507;253;97;156
56;420;291;114;177
56;333;277;104;173
56;246;290;112;178
56;159;298;110;188
56;72;294;94;200
56;1552;205;75;130
56;1465;155;57;98
56;1378;201;80;121
56;1291;254;74;180
56;1204;222;95;127
56;1117;207;76;131
56;1030;246;96;150
56;943;198;73;125
56;856;251;89;162
56;769;284;111;173
56;682;253;78;175
56;595;243;88;155
56;508;273;102;171
56;421;270;99;171
56;334;275;102;173
56;247;288;105;183
56;160;283;88;195
56;73;309;121;188
56;1553;149;54;95
56;1466;190;76;114
56;1379;242;67;175
56;1292;219;95;124
56;1205;200;72;128
56;1118;238;90;148
56;1031;191;67;124
56;944;246;85;161
56;857;274;105;169
56;770;248;76;172
56;683;238;85;153
56;596;256;93;163
56;509;257;90;167
56;422;270;99;171
56;335;279;99;180
56;248;275;85;190
56;161;302;116;186
56;74;273;90;183
56;1554;184;71;113
56;1467;224;59;165
56;1380;209;88;121
56;1293;193;69;124
56;1206;229;88;141
56;1119;181;63;118
56;1032;235;84;151
56;945;265;100;165
56;858;239;70;169
56;771;227;80;147
56;684;240;82;158
56;597;252;88;164
56;510;255;91;164
56;423;264;91;173
56;336;271;82;189
56;249;289;110;179
56;162;261;84;177
56;75;266;90;176
56;1555;208;52;156
56;1468;204;82;122
56;1381;185;63;122
56;1294;224;85;139
56;1207;173;60;113
56;1120;225;78;147
56;1033;249;92;157
56;946;232;65;167
56;859;221;77;144
56;772;230;78;152
56;685;244;85;159
56;598;247;87;160
56;511;256;86;170
56;424;261;78;183
56;337;267;96;171
56;250;249;79;170
56;163;264;90;174
56;76;235;75;160
56;1556;197;78;119
56;1469;177;58;119
56;1382;212;77;135
56;1295;165;58;107
56;1208;218;74;144
56;1121;241;86;155
56;1034;222;62;160
56;947;207;69;138
56;860;222;73;149
56;773;241;83;158
56;686;243;86;157
56;599;246;83;163
56;512;235;66;169
56;425;258;91;167
56;338;236;74;162
56;251;249;82;167
56;164;222;70;152
56;77;197;70;127
56;1557;174;57;117
56;1470;199;69;130
56;1383;158;55;103
56;1296;209;70;139
56;1209;234;82;152
56;1122;210;54;156
56;1035;198;63;135
56;948;214;63;151
56;861;222;74;148
56;774;229;80;149
56;687;241;82;159
56;600;222;61;161
56;513;250;88;162
56;426;231;69;162
56;339;231;74;157
56;252;204;65;139
56;165;193;68;125
56;78;238;81;157
56;1558;185;63;122
56;1471;155;53;102
56;1384;201;67;134
56;1297;222;76;146
56;1210;202;51;151
56;1123;185;56;129
56;1036;206;59;147
56;949;205;64;141
56;862;210;74;136
56;775;227;76;151
56;688;207;55;152
56;601;227;76;151
56;514;218;62;156
56;427;217;71;146
56;340;195;61;134
56;253;179;62;117
56;166;226;78;148
56;79;193;65;128
56;1559;149;51;98
56;1472;188;64;124
56;1385;205;71;134
56;1298;190;47;143
56;1211;171;48;123
56;1124;196;56;140
56;1037;196;62;134
56;950;182;59;123
56;863;214;70;144
56;776;187;51;136
56;689;208;65;143
56;602;198;54;144
56;515;199;63;136
56;428;184;59;125
56;341;168;59;109
56;254;214;73;141
56;167;187;64;123
56;80;147;43;104
56;1560;175;60;115
56;1473;181;60;121
56;1386;170;41;129
56;1299;167;46;121
56;1212;178;46;132
56;1125;182;54;128
56;1038;167;54;113
56;951;199;65;134
56;864;181;49;132
56;777;193;56;137
56;690;181;47;134
56;603;171;55;116
56;516;173;54;119
56;429;160;56;104
56;342;191;59;132
56;255;169;57;112
56;168;137;37;100
56;81;129;28;101
56;1561;173;56;117
56;1474;159;40;119
56;1387;154;43;111
56;1300;165;42;123
56;1213;169;50;119
56;1126;151;47;104
56;1039;184;59;125
56;952;155;39;116
56;865;177;50;127
56;778;172;46;126
56;691;161;51;110
56;604;160;48;112
56;517;139;46;93
56;430;173;51;122
56;343;148;50;98
56;256;124;33;91
56;169;119;28;91
56;82;99;31;68
56;1562;146;34;112
56;1475;136;37;99
56;1388;152;39;113
56;1301;151;44;107
56;1214;142;46;96
56;1127;171;53;118
56;1040;140;33;107
56;953;161;48;113
56;866;158;39;119
56;779;142;43;99
56;692;143;43;100
56;605;128;39;89
56;518;167;48;119
56;431;134;42;92
56;344;110;31;79
56;257;112;23;89
56;170;96;30;66
56;83;90;30;60
56;1563;120;30;90
56;1476;136;33;103
56;1389;138;40;98
56;1302;127;39;88
56;1215;154;47;107
56;1128;120;29;91
56;1041;145;44;101
56;954;139;38;101
56;867;130;41;89
56;780;125;37;88
56;693;112;34;78
56;606;154;46;108
56;519;119;34;85
56;432;95;26;69
56;345;100;18;82
56;258;80;25;55
56;171;84;28;56
56;84;66;14;52
56;1564;122;29;93
56;1477;127;37;90
56;1390;120;35;85
56;1303;140;44;96
56;1216;104;26;78
56;1129;126;36;90
56;1042;120;30;90
56;955;111;31;80
56;868;117;35;82
56;781;108;31;77
56;694;132;35;97
56;607;104;33;71
56;520;89;24;65
56;433;88;16;72
56;346;75;23;52
56;259;75;25;50
56;172;59;11;48
56;85;68;18;50
56;1565;562;151;411
56;1478;554;150;404
56;1391;558;142;416
56;1304;537;136;401
56;1217;527;136;391
56;1130;522;135;387
56;1043;496;127;369
56;956;464;122;342
56;869;430;118;312
56;782;418;111;307
56;695;376;96;280
56;608;366;90;276
56;521;343;88;255
56;434;349;98;251
56;347;360;103;257
56;260;364;101;263
56;173;387;119;268
56;86;407;125;282
56;1566;23060;11221;11839
56;1479;23791;11574;12217
56;1392;24433;11851;12582
56;1305;24869;12034;12835
56;1218;25191;12164;13027
56;1131;25533;12309;13224
56;1044;26047;12537;13510
56;957;26586;12779;13807
56;870;27416;13181;14235
56;783;27936;13441;14495
56;696;28439;13666;14773
56;609;28930;13888;15042
56;522;29586;14218;15368
56;435;30326;14700;15626
56;348;30768;14934;15834
56;261;31121;15110;16011
56;174;31405;15281;16124
56;87;31538;15336;16202
57;1480;401;205;196
57;1393;414;213;201
57;1306;548;282;266
57;1219;491;244;247
57;1132;479;260;219
57;1045;475;238;237
57;958;451;227;224
57;871;381;185;196
57;784;467;225;242
57;697;506;237;269
57;610;530;271;259
57;523;504;247;257
57;436;502;258;244
57;349;540;296;244
57;262;547;289;258
57;175;553;287;266
57;88;578;276;302
57;1;616;314;302
57;1481;399;203;196
57;1394;541;276;265
57;1307;484;239;245
57;1220;474;254;220
57;1133;460;230;230
57;1046;441;223;218
57;959;373;182;191
57;872;445;218;227
57;785;491;231;260
57;698;520;265;255
57;611;499;245;254
57;524;501;257;244
57;437;531;292;239
57;350;537;283;254
57;263;544;280;264
57;176;560;269;291
57;89;598;304;294
57;2;715;382;333
57;1482;531;268;263
57;1395;469;231;238
57;1308;459;252;207
57;1221;452;223;229
57;1134;418;218;200
57;1047;364;180;184
57;960;434;214;220
57;873;468;216;252
57;786;515;264;251
57;699;486;241;245
57;612;495;252;243
57;525;515;283;232
57;438;528;278;250
57;351;541;277;264
57;264;553;266;287
57;177;589;299;290
57;90;697;373;324
57;3;709;344;365
57;1483;451;219;232
57;1396;453;244;209
57;1309;439;216;223
57;1222;404;209;195
57;1135;344;172;172
57;1048;429;217;212
57;961;455;208;247
57;874;456;234;222
57;787;472;236;236
57;700;477;242;235
57;613;511;280;231
57;526;520;273;247
57;439;530;272;258
57;352;544;265;279
57;265;585;298;287
57;178;685;366;319
57;91;694;334;360
57;4;724;383;341
57;1484;448;238;210
57;1397;417;202;215
57;1310;392;205;187
57;1223;333;168;165
57;1136;413;211;202
57;1049;455;209;246
57;962;446;224;222
57;875;426;212;214
57;788;467;232;235
57;701;507;280;227
57;614;509;273;236
57;527;522;267;255
57;440;532;259;273
57;353;581;296;285
57;266;678;360;318
57;179;682;331;351
57;92;709;375;334
57;5;740;359;381
57;1485;404;193;211
57;1398;378;197;181
57;1311;324;160;164
57;1224;398;208;190
57;1137;442;200;242
57;1050;435;220;215
57;963;405;203;202
57;876;420;215;205
57;789;501;273;228
57;702;507;268;239
57;615;511;262;249
57;528;529;258;271
57;441;574;291;283
57;354;670;356;314
57;267;677;328;349
57;180;700;369;331
57;93;732;354;378
57;6;734;393;341
57;1486;366;191;175
57;1399;310;151;159
57;1312;389;204;185
57;1225;439;198;241
57;1138;425;213;212
57;1051;393;196;197
57;964;406;212;194
57;877;452;257;195
57;790;496;260;236
57;703;503;257;246
57;616;520;256;264
57;529;563;287;276
57;442;655;349;306
57;355;663;321;342
57;268;696;366;330
57;181;725;351;374
57;94;730;390;340
57;7;750;407;343
57;1487;311;155;156
57;1400;384;200;184
57;1313;433;196;237
57;1226;418;208;210
57;1139;383;189;194
57;1052;411;219;192
57;965;436;245;191
57;878;441;221;220
57;791;497;254;243
57;704;517;253;264
57;617;558;283;275
57;530;643;343;300
57;443;650;317;333
57;356;684;361;323
57;269;718;344;374
57;182;722;386;336
57;95;738;400;338
57;8;871;445;426
57;1488;378;199;179
57;1401;427;195;232
57;1314;410;201;209
57;1227;384;189;195
57;1140;407;215;192
57;1053;437;247;190
57;966;440;218;222
57;879;461;242;219
57;792;513;251;262
57;705;551;278;273
57;618;640;343;297
57;531;649;315;334
57;444;673;355;318
57;357;709;339;370
57;270;715;383;332
57;183;730;397;333
57;96;860;438;422
57;9;1020;518;502
57;1489;421;194;227
57;1402;401;199;202
57;1315;380;186;194
57;1228;397;207;190
57;1141;430;244;186
57;1054;433;218;215
57;967;452;237;215
57;880;515;246;269
57;793;545;272;273
57;706;633;343;290
57;619;651;314;337
57;532;673;357;316
57;445;693;332;361
57;358;705;374;331
57;271;725;394;331
57;184;853;434;419
57;97;1001;502;499
57;10;1059;526;533
57;1490;397;196;201
57;1403;381;184;197
57;1316;395;208;187
57;1229;430;244;186
57;1142;421;212;209
57;1055;446;233;213
57;968;495;235;260
57;881;544;267;277
57;794;626;340;286
57;707;646;311;335
57;620;668;355;313
57;533;686;326;360
57;446;701;370;331
57;359;714;386;328
57;272;843;428;415
57;185;993;499;494
57;98;1048;518;530
57;11;1076;561;515
57;1491;376;184;192
57;1404;378;197;181
57;1317;426;243;183
57;1230;414;210;204
57;1143;430;226;204
57;1056;483;227;256
57;969;534;263;271
57;882;610;335;275
57;795;642;312;330
57;708;662;351;311
57;621;682;326;356
57;534;694;365;329
57;447;712;389;323
57;360;841;424;417
57;273;979;491;488
57;186;1037;515;522
57;99;1060;547;513
57;12;1029;555;474
57;1492;372;195;177
57;1405;413;236;177
57;1318;401;207;194
57;1231;422;219;203
57;1144;477;225;252
57;1057;522;258;264
57;970;589;329;260
57;883;625;307;318
57;796;661;350;311
57;709;680;326;354
57;622;695;366;329
57;535;706;387;319
57;448;828;419;409
57;361;965;485;480
57;274;1021;504;517
57;187;1042;540;502
57;100;1011;542;469
57;13;1022;517;505
57;1493;408;230;178
57;1406;394;203;191
57;1319;414;216;198
57;1232;463;215;248
57;1145;517;256;261
57;1058;575;322;253
57;971;609;299;310
57;884;655;345;310
57;797;679;325;354
57;710;695;366;329
57;623;704;388;316
57;536;819;413;406
57;449;942;473;469
57;362;1004;495;509
57;275;1023;531;492
57;188;992;531;461
57;101;991;497;494
57;14;1110;564;546
57;1494;387;200;187
57;1407;407;213;194
57;1320;457;208;249
57;1233;509;253;256
57;1146;569;319;250
57;1059;603;294;309
57;972;641;338;303
57;885;667;324;343
57;798;687;360;327
57;711;704;390;314
57;624;813;413;400
57;537;938;471;467
57;450;981;483;498
57;363;1008;520;488
57;276;969;517;452
57;189;977;489;488
57;102;1089;551;538
57;15;1129;573;556
57;1495;398;208;190
57;1408;445;200;245
57;1321;505;248;257
57;1234;558;313;245
57;1147;589;290;299
57;1060;630;329;301
57;973;656;319;337
57;886;664;349;315
57;799;699;387;312
57;712;810;415;395
57;625;930;468;462
57;538;970;478;492
57;451;969;493;476
57;364;948;503;445
57;277;957;478;479
57;190;1069;540;529
57;103;1102;549;553
57;16;1030;508;522
57;1496;437;200;237
57;1409;494;242;252
57;1322;551;310;241
57;1235;575;285;290
57;1148;626;327;299
57;1061;648;315;333
57;974;659;347;312
57;887;699;388;311
57;800;801;410;391
57;713;922;461;461
57;626;961;473;488
57;539;951;485;466
57;452;921;487;434
57;365;935;464;471
57;278;1049;529;520
57;191;1079;540;539
57;104;1014;497;517
57;17;983;525;458
57;1497;485;238;247
57;1410;544;305;239
57;1323;570;282;288
57;1236;616;324;292
57;1149;650;316;334
57;1062;655;346;309
57;975;693;386;307
57;888;787;410;377
57;801;914;455;459
57;714;945;466;479
57;627;938;478;460
57;540;904;478;426
57;453;906;449;457
57;366;1017;511;506
57;279;1056;527;529
57;192;1004;492;512
57;105;962;511;451
57;18;1010;501;509
57;1498;525;292;233
57;1411;552;272;280
57;1324;602;321;281
57;1237;641;310;331
57;1150;643;339;304
57;1063;683;379;304
57;976;759;399;360
57;889;856;435;421
57;802;939;462;477
57;715;928;473;455
57;628;888;470;418
57;541;883;439;444
57;454;973;491;482
57;367;1024;506;518
57;280;979;480;499
57;193;948;501;447
57;106;974;484;490
57;19;784;429;355
57;1499;532;265;267
57;1412;572;303;269
57;1325;622;303;319
57;1238;627;331;296
57;1151;671;376;295
57;1064;714;388;326
57;977;814;419;395
57;890;791;400;391
57;803;918;464;454
57;716;876;467;409
57;629;867;432;435
57;542;947;477;470
57;455;969;479;490
57;368;951;464;487
57;281;929;490;439
57;194;959;474;485
57;107;751;411;340
57;20;708;399;309
57;1500;542;289;253
57;1413;605;293;312
57;1326;606;321;285
57;1239;645;358;287
57;1152;693;372;321
57;1065;782;404;378
57;978;741;377;364
57;891;728;390;338
57;804;856;459;397
57;717;851;426;425
57;630;925;468;457
57;543;942;466;476
57;456;895;430;465
57;369;903;474;429
57;282;930;458;472
57;195;738;406;332
57;108;684;381;303
57;21;656;379;277
57;1501;563;280;283
57;1414;576;299;277
57;1327;629;342;287
57;1240;684;365;319
57;1153;749;389;360
57;1066;719;370;349
57;979;690;368;322
57;892;643;346;297
57;805;831;414;417
57;718;900;456;444
57;631;915;454;461
57;544;870;417;453
57;457;841;439;402
57;370;896;442;454
57;283;714;396;318
57;196;687;384;303
57;109;626;361;265
57;22;676;342;334
57;1502;539;278;261
57;1415;608;334;274
57;1328;659;344;315
57;1241;722;370;352
57;1154;688;355;333
57;1067;665;353;312
57;980;607;328;279
57;893;634;327;307
57;806;869;443;426
57;719;889;440;449
57;632;833;401;432
57;545;806;422;384
57;458;846;425;421
57;371;699;387;312
57;284;673;372;301
57;197;621;358;263
57;110;654;329;325
57;23;676;365;311
57;1503;554;306;248
57;1416;610;326;284
57;1329;697;354;343
57;1242;675;348;327
57;1155;624;337;287
57;1068;575;318;257
57;981;588;309;279
57;894;625;325;300
57;807;854;425;429
57;720;805;394;411
57;633;781;411;370
57;546;815;413;402
57;459;673;371;302
57;372;647;358;289
57;285;610;347;263
57;198;641;326;315
57;111;653;355;298
57;24;656;338;318
57;1504;571;315;256
57;1417;656;337;319
57;1330;645;333;312
57;1243;595;334;261
57;1156;550;312;238
57;1069;560;297;263
57;982;570;305;265
57;895;612;326;286
57;808;768;379;389
57;721;757;403;354
57;634;797;401;396
57;547;641;359;282
57;460;611;341;270
57;373;593;339;254
57;286;627;309;318
57;199;645;351;294
57;112;622;322;300
57;25;681;372;309
57;1505;598;307;291
57;1418;613;326;287
57;1331;553;316;237
57;1244;519;297;222
57;1157;546;290;256
57;1070;540;291;249
57;983;556;298;258
57;896;519;278;241
57;809;725;386;339
57;722;767;393;374
57;635;623;348;275
57;548;587;331;256
57;461;549;323;226
57;374;595;301;294
57;287;625;338;287
57;200;610;318;292
57;113;661;356;305
57;26;662;329;333
57;1506;558;296;262
57;1419;492;286;206
57;1332;484;277;207
57;1245;525;273;252
57;1158;514;277;237
57;1071;523;279;244
57;984;466;252;214
57;897;485;255;230
57;810;723;371;352
57;723;597;333;264
57;636;558;318;240
57;549;531;316;215
57;462;555;287;268
57;375;599;326;273
57;288;589;306;283
57;201;642;345;297
57;114;642;314;328
57;27;681;355;326
57;1507;422;257;165
57;1420;447;252;195
57;1333;486;255;231
57;1246;512;266;246
57;1159;496;260;236
57;1072;411;221;190
57;985;422;218;204
57;898;499;267;232
57;811;555;313;242
57;724;545;312;233
57;637;502;303;199
57;550;541;276;265
57;463;575;310;265
57;376;550;286;264
57;289;626;333;293
57;202;631;308;323
57;115;657;340;317
57;28;770;385;385
57;1508;395;225;170
57;1421;454;232;222
57;1334;494;256;238
57;1247;471;246;225
57;1160;385;219;166
57;1073;396;202;194
57;986;452;251;201
57;899;419;216;203
57;812;516;297;219
57;725;487;298;189
57;638;522;266;256
57;551;559;300;259
57;464;525;271;254
57;377;595;322;273
57;290;608;296;312
57;203;645;337;308
57;116;751;376;375
57;29;748;378;370
57;1509;416;213;203
57;1422;449;237;212
57;1335;435;236;199
57;1248;365;201;164
57;1161;384;202;182
57;1074;438;245;193
57;987;388;198;190
57;900;454;249;205
57;813;457;282;175
57;726;498;262;236
57;639;547;300;247
57;552;508;263;245
57;465;567;302;265
57;378;585;281;304
57;291;629;330;299
57;204;742;371;371
57;117;724;364;360
57;30;818;383;435
57;1510;401;210;191
57;1423;401;218;183
57;1336;362;206;156
57;1249;367;185;182
57;1162;416;236;180
57;1075;370;188;182
57;988;423;231;192
57;901;441;232;209
57;814;487;255;232
57;727;518;289;229
57;640;496;257;239
57;553;545;296;249
57;466;570;275;295
57;379;604;318;286
57;292;724;357;367
57;205;716;360;356
57;118;791;369;422
57;31;816;400;416
57;1511;358;197;161
57;1424;328;179;149
57;1337;341;170;171
57;1250;422;235;187
57;1163;353;181;172
57;1076;398;212;186
57;989;410;213;197
57;902;446;224;222
57;815;503;279;224
57;728;484;250;234
57;641;520;286;234
57;554;556;266;290
57;467;586;308;278
57;380;707;350;357
57;293;691;348;343
57;206;782;370;412
57;119;800;390;410
57;32;811;395;416
57;1512;297;159;138
57;1425;302;150;152
57;1338;401;218;183
57;1251;319;158;161
57;1164;387;204;183
57;1077;392;205;187
57;990;419;211;208
57;903;484;244;240
57;816;476;248;228
57;729;507;282;225
57;642;539;260;279
57;555;574;293;281
57;468;682;337;345
57;381;674;331;343
57;294;762;361;401
57;207;785;382;403
57;120;782;375;407
57;33;826;428;398
57;1513;293;141;152
57;1426;378;207;171
57;1339;303;151;152
57;1252;367;198;169
57;1165;369;193;176
57;1078;389;197;192
57;991;466;232;234
57;904;480;229;251
57;817;494;278;216
57;730;530;258;272
57;643;571;294;277
57;556;664;327;337
57;469;657;324;333
57;382;745;357;388
57;295;780;378;402
57;208;770;370;400
57;121;811;418;393
57;34;767;402;365
57;1514;357;197;160
57;1427;259;131;128
57;1340;339;191;148
57;1253;363;192;171
57;1166;383;192;191
57;1079;449;225;224
57;992;458;223;235
57;905;512;279;233
57;818;520;257;263
57;731;560;288;272
57;644;651;315;336
57;557;647;316;331
57;470;716;344;372
57;383;763;367;396
57;296;749;354;395
57;209;794;408;386
57;122;752;391;361
57;35;792;385;407
57;1515;245;122;123
57;1428;308;168;140
57;1341;351;184;167
57;1254;369;185;184
57;1167;442;224;218
57;1080;447;219;228
57;993;482;259;223
57;906;507;240;267
57;819;553;285;268
57;732;638;312;326
57;645;634;306;328
57;558;699;336;363
57;471;733;350;383
57;384;737;346;391
57;297;781;401;380
57;210;740;386;354
57;123;773;373;400
57;36;835;446;389
57;1516;296;164;132
57;1429;336;172;164
57;1342;352;180;172
57;1255;424;213;211
57;1168;435;212;223
57;1081;473;252;221
57;994;484;225;259
57;907;556;283;273
57;820;618;302;316
57;733;634;309;325
57;646;686;330;356
57;559;719;345;374
57;472;715;332;383
57;385;769;390;379
57;298;725;375;350
57;211;763;366;397
57;124;814;435;379
57;37;821;418;403
57;1517;323;168;155
57;1430;324;163;161
57;1343;420;212;208
57;1256;417;201;216
57;1169;461;248;213
57;1082;467;214;253
57;995;536;273;263
57;908;628;303;325
57;821;621;302;319
57;734;676;325;351
57;647;708;338;370
57;560;702;327;375
57;473;749;375;374
57;386;712;369;343
57;299;749;360;389
57;212;801;426;375
57;125;802;405;397
57;38;901;464;437
57;1518;318;160;158
57;1431;386;191;195
57;1344;402;196;206
57;1257;450;244;206
57;1170;464;213;251
57;1083;536;275;261
57;996;607;290;317
57;909;631;318;313
57;822;659;314;345
57;735;693;333;360
57;648;695;323;372
57;561;735;370;365
57;474;689;356;333
57;387;734;350;384
57;300;792;419;373
57;213;788;402;386
57;126;881;449;432
57;39;840;440;400
57;1519;369;182;187
57;1432;385;190;195
57;1345;437;231;206
57;1258;455;211;244
57;1171;531;275;256
57;1084;593;283;310
57;997;620;309;311
57;910;681;317;364
57;823;681;325;356
57;736;682;314;368
57;649;722;363;359
57;562;671;344;327
57;475;715;340;375
57;388;763;406;357
57;301;771;394;377
57;214;870;444;426
57;127;817;423;394
57;40;900;449;451
57;1520;363;182;181
57;1433;422;223;199
57;1346;445;205;240
57;1259;525;273;252
57;1172;590;281;309
57;1085;610;305;305
57;998;663;305;358
57;911;663;315;348
57;824;672;312;360
57;737;724;363;361
57;650;661;339;322
57;563;701;332;369
57;476;750;397;353
57;389;751;383;368
57;302;855;434;421
57;215;805;416;389
57;128;878;437;441
57;41;887;425;462
57;1521;420;220;200
57;1434;440;202;238
57;1347;517;265;252
57;1260;578;273;305
57;1173;595;297;298
57;1086;652;297;355
57;999;648;304;344
57;912;716;337;379
57;825;710;355;355
57;738;656;335;321
57;651;687;324;363
57;564;730;383;347
57;477;731;372;359
57;390;830;417;413
57;303;794;408;386
57;216;870;428;442
57;129;868;414;454
57;42;862;415;447
57;1522;434;201;233
57;1435;505;257;248
57;1348;571;273;298
57;1261;581;294;287
57;1174;639;292;347
57;1087;640;305;335
57;1000;700;326;374
57;913;722;369;353
57;826;640;324;316
57;739;679;320;359
57;652;710;370;340
57;565;719;364;355
57;478;801;401;400
57;391;773;396;377
57;304;851;417;434
57;217;863;409;454
57;130;845;406;439
57;43;836;405;431
57;1523;487;245;242
57;1436;553;260;293
57;1349;570;286;284
57;1262;628;284;344
57;1175;629;301;328
57;1088;692;326;366
57;1001;710;356;354
57;914;646;323;323
57;827;664;312;352
57;740;707;367;340
57;653;705;356;349
57;566;786;392;394
57;479;752;383;369
57;392;829;400;429
57;305;850;401;449
57;218;826;395;431
57;131;827;399;428
57;44;789;371;418
57;1524;550;260;290
57;1437;556;277;279
57;1350;622;279;343
57;1263;619;297;322
57;1176;686;320;366
57;1089;707;353;354
57;1002;639;323;316
57;915;663;315;348
57;828;695;358;337
57;741;696;355;341
57;654;771;382;389
57;567;741;379;362
57;480;804;387;417
57;393;831;389;442
57;306;808;378;430
57;219;820;396;424
57;132;778;364;414
57;45;715;340;375
57;1525;550;273;277
57;1438;603;274;329
57;1351;613;292;321
57;1264;679;321;358
57;1177;695;349;346
57;1090;622;312;310
57;1003;650;308;342
57;916;690;355;335
57;829;689;352;337
57;742;763;381;382
57;655;727;373;354
57;568;793;380;413
57;481;813;373;440
57;394;795;372;423
57;307;815;392;423
57;220;763;355;408
57;133;694;328;366
57;46;693;341;352
57;1526;593;269;324
57;1439;604;288;316
57;1352;674;318;356
57;1265;690;348;342
57;1178;612;308;304
57;1091;635;297;338
57;1004;675;347;328
57;917;702;363;339
57;830;756;376;380
57;743;721;370;351
57;656;777;376;401
57;569;804;367;437
57;482;778;362;416
57;395;807;388;419
57;308;749;344;405
57;221;687;323;364
57;134;676;331;345
57;47;672;339;333
57;1527;599;286;313
57;1440;671;317;354
57;1353;677;337;340
57;1266;615;306;309
57;1179;627;293;334
57;1092;659;336;323
57;1005;685;354;331
57;918;764;389;375
57;831;710;362;348
57;744;765;365;400
57;657;785;355;430
57;570;760;351;409
57;483;797;384;413
57;396;741;338;403
57;309;670;311;359
57;222;666;325;341
57;135;665;334;331
57;48;597;309;288
57;1528;653;314;339
57;1441;667;333;334
57;1354;606;301;305
57;1267;622;288;334
57;1180;648;325;323
57;1093;675;347;328
57;1006;752;383;369
57;919;709;359;350
57;832;755;359;396
57;745;783;355;428
57;658;750;345;405
57;571;778;372;406
57;484;726;329;397
57;397;651;298;353
57;310;655;317;338
57;223;647;320;327
57;136;581;297;284
57;49;601;310;291
57;1529;661;334;327
57;1442;600;297;303
57;1355;611;278;333
57;1268;635;317;318
57;1181;676;349;327
57;1094;743;377;366
57;1007;688;353;335
57;920;776;386;390
57;833;772;349;423
57;746;748;345;403
57;659;767;366;401
57;572;704;315;389
57;485;635;285;350
57;398;639;311;328
57;311;638;314;324
57;224;569;290;279
57;137;582;296;286
57;50;562;280;282
57;1530;581;285;296
57;1443;603;274;329
57;1356;628;313;315
57;1269;674;347;327
57;1182;736;375;361
57;1095;681;346;335
57;1008;758;380;378
57;921;758;357;401
57;834;738;339;399
57;747;757;365;392
57;660;701;315;386
57;573;630;285;345
57;486;627;300;327
57;399;634;311;323
57;312;559;282;277
57;225;572;290;282
57;138;547;268;279
57;51;617;311;306
57;1531;596;271;325
57;1444;620;306;314
57;1357;667;341;326
57;1270;730;371;359
57;1183;676;342;334
57;1096;750;376;374
57;1009;739;350;389
57;922;741;356;385
57;835;738;352;386
57;748;690;308;382
57;661;623;281;342
57;574;616;293;323
57;487;622;300;322
57;400;547;273;274
57;313;551;271;280
57;226;533;261;272
57;139;598;300;298
57;52;637;300;337
57;1532;613;306;307
57;1445;655;337;318
57;1358;723;364;359
57;1271;669;335;334
57;1184;748;373;375
57;1097;728;343;385
57;1010;724;341;383
57;923;715;345;370
57;836;676;298;378
57;749;615;277;338
57;662;604;286;318
57;575;611;293;318
57;488;532;263;269
57;401;536;257;279
57;314;522;252;270
57;227;582;285;297
57;140;624;290;334
57;53;589;295;294
57;1533;652;337;315
57;1446;716;358;358
57;1359;660;330;330
57;1272;742;371;371
57;1185;719;338;381
57;1098;716;336;380
57;1011;699;332;367
57;924;661;307;354
57;837;605;271;334
57;750;599;285;314
57;663;601;285;316
57;576;521;255;266
57;489;524;248;276
57;402;513;246;267
57;315;567;276;291
57;228;616;286;330
57;141;577;291;286
57;54;479;209;270
57;1534;704;352;352
57;1447;659;330;329
57;1360;736;368;368
57;1273;709;327;382
57;1186;703;328;375
57;1099;690;326;364
57;1012;654;305;349
57;925;596;266;330
57;838;591;278;313
57;751;584;277;307
57;664;500;243;257
57;577;514;241;273
57;490;499;240;259
57;403;554;267;287
57;316;608;283;325
57;229;577;292;285
57;142;465;202;263
57;55;432;201;231
57;1535;648;322;326
57;1448;722;360;362
57;1361;697;323;374
57;1274;692;325;367
57;1187;671;312;359
57;1100;646;299;347
57;1013;580;254;326
57;926;580;270;310
57;839;572;270;302
57;752;494;238;256
57;665;503;235;268
57;578;489;235;254
57;491;542;262;280
57;404;589;268;321
57;317;562;282;280
57;230;457;195;262
57;143;422;196;226
57;56;504;229;275
57;1536;707;349;358
57;1449;686;313;373
57;1362;681;318;363
57;1275;667;309;358
57;1188;641;294;347
57;1101;569;248;321
57;1014;576;267;309
57;927;565;253;312
57;840;482;232;250
57;753;486;224;262
57;666;472;223;249
57;579;525;249;276
57;492;577;260;317
57;405;545;267;278
57;318;442;186;256
57;231;412;191;221
57;144;492;221;271
57;57;413;198;215
57;1537;678;307;371
57;1450;666;313;353
57;1363;661;306;355
57;1276;632;289;343
57;1189;560;240;320
57;1102;571;264;307
57;1015;550;241;309
57;928;506;240;266
57;841;478;221;257
57;754;466;217;249
57;667;518;245;273
57;580;569;253;316
57;493;528;258;270
57;406;429;174;255
57;319;408;188;220
57;232;483;213;270
57;145;402;190;212
57;58;495;226;269
57;1538;656;308;348
57;1451;640;291;349
57;1364;618;279;339
57;1277;553;233;320
57;1190;558;256;302
57;1103;543;236;307
57;1016;494;232;262
57;929;491;235;256
57;842;452;206;246
57;755;501;236;265
57;668;560;248;312
57;581;515;251;264
57;494;423;172;251
57;407;397;181;216
57;320;477;208;269
57;233;390;182;208
57;146;477;214;263
57;59;513;228;285
57;1539;630;283;347
57;1452;602;271;331
57;1365;550;229;321
57;1278;548;249;299
57;1191;532;230;302
57;1104;482;224;258
57;1017;481;227;254
57;930;465;213;252
57;843;487;227;260
57;756;545;237;308
57;669;504;243;261
57;582;408;166;242
57;495;391;181;210
57;408;465;198;267
57;321;384;177;207
57;234;472;214;258
57;147;495;216;279
57;60;581;238;343
57;1540;591;263;328
57;1453;538;218;320
57;1366;542;244;298
57;1279;518;222;296
57;1192;480;223;257
57;1105;475;222;253
57;1018;452;204;248
57;931;502;233;269
57;844;536;231;305
57;757;493;233;260
57;670;400;164;236
57;583;379;171;208
57;496;453;191;262
57;409;368;166;202
57;322;454;201;253
57;235;490;213;277
57;148;568;228;340
57;61;530;228;302
57;1541;530;213;317
57;1454;533;235;298
57;1367;507;215;292
57;1280;470;213;257
57;1193;464;213;251
57;1106;439;195;244
57;1019;482;223;259
57;932;541;235;306
57;845;477;225;252
57;758;397;162;235
57;671;363;158;205
57;584;435;185;250
57;497;356;160;196
57;410;450;200;250
57;323;473;202;271
57;236;559;223;336
57;149;522;221;301
57;62;558;228;330
57;1542;523;223;300
57;1455;506;216;290
57;1368;467;211;256
57;1281;451;205;246
57;1194;437;192;245
57;1107;476;219;257
57;1020;527;226;301
57;933;481;231;250
57;846;386;158;228
57;759;358;155;203
57;672;427;180;247
57;585;341;154;187
57;498;435;190;245
57;411;455;191;264
57;324;549;218;331
57;237;520;221;299
57;150;548;221;327
57;63;544;234;310
57;1543;489;205;284
57;1456;460;208;252
57;1369;438;197;241
57;1282;429;189;240
57;1195;462;213;249
57;1108;515;221;294
57;1021;472;226;246
57;934;413;166;247
57;847;349;149;200
57;760;415;175;240
57;673;336;151;185
57;586;428;187;241
57;499;437;181;256
57;412;536;208;328
57;325;502;209;293
57;238;543;221;322
57;151;539;227;312
57;64;539;233;306
57;1544;455;203;252
57;1457;436;193;243
57;1370;420;184;236
57;1283;454;207;247
57;1196;499;211;288
57;1109;463;219;244
57;1022;409;162;247
57;935;361;149;212
57;848;400;163;237
57;761;326;142;184
57;674;416;179;237
57;587;424;169;255
57;500;530;206;324
57;413;486;197;289
57;326;528;210;318
57;239;523;216;307
57;152;527;222;305
57;65;566;224;342
57;1545;422;187;235
57;1458;413;180;233
57;1371;450;203;247
57;1284;493;206;287
57;1197;458;217;241
57;1110;400;157;243
57;1023;351;145;206
57;936;399;159;240
57;849;318;139;179
57;762;412;173;239
57;675;413;164;249
57;588;503;190;313
57;501;468;188;280
57;414;510;200;310
57;327;510;207;303
57;240;519;216;303
57;153;560;220;340
57;66;560;234;326
57;1546;406;177;229
57;1459;438;193;245
57;1372;484;199;285
57;1285;444;207;237
57;1198;394;152;242
57;1111;350;142;208
57;1024;383;149;234
57;937;341;145;196
57;850;397;164;233
57;763;402;157;245
57;676;494;184;310
57;589;459;182;277
57;502;489;189;300
57;415;494;196;298
57;328;499;202;297
57;241;554;210;344
57;154;545;223;322
57;67;507;210;297
57;1547;434;190;244
57;1460;473;190;283
57;1373;434;202;232
57;1286;389;148;241
57;1199;347;140;207
57;1112;373;143;230
57;1025;333;140;193
57;938;403;165;238
57;851;388;150;238
57;764;472;170;302
57;677;439;169;270
57;590;469;182;287
57;503;477;185;292
57;416;484;191;293
57;329;534;193;341
57;242;538;215;323
57;155;487;196;291
57;68;516;202;314
57;1548;465;183;282
57;1461;417;191;226
57;1374;385;148;237
57;1287;337;134;203
57;1200;358;132;226
57;1113;321;133;188
57;1026;392;155;237
57;939;386;152;234
57;852;453;156;297
57;765;427;166;261
57;678;456;176;280
57;591;470;183;287
57;504;462;180;282
57;417;520;187;333
57;330;528;209;319
57;243;479;191;288
57;156;501;189;312
57;69;524;194;330
57;1549;404;180;224
57;1462;379;145;234
57;1375;322;127;195
57;1288;349;126;223
57;1201;310;126;184
57;1114;389;151;238
57;1027;378;148;230
57;940;448;146;302
57;853;408;156;252
57;766;444;172;272
57;679;444;171;273
57;592;450;171;279
57;505;503;181;322
57;418;506;194;312
57;331;471;185;286
57;244;476;173;303
57;157;513;190;323
57;70;496;184;312
57;1550;370;140;230
57;1463;312;123;189
57;1376;335;120;215
57;1289;303;119;184
57;1202;373;143;230
57;1115;370;147;223
57;1028;434;140;294
57;941;416;154;262
57;854;428;160;268
57;767;433;162;271
57;680;433;162;271
57;593;487;170;317
57;506;490;182;308
57;419;461;178;283
57;332;460;167;293
57;245;504;185;319
57;158;483;178;305
57;71;471;189;282
57;1551;306;119;187
57;1464;331;120;211
57;1377;292;112;180
57;1290;361;135;226
57;1203;360;143;217
57;1116;418;132;286
57;1029;397;139;258
57;942;433;154;279
57;855;423;156;267
57;768;425;160;265
57;681;469;165;304
57;594;470;168;302
57;507;454;176;278
57;420;445;154;291
57;333;482;172;310
57;246;462;165;297
57;159;463;184;279
57;72;412;157;255
57;1552;326;115;211
57;1465;285;108;177
57;1378;351;128;223
57;1291;345;134;211
57;1204;408;125;283
57;1117;388;134;254
57;1030;413;142;271
57;943;415;155;260
57;856;410;153;257
57;769;452;158;294
57;682;446;155;291
57;595;432;168;264
57;508;424;147;277
57;421;469;164;305
57;334;447;155;292
57;247;438;169;269
57;160;409;153;256
57;73;420;147;273
57;1553;279;104;175
57;1466;338;120;218
57;1379;337;128;209
57;1292;397;121;276
57;1205;374;131;243
57;1118;400;135;265
57;1031;404;150;254
57;944;421;155;266
57;857;432;144;288
57;770;427;145;282
57;683;414;154;260
57;596;405;133;272
57;509;453;158;295
57;422;428;144;284
57;335;425;162;263
57;248;393;145;248
57;161;401;136;265
57;74;402;152;250
57;1554;330;117;213
57;1467;320;118;202
57;1380;385;118;267
57;1293;365;126;239
57;1206;383;126;257
57;1119;388;142;246
57;1032;405;145;260
57;945;429;142;287
57;858;413;144;269
57;771;397;144;253
57;684;386;130;256
57;597;437;145;292
57;510;403;132;271
57;423;414;156;258
57;336;378;137;241
57;249;386;125;261
57;162;389;143;246
57;75;369;125;244
57;1555;302;112;190
57;1468;369;113;256
57;1381;348;118;230
57;1294;368;118;250
57;1207;370;134;236
57;1120;389;138;251
57;1033;406;131;275
57;946;409;142;267
57;859;384;135;249
57;772;365;117;248
57;685;408;132;276
57;598;385;125;260
57;511;391;147;244
57;424;357;125;232
57;337;366;116;250
57;250;370;135;235
57;163;361;119;242
57;76;310;100;210
57;1556;356;106;250
57;1469;331;111;220
57;1382;351;112;239
57;1295;357;126;231
57;1208;372;129;243
57;1121;386;118;268
57;1034;392;133;259
57;947;369;129;240
57;860;347;109;238
57;773;384;121;263
57;686;365;112;253
57;599;364;143;221
57;512;339;113;226
57;425;345;109;236
57;338;349;123;226
57;251;334;104;230
57;164;290;92;198
57;77;285;77;208
57;1557;317;105;212
57;1470;343;108;235
57;1383;336;113;223
57;1296;357;120;237
57;1209;368;111;257
57;1122;369;120;249
57;1035;351;119;232
57;948;337;107;230
57;861;367;112;255
57;774;343;102;241
57;687;338;130;208
57;600;325;113;212
57;513;324;100;224
57;426;320;116;204
57;339;313;91;222
57;252;271;83;188
57;165;275;76;199
57;78;268;78;190
57;1558;327;100;227
57;1471;313;103;210
57;1384;340;113;227
57;1297;349;103;246
57;1210;352;109;243
57;1123;337;113;224
57;1036;316;97;219
57;949;358;109;249
57;862;322;94;228
57;775;314;119;195
57;688;304;98;206
57;601;308;94;214
57;514;299;104;195
57;427;292;83;209
57;340;256;74;182
57;253;260;69;191
57;166;254;72;182
57;79;247;85;162
57;1559;300;98;202
57;1472;320;103;217
57;1385;333;97;236
57;1298;330;100;230
57;1211;320;106;214
57;1124;294;85;209
57;1037;345;103;242
57;950;304;79;225
57;863;296;109;187
57;776;286;90;196
57;689;283;84;199
57;602;284;98;186
57;515;265;74;191
57;428;236;67;169
57;341;238;64;174
57;254;229;61;168
57;167;235;81;154
57;80;204;66;138
57;1560;305;95;210
57;1473;313;92;221
57;1386;311;89;222
57;1299;299;93;206
57;1212;274;76;198
57;1125;327;94;233
57;1038;283;73;210
57;951;286;99;187
57;864;271;83;188
57;777;252;66;186
57;690;251;83;168
57;603;244;63;181
57;516;222;59;163
57;429;225;59;166
57;342;219;57;162
57;255;220;69;151
57;168;193;62;131
57;81;154;41;113
57;1561;292;87;205
57;1474;293;76;217
57;1387;281;84;197
57;1300;260;71;189
57;1213;298;81;217
57;1126;260;67;193
57;1039;263;89;174
57;952;255;73;182
57;865;233;58;175
57;778;226;69;157
57;691;221;57;164
57;604;200;50;150
57;517;203;48;155
57;430;205;52;153
57;343;206;62;144
57;256;184;55;129
57;169;130;36;94
57;82;140;45;95
57;1562;279;72;207
57;1475;263;79;184
57;1388;247;68;179
57;1301;280;72;208
57;1214;238;58;180
57;1127;236;74;162
57;1040;225;59;166
57;953;226;58;168
57;866;209;61;148
57;779;206;53;153
57;692;186;45;141
57;605;185;46;139
57;518;179;45;134
57;431;194;53;141
57;344;167;52;115
57;257;122;35;87
57;170;132;39;93
57;83;92;29;63
57;1563;246;68;178
57;1476;230;61;169
57;1389;251;63;188
57;1302;211;48;163
57;1215;212;61;151
57;1128;211;55;156
57;1041;207;49;158
57;954;199;52;147
57;867;185;48;137
57;780;164;36;128
57;693;168;41;127
57;606;164;42;122
57;519;163;44;119
57;432;146;40;106
57;345;112;28;84
57;258;126;36;90
57;171;83;29;54
57;84;84;29;55
57;1564;204;52;152
57;1477;229;59;170
57;1390;194;40;154
57;1303;187;48;139
57;1216;185;51;134
57;1129;188;42;146
57;1042;166;41;125
57;955;163;42;121
57;868;147;32;115
57;781;154;36;118
57;694;143;35;108
57;607;143;41;102
57;520;126;34;92
57;433;97;24;73
57;346;107;28;79
57;259;77;24;53
57;172;76;27;49
57;85;76;26;50
57;1565;874;190;684
57;1478;838;171;667
57;1391;828;178;650
57;1304;812;178;634
57;1217;746;167;579
57;1130;690;152;538
57;1043;657;146;511
57;956;609;137;472
57;869;556;134;422
57;782;520;134;386
57;695;483;120;363
57;608;460;119;341
57;521;418;118;300
57;434;434;125;309
57;347;407;124;283
57;260;409;131;278
57;173;436;142;294
57;86;452;143;309
57;1566;38749;18147;20602
57;1479;39902;18669;21233
57;1392;41093;19276;21817
57;1305;41814;19618;22196
57;1218;42447;20002;22445
57;1131;43218;20311;22907
57;1044;44040;20696;23344
57;957;45380;21375;24005
57;870;47713;22553;25160
57;783;48566;23004;25562
57;696;49207;23279;25928
57;609;49994;23637;26357
57;522;50834;24065;26769
57;435;52184;24739;27445
57;348;53143;25284;27859
57;261;53906;25784;28122
57;174;54449;26079;28370
57;87;55352;26686;28666
58;1480;144;73;71
58;1393;148;80;68
58;1306;149;64;85
58;1219;161;78;83
58;1132;146;71;75
58;1045;168;82;86
58;958;135;70;65
58;871;131;64;67
58;784;166;79;87
58;697;152;80;72
58;610;157;77;80
58;523;161;75;86
58;436;142;72;70
58;349;161;84;77
58;262;145;76;69
58;175;155;94;61
58;88;174;99;75
58;1;216;121;95
58;1481;148;79;69
58;1394;150;67;83
58;1307;159;79;80
58;1220;142;70;72
58;1133;162;78;84
58;1046;135;71;64
58;959;123;61;62
58;872;147;66;81
58;785;148;78;70
58;698;155;77;78
58;611;160;74;86
58;524;141;70;71
58;437;160;84;76
58;350;144;74;70
58;263;153;92;61
58;176;171;97;74
58;89;214;120;94
58;2;185;86;99
58;1482;147;65;82
58;1395;155;73;82
58;1308;145;70;75
58;1221;153;77;76
58;1134;128;69;59
58;1047;115;56;59
58;960;134;62;72
58;873;143;73;70
58;786;157;76;81
58;699;152;71;81
58;612;141;69;72
58;525;160;84;76
58;438;143;74;69
58;351;151;90;61
58;264;168;96;72
58;177;213;119;94
58;90;182;85;97
58;3;203;107;96
58;1483;155;73;82
58;1396;149;70;79
58;1309;152;75;77
58;1222;132;71;61
58;1135;110;55;55
58;1048;124;54;70
58;961;144;75;69
58;874;165;75;90
58;787;150;70;80
58;700;138;66;72
58;613;163;86;77
58;526;138;72;66
58;439;151;91;60
58;352;168;96;72
58;265;209;118;91
58;178;178;83;95
58;91;204;107;97
58;4;194;104;90
58;1484;149;69;80
58;1397;154;77;77
58;1310;130;70;60
58;1223;110;55;55
58;1136;117;50;67
58;1049;137;72;65
58;962;163;74;89
58;875;141;69;72
58;788;139;67;72
58;701;165;88;77
58;614;138;72;66
58;527;150;90;60
58;440;166;95;71
58;353;207;117;90
58;266;175;81;94
58;179;201;106;95
58;92;194;104;90
58;5;224;118;106
58;1485;152;73;79
58;1398;127;67;60
58;1311;115;58;57
58;1224;117;52;65
58;1137;133;71;62
58;1050;157;73;84
58;963;140;68;72
58;876;146;71;75
58;789;166;91;75
58;702;137;74;63
58;615;150;90;60
58;528;164;93;71
58;441;205;115;90
58;354;173;80;93
58;267;198;105;93
58;180;190;101;89
58;93;222;117;105
58;6;212;118;94
58;1486;126;66;60
58;1399;117;58;59
58;1312;119;56;63
58;1225;129;70;59
58;1138;151;71;80
58;1051;133;65;68
58;964;147;72;75
58;877;151;80;71
58;790;134;74;60
58;703;146;89;57
58;616;167;95;72
58;529;204;115;89
58;442;172;79;93
58;355;199;106;93
58;268;188;101;87
58;181;220;117;103
58;94;211;118;93
58;7;242;129;113
58;1487;117;58;59
58;1400;118;56;62
58;1313;124;69;55
58;1226;153;72;81
58;1139;131;65;66
58;1052;147;71;76
58;965;146;74;72
58;878;137;77;60
58;791;145;88;57
58;704;164;93;71
58;617;203;114;89
58;530;171;79;92
58;443;198;106;92
58;356;188;102;86
58;269;219;116;103
58;182;211;118;93
58;95;240;128;112
58;8;227;115;112
58;1488;118;57;61
58;1401;127;67;60
58;1314;154;73;81
58;1227;128;63;65
58;1140;147;70;77
58;1053;142;73;69
58;966;135;75;60
58;879;141;80;61
58;792;162;91;71
58;705;204;115;89
58;618;169;79;90
58;531;199;106;93
58;444;188;102;86
58;357;219;115;104
58;270;208;116;92
58;183;239;128;111
58;96;228;116;112
58;9;326;173;153
58;1489;122;64;58
58;1402;155;70;85
58;1315;127;61;66
58;1228;143;70;73
58;1141;141;71;70
58;1054;133;74;59
58;967;141;80;61
58;880;152;79;73
58;793;200;111;89
58;706;167;79;88
58;619;201;107;94
58;532;188;102;86
58;445;222;117;105
58;358;207;116;91
58;271;239;128;111
58;184;228;116;112
58;97;323;171;152
58;10;320;160;160
58;1490;153;67;86
58;1403;126;60;66
58;1316;146;72;74
58;1229;142;72;70
58;1142;131;73;58
58;1055;140;79;61
58;968;149;77;72
58;881;203;112;91
58;794;166;79;87
58;707;198;107;91
58;620;187;100;87
58;533;219;116;103
58;446;207;116;91
58;359;241;130;111
58;272;226;116;110
58;185;321;171;150
58;98;321;161;160
58;11;343;165;178
58;1491;125;60;65
58;1404;146;72;74
58;1317;142;72;70
58;1230;131;72;59
58;1143;141;80;61
58;1056;151;79;72
58;969;200;110;90
58;882;170;83;87
58;795;194;104;90
58;708;185;99;86
58;621;219;115;104
58;534;211;118;93
58;447;243;131;112
58;360;224;114;110
58;273;314;171;143
58;186;317;157;160
58;99;341;164;177
58;12;297;143;154
58;1492;142;70;72
58;1405;145;72;73
58;1318;129;71;58
58;1231;138;79;59
58;1144;148;77;71
58;1057;198;111;87
58;970;167;82;85
58;883;201;110;91
58;796;184;99;85
58;709;218;114;104
58;622;212;119;93
58;535;244;131;113
58;448;227;116;111
58;361;314;170;144
58;274;311;153;158
58;187;340;164;176
58;100;297;142;155
58;13;354;180;174
58;1493;144;70;74
58;1406;128;70;58
58;1319;137;78;59
58;1232;148;76;72
58;1145;196;108;88
58;1058;165;80;85
58;971;200;110;90
58;884;201;102;99
58;797;215;115;100
58;710;209;117;92
58;623;244;131;113
58;536;225;114;111
58;449;309;168;141
58;362;310;154;156
58;275;334;160;174
58;188;293;140;153
58;101;345;177;168
58;14;362;200;162
58;1494;129;70;59
58;1407;136;77;59
58;1320;143;75;68
58;1233;192;106;86
58;1146;162;79;83
58;1059;197;110;87
58;972;203;102;101
58;885;209;115;94
58;798;213;122;91
58;711;243;130;113
58;624;224;113;111
58;537;307;166;141
58;450;308;153;155
58;363;333;160;173
58;276;287;137;150
58;189;343;176;167
58;102;356;194;162
58;15;374;194;180
58;1495;133;75;58
58;1408;137;67;70
58;1321;188;103;85
58;1234;162;79;83
58;1147;198;109;89
58;1060;201;101;100
58;973;207;115;92
58;886;209;121;88
58;799;245;132;113
58;712;221;111;110
58;625;308;167;141
58;538;304;153;151
58;451;329;157;172
58;364;286;137;149
58;277;337;172;165
58;190;350;190;160
58;103;372;192;180
58;16;348;172;176
58;1496;136;66;70
58;1409;185;101;84
58;1322;161;76;85
58;1235;198;109;89
58;1148;201;102;99
58;1061;202;112;90
58;974;207;119;88
58;887;253;135;118
58;800;221;111;110
58;713;308;168;140
58;626;303;152;151
58;539;329;157;172
58;452;283;137;146
58;365;335;171;164
58;278;344;186;158
58;191;368;191;177
58;104;345;169;176
58;17;302;150;152
58;1497;184;102;82
58;1410;159;75;84
58;1323;198;111;87
58;1236;196;100;96
58;1149;203;112;91
58;1062;204;118;86
58;975;252;135;117
58;888;223;112;111
58;801;307;167;140
58;714;304;152;152
58;627;328;157;171
58;540;281;136;145
58;453;328;167;161
58;366;342;184;158
58;279;367;190;177
58;192;338;165;173
58;105;294;143;151
58;18;296;153;143
58;1498;158;76;82
58;1411;194;109;85
58;1324;194;99;95
58;1237;205;116;89
58;1150;202;117;85
58;1063;253;135;118
58;976;221;112;109
58;889;300;159;141
58;802;301;152;149
58;715;330;158;172
58;628;280;135;145
58;541;324;166;158
58;454;332;177;155
58;367;359;188;171
58;280;334;164;170
58;193;293;143;150
58;106;294;151;143
58;19;262;149;113
58;1499;185;107;78
58;1412;193;97;96
58;1325;197;113;84
58;1238;196;113;83
58;1151;244;130;114
58;1064;211;111;100
58;977;288;158;130
58;890;287;146;141
58;803;325;157;168
58;716;278;133;145
58;629;320;163;157
58;542;326;175;151
58;455;345;182;163
58;368;327;161;166
58;281;287;141;146
58;194;293;150;143
58;107;258;148;110
58;20;197;107;90
58;1500;193;100;93
58;1413;193;111;82
58;1326;189;109;80
58;1239;239;128;111
58;1152;208;107;101
58;1065;276;151;125
58;978;281;142;139
58;891;284;142;142
58;804;279;133;146
58;717;316;161;155
58;630;322;175;147
58;543;336;177;159
58;456;315;156;159
58;369;281;137;144
58;282;291;150;141
58;195;257;149;108
58;108;196;106;90
58;21;170;94;76
58;1501;183;107;76
58;1414;191;111;80
58;1327;238;129;109
58;1240;204;106;98
58;1153;270;147;123
58;1066;274;135;139
58;979;279;142;137
58;892;237;126;111
58;805;310;158;152
58;718;321;173;148
58;631;333;176;157
58;544;307;150;157
58;457;267;130;137
58;370;288;144;144
58;283;259;148;111
58;196;199;107;92
58;109;165;90;75
58;22;203;108;95
58;1502;186;108;78
58;1415;238;129;109
58;1328;202;104;98
58;1241;267;145;122
58;1154;265;135;130
58;1067;270;140;130
58;980;233;124;109
58;893;254;129;125
58;806;314;169;145
58;719;330;175;155
58;632;298;148;150
58;545;260;126;134
58;458;276;139;137
58;371;257;147;110
58;284;196;107;89
58;197;164;88;76
58;110;200;106;94
58;23;216;119;97
58;1503;230;125;105
58;1416;201;103;98
58;1329;260;139;121
58;1242;255;128;127
58;1155;257;134;123
58;1068;225;119;106
58;981;241;123;118
58;894;248;133;115
58;807;321;172;149
58;720;292;148;144
58;633;255;124;131
58;546;270;136;134
58;459;249;139;110
58;372;196;102;94
58;285;166;86;80
58;198;199;107;92
58;111;212;117;95
58;24;199;95;104
58;1504;194;102;92
58;1417;258;139;119
58;1330;246;124;122
58;1243;251;132;119
58;1156;222;120;102
58;1069;235;121;114
58;982;233;128;105
58;895;235;112;123
58;808;289;144;145
58;721;245;120;125
58;634;270;138;132
58;547;245;135;110
58;460;191;98;93
58;373;164;83;81
58;286;201;104;97
58;199;212;117;95
58;112;194;91;103
58;25;236;129;107
58;1505;243;140;103
58;1418;236;118;118
58;1331;244;126;118
58;1244;203;116;87
58;1157;235;123;112
58;1070;225;123;102
58;983;205;91;114
58;896;233;127;106
58;809;243;118;125
58;722;262;136;126
58;635;241;130;111
58;548;177;93;84
58;461;159;77;82
58;374;206;104;102
58;287;208;113;95
58;200;194;86;108
58;113;239;133;106
58;26;213;113;100
58;1506;220;112;108
58;1419;226;123;103
58;1332;199;114;85
58;1245;224;121;103
58;1158;214;122;92
58;1071;186;84;102
58;984;211;117;94
58;897;196;99;97
58;810;254;131;123
58;723;233;125;108
58;636;174;90;84
58;549;157;74;83
58;462;207;106;101
58;375;200;105;95
58;288;196;88;108
58;201;234;134;100
58;114;213;111;102
58;27;230;130;100
58;1507;204;109;95
58;1420;195;113;82
58;1333;202;113;89
58;1246;198;115;83
58;1159;172;76;96
58;1072;194;112;82
58;985;169;90;79
58;898;206;108;98
58;811;225;120;105
58;724;171;89;82
58;637;152;72;80
58;550;205;107;98
58;463;188;97;91
58;376;184;86;98
58;289;226;129;97
58;202;208;110;98
58;115;223;125;98
58;28;250;127;123
58;1508;188;109;79
58;1421;190;104;86
58;1334;185;110;75
58;1247;164;71;93
58;1160;186;109;77
58;1073;168;91;77
58;986;190;95;95
58;899;205;106;99
58;812;167;87;80
58;725;142;66;76
58;638;194;100;94
58;551;176;90;86
58;464;179;84;95
58;377;213;128;85
58;290;208;109;99
58;203;218;122;96
58;116;248;127;121
58;29;226;117;109
58;1509;173;98;75
58;1422;182;106;76
58;1335;161;70;91
58;1248;181;102;79
58;1161;167;88;79
58;1074;178;86;92
58;987;189;104;85
58;900;169;85;84
58;813;141;63;78
58;726;192;100;92
58;639;173;92;81
58;552;178;84;94
58;465;208;125;83
58;378;205;109;96
58;291;210;118;92
58;204;244;125;119
58;117;226;116;110
58;30;239;118;121
58;1510;176;105;71
58;1423;160;70;90
58;1336;177;106;71
58;1249;169;88;81
58;1162;172;89;83
58;1075;185;103;82
58;988;164;88;76
58;901;175;99;76
58;814;179;94;85
58;727;168;90;78
58;640;180;84;96
58;553;212;127;85
58;466;200;109;91
58;379;211;120;91
58;292;238;122;116
58;205;225;115;110
58;118;236;116;120
58;31;270;126;144
58;1511;145;63;82
58;1424;167;103;64
58;1337;169;86;83
58;1250;166;87;79
58;1163;176;100;76
58;1076;159;85;74
58;989;171;98;73
58;902;202;110;92
58;815;169;92;77
58;728;174;80;94
58;641;212;128;84
58;554;197;107;90
58;467;209;118;91
58;380;234;119;115
58;293;216;109;107
58;206;229;112;117
58;119;262;124;138
58;32;291;147;144
58;1512;162;100;62
58;1425;164;85;79
58;1338;166;87;79
58;1251;169;96;73
58;1164;159;84;75
58;1077;161;93;68
58;990;196;106;90
58;903;193;99;94
58;816;171;78;93
58;729;207;127;80
58;642;197;108;89
58;555;209;117;92
58;468;231;117;114
58;381;206;102;104
58;294;225;109;116
58;207;256;118;138
58;120;289;145;144
58;33;278;149;129
58;1513;163;84;79
58;1426;162;81;81
58;1339;161;91;70
58;1252;160;87;73
58;1165;156;91;65
58;1078;190;105;85
58;991;194;100;94
58;904;181;81;100
58;817;199;121;78
58;730;189;104;85
58;643;206;116;90
58;556;231;116;115
58;469;195;96;99
58;382;221;104;117
58;295;262;123;139
58;208;281;143;138
58;121;277;149;128
58;34;293;158;135
58;1514;154;78;76
58;1427;153;88;65
58;1340;149;80;69
58;1253;154;88;66
58;1166;188;104;84
58;1079;184;93;91
58;992;176;83;93
58;905;210;111;99
58;818;183;103;80
58;731;203;115;88
58;644;229;114;115
58;557;201;102;99
58;470;217;103;114
58;383;258;122;136
58;296;276;140;136
58;209;277;148;129
58;122;290;157;133
58;35;285;132;153
58;1515;151;84;67
58;1428;149;82;67
58;1341;151;89;62
58;1254;180;99;81
58;1167;182;92;90
58;1080;168;80;88
58;993;211;113;98
58;906;199;109;90
58;819;194;108;86
58;732;220;108;112
58;645;202;104;98
58;558;216;102;114
58;471;262;125;137
58;384;275;138;137
58;297;279;149;130
58;210;287;156;131
58;123;285;134;151
58;36;255;134;121
58;1516;146;78;68
58;1429;148;88;60
58;1342;177;100;77
58;1255;181;96;85
58;1168;169;79;90
58;1081;214;117;97
58;994;196;110;86
58;907;206;111;95
58;820;220;109;111
58;733;199;103;96
58;646;213;103;110
58;559;260;122;138
58;472;269;134;135
58;385;274;146;128
58;298;281;152;129
58;211;279;129;150
58;124;253;133;120
58;37;302;150;152
58;1517;145;86;59
58;1430;173;92;81
58;1343;174;93;81
58;1256;172;84;88
58;1169;209;114;95
58;1082;190;105;85
58;995;204;110;94
58;908;254;126;128
58;821;193;98;95
58;734;211;101;110
58;647;257;117;140
58;560;265;130;135
58;473;276;150;126
58;386;276;150;126
58;299;277;127;150
58;212;251;132;119
58;125;299;148;151
58;38;320;179;141
58;1518;169;89;80
58;1431;169;90;79
58;1344;167;82;85
58;1257;206;113;93
58;1170;189;105;84
58;1083;204;110;94
58;996;250;122;128
58;909;212;110;102
58;822;208;97;111
58;735;253;114;139
58;648;264;128;136
58;561;272;146;126
58;474;273;148;125
58;387;272;126;146
58;300;246;129;117
58;213;296;148;148
58;126;316;176;140
58;39;323;166;157
58;1519;169;90;79
58;1432;168;84;84
58;1345;203;111;92
58;1258;187;103;84
58;1171;199;105;94
58;1084;241;118;123
58;997;207;106;101
58;910;240;118;122
58;823;248;113;135
58;736;263;128;135
58;649;277;151;126
58;562;270;146;124
58;475;267;122;145
58;388;244;129;115
58;301;291;143;148
58;214;313;174;139
58;127;318;162;156
58;40;336;182;154
58;1520;161;78;83
58;1433;195;105;90
58;1346;188;107;81
58;1259;198;105;93
58;1172;237;117;120
58;1085;206;106;100
58;998;238;115;123
58;911;255;120;135
58;824;260;126;134
58;737;280;154;126
58;650;271;146;125
58;563;262;120;142
58;476;243;126;117
58;389;294;145;149
58;302;308;171;137
58;215;316;163;153
58;128;331;177;154
58;41;294;152;142
58;1521;194;105;89
58;1434;186;105;81
58;1347;194;101;93
58;1260;231;115;116
58;1173;199;100;99
58;1086;234;112;122
58;999;250;115;135
58;912;289;143;146
58;825;279;153;126
58;738;267;141;126
58;651;261;119;142
58;564;238;121;117
58;477;292;143;149
58;390;306;171;135
58;303;313;162;151
58;216;331;177;154
58;129;296;153;143
58;42;305;154;151
58;1522;181;102;79
58;1435;189;99;90
58;1348;231;114;117
58;1261;196;99;97
58;1174;234;113;121
58;1087;248;113;135
58;1000;285;141;144
58;913;278;156;122
58;826;266;141;125
58;739;259;117;142
58;652;234;120;114
58;565;289;142;147
58;478;304;169;135
58;391;316;164;152
58;304;325;175;150
58;217;293;152;141
58;130;302;154;148
58;43;269;132;137
58;1523;191;104;87
58;1436;223;111;112
58;1349;196;98;98
58;1262;237;118;119
58;1175;248;113;135
58;1088;285;142;143
58;1001;276;153;123
58;914;277;146;131
58;827;263;117;146
58;740;236;121;115
58;653;292;146;146
58;566;300;164;136
58;479;313;163;150
58;392;328;176;152
58;305;292;149;143
58;218;300;151;149
58;131;271;134;137
58;44;246;125;121
58;1524;221;108;113
58;1437;191;94;97
58;1350;240;120;120
58;1263;244;111;133
58;1176;284;143;141
58;1089;272;152;120
58;1002;271;143;128
58;915;271;124;147
58;828;229;116;113
58;741;293;146;147
58;654;296;161;135
58;567;310;161;149
58;480;327;178;149
58;393;293;146;147
58;306;296;146;150
58;219;269;133;136
58;132;244;124;120
58;45;262;139;123
58;1525;187;91;96
58;1438;236;117;119
58;1351;242;113;129
58;1264;281;141;140
58;1177;272;152;120
58;1090;271;142;129
58;1003;269;123;146
58;916;224;105;119
58;829;287;140;147
58;742;297;163;134
58;655;307;160;147
58;568;321;175;146
58;481;287;143;144
58;394;294;145;149
58;307;274;135;139
58;220;246;125;121
58;133;258;136;122
58;46;242;121;121
58;1526;238;118;120
58;1439;237;112;125
58;1352;283;143;140
58;1265;261;144;117
58;1178;269;143;126
58;1091;270;122;148
58;1004;219;101;118
58;917;276;139;137
58;830;292;157;135
58;743;305;160;145
58;656;317;171;146
58;569;286;141;145
58;482;293;143;150
58;395;273;135;138
58;308;246;126;120
58;221;254;133;121
58;134;238;120;118
58;47;237;123;114
58;1527;234;110;124
58;1440;281;143;138
58;1353;257;144;113
58;1266;274;145;129
58;1179;268;120;148
58;1092;218;97;121
58;1005;269;135;134
58;918;291;157;134
58;831;301;157;144
58;744;323;177;146
58;657;283;138;145
58;570;287;140;147
58;483;272;134;138
58;396;242;124;118
58;309;257;135;122
58;222;236;119;117
58;135;236;126;110
58;48;227;102;125
58;1528;279;141;138
58;1441;254;140;114
58;1354;269;142;127
58;1267;268;120;148
58;1180;216;95;121
58;1093;260;130;130
58;1006;286;153;133
58;919;313;160;153
58;832;320;175;145
58;745;279;138;141
58;658;286;137;149
58;571;267;130;137
58;484;241;125;116
58;397;255;133;122
58;310;234;119;115
58;223;235;125;110
58;136;227;102;125
58;49;239;115;124
58;1529;250;137;113
58;1442;264;140;124
58;1355;266;119;147
58;1268;215;97;118
58;1181;261;131;130
58;1094;286;154;132
58;1007;308;157;151
58;920;314;166;148
58;833;278;138;140
58;746;291;140;151
58;659;263;128;135
58;572;242;123;119
58;485;250;131;119
58;398;229;116;113
58;311;236;126;110
58;224;226;101;125
58;137;236;113;123
58;50;223;119;104
58;1530;266;142;124
58;1443;268;120;148
58;1356;211;95;116
58;1269;259;128;131
58;1182;280;150;130
58;1095;309;159;150
58;1008;313;167;146
58;921;274;139;135
58;834;284;134;150
58;747;265;129;136
58;660;240;121;119
58;573;252;132;120
58;486;227;115;112
58;399;232;123;109
58;312;222;98;124
58;225;235;111;124
58;138;222;117;105
58;51;240;109;131
58;1531;264;117;147
58;1444;213;96;117
58;1357;256;128;128
58;1270;277;148;129
58;1183;309;160;149
58;1096;304;162;142
58;1009;273;138;135
58;922;281;139;142
58;835;261;126;135
58;748;232;115;117
58;661;249;129;120
58;574;231;118;113
58;487;231;122;109
58;400;219;96;123
58;313;234;111;123
58;226;215;111;104
58;139;236;108;128
58;52;274;130;144
58;1532;210;92;118
58;1445;255;127;128
58;1358;274;147;127
58;1271;304;158;146
58;1184;300;157;143
58;1097;269;136;133
58;1010;278;138;140
58;923;256;118;138
58;836;231;115;116
58;749;245;127;118
58;662;233;118;115
58;575;230;123;107
58;488;215;95;120
58;401;233;111;122
58;314;213;109;104
58;227;239;110;129
58;140;268;125;143
58;53;216;110;106
58;1533;254;127;127
58;1446;270;144;126
58;1359;300;154;146
58;1272;304;161;143
58;1185;265;135;130
58;1098;279;136;143
58;1011;252;116;136
58;924;227;114;113
58;837;240;123;117
58;750;229;114;115
58;663;226;120;106
58;576;216;95;121
58;489;230;108;122
58;402;213;107;106
58;315;237;109;128
58;228;265;121;144
58;141;216;110;106
58;54;206;102;104
58;1534;270;141;129
58;1447;293;151;142
58;1360;297;155;142
58;1273;265;134;131
58;1186;279;136;143
58;1099;253;118;135
58;1012;225;114;111
58;925;250;123;127
58;838;224;112;112
58;751;217;114;103
58;664;213;93;120
58;577;230;106;124
58;490;211;105;106
58;403;238;109;129
58;316;262;120;142
58;229;214;109;105
58;142;203;100;103
58;55;207;96;111
58;1535;287;147;140
58;1448;294;154;140
58;1361;262;130;132
58;1274;274;133;141
58;1187;251;116;135
58;1100;225;111;114
58;1013;245;118;127
58;926;226;112;114
58;839;208;108;100
58;752;206;87;119
58;665;226;104;122
58;578;208;102;106
58;491;241;109;132
58;404;260;118;142
58;317;209;106;103
58;230;202;98;104
58;143;203;93;110
58;56;208;100;108
58;1536;292;154;138
58;1449;260;130;130
58;1362;273;132;141
58;1275;249;116;133
58;1188;220;108;112
58;1101;236;109;127
58;1014;225;112;113
58;927;214;112;102
58;840;204;85;119
58;753;219;100;119
58;666;201;98;103
58;579;239;107;132
58;492;257;118;139
58;405;210;107;103
58;318;201;97;104
58;231;202;92;110
58;144;206;99;107
58;57;211;101;110
58;1537;263;133;130
58;1450;274;132;142
58;1363;242;110;132
58;1276;224;112;112
58;1189;232;108;124
58;1102;225;114;111
58;1015;209;109;100
58;928;209;86;123
58;841;217;100;117
58;754;198;97;101
58;667;230;101;129
58;580;251;112;139
58;493;209;105;104
58;406;198;96;102
58;319;201;89;112
58;232;204;97;107
58;145;209;100;109
58;58;238;115;123
58;1538;270;130;140
58;1451;238;108;130
58;1364;221;109;112
58;1277;234;108;126
58;1190;223;115;108
58;1103;205;106;99
58;1016;209;86;123
58;929;217;103;114
58;842;192;93;99
58;755;227;99;128
58;668;247;110;137
58;581;208;102;106
58;494;194;95;99
58;407;200;88;112
58;320;199;94;105
58;233;203;96;107
58;146;236;114;122
58;59;256;114;142
58;1539;241;110;131
58;1452;219;110;109
58;1365;229;105;124
58;1278;215;107;108
58;1191;205;106;99
58;1104;206;82;124
58;1017;211;99;112
58;930;196;94;102
58;843;220;94;126
58;756;244;109;135
58;669;201;97;104
58;582;194;94;100
58;495;198;89;109
58;408;200;93;107
58;321;202;94;108
58;234;231;112;119
58;147;252;109;143
58;60;218;93;125
58;1540;212;105;107
58;1453;230;106;124
58;1366;208;102;106
58;1279;201;104;97
58;1192;197;76;121
58;1105;205;94;111
58;1018;194;93;101
58;931;209;88;121
58;844;239;104;135
58;757;195;93;102
58;670;192;93;99
58;583;196;88;108
58;496;196;91;105
58;409;202;95;107
58;322;229;107;122
58;235;243;104;139
58;148;217;92;125
58;61;220;97;123
58;1541;227;101;126
58;1454;205;100;105
58;1367;197;103;94
58;1280;196;76;120
58;1193;204;92;112
58;1106;189;91;98
58;1019;206;85;121
58;932;242;99;143
58;845;191;90;101
58;758;187;88;99
58;671;193;86;107
58;584;191;86;105
58;497;198;91;107
58;410;223;104;119
58;323;240;101;139
58;236;213;92;121
58;149;217;95;122
58;62;223;97;126
58;1542;200;100;100
58;1455;195;101;94
58;1368;194;77;117
58;1281;200;89;111
58;1194;189;91;98
58;1107;206;84;122
58;1020;233;93;140
58;933;195;89;106
58;846;187;86;101
58;759;189;83;106
58;672;183;79;104
58;585;193;87;106
58;498;215;99;116
58;411;237;101;136
58;324;207;87;120
58;237;219;95;124
58;150;220;95;125
58;63;226;96;130
58;1543;193;101;92
58;1456;192;76;116
58;1369;199;88;111
58;1282;186;87;99
58;1195;199;81;118
58;1108;233;92;141
58;1021;193;88;105
58;934;178;81;97
58;847;186;80;106
58;760;182;79;103
58;673;184;82;102
58;586;210;96;114
58;499;230;97;133
58;412;209;88;121
58;325;215;93;122
58;238;220;95;125
58;151;226;95;131
58;64;210;81;129
58;1544;191;75;116
58;1457;199;87;112
58;1370;178;81;97
58;1283;201;83;118
58;1196;230;89;141
58;1109;192;87;105
58;1022;174;78;96
58;935;178;71;107
58;848;175;72;103
58;761;181;79;102
58;674;200;88;112
58;587;229;97;132
58;500;207;86;121
58;413;212;92;120
58;326;211;86;125
58;239;226;96;130
58;152;212;80;132
58;65;293;110;183
58;1545;197;85;112
58;1458;170;76;94
58;1371;196;80;116
58;1284;223;85;138
58;1197;183;83;100
58;1110;169;76;93
58;1023;174;68;106
58;936;167;71;96
58;849;170;73;97
58;762;191;83;108
58;675;221;91;130
58;588;201;82;119
58;501;207;90;117
58;414;204;83;121
58;327;223;93;130
58;240;209;78;131
58;153;286;106;180
58;66;246;95;151
58;1546;164;73;91
58;1459;190;77;113
58;1372;222;85;137
58;1285;179;81;98
58;1198;168;75;93
58;1111;170;67;103
58;1024;161;68;93
58;937;179;71;108
58;850;188;81;107
58;763;218;91;127
58;676;190;73;117
58;589;202;87;115
58;502;196;80;116
58;415;224;94;130
58;328;209;76;133
58;241;285;104;181
58;154;241;92;149
58;67;233;99;134
58;1547;189;76;113
58;1460;219;83;136
58;1373;174;78;96
58;1286;164;70;94
58;1199;170;65;105
58;1112;157;64;93
58;1025;175;68;107
58;938;174;75;99
58;851;212;85;127
58;764;185;69;116
58;677;198;83;115
58;590;186;74;112
58;503;218;89;129
58;416;206;73;133
58;329;283;104;179
58;242;235;88;147
58;155;226;97;129
58;68;227;90;137
58;1548;217;81;136
58;1461;172;78;94
58;1374;160;67;93
58;1287;164;60;104
58;1200;151;61;90
58;1113;170;64;106
58;1026;165;69;96
58;939;204;82;122
58;852;179;65;114
58;765;192;79;113
58;678;178;70;108
58;591;215;87;128
58;504;205;72;133
58;417;280;103;177
58;330;238;88;150
58;243;217;91;126
58;156;223;88;135
58;69;257;81;176
58;1549;167;74;93
58;1462;156;65;91
58;1375;158;55;103
58;1288;149;59;90
58;1201;168;63;105
58;1114;158;66;92
58;1027;194;75;119
58;940;172;56;116
58;853;188;76;112
58;766;170;65;105
58;679;206;82;124
58;592;197;65;132
58;505;276;103;173
58;418;230;83;147
58;331;220;93;127
58;244;220;85;135
58;157;251;78;173
58;70;222;92;130
58;1550;155;65;90
58;1463;152;50;102
58;1376;144;54;90
58;1289;163;58;105
58;1202;152;61;91
58;1115;190;71;119
58;1028;167;52;115
58;941;185;73;112
58;854;165;62;103
58;767;196;76;120
58;680;189;59;130
58;593;267;98;169
58;506;225;79;146
58;419;219;94;125
58;332;216;79;137
58;245;243;72;171
58;158;218;90;128
58;71;207;60;147
58;1551;152;49;103
58;1464;139;50;89
58;1377;156;51;105
58;1290;146;58;88
58;1203;187;68;119
58;1116;162;50;112
58;1029;180;68;112
58;942;155;59;96
58;855;190;73;117
58;768;179;51;128
58;681;253;86;167
58;594;220;74;146
58;507;205;86;119
58;420;212;76;136
58;333;239;69;170
58;246;213;87;126
58;159;208;59;149
58;72;215;78;137
58;1552;132;46;86
58;1465;152;49;103
58;1378;141;53;88
58;1291;179;62;117
58;1204;159;49;110
58;1117;174;63;111
58;1030;152;57;95
58;943;172;61;111
58;856;173;50;123
58;769;242;80;162
58;682;210;65;145
58;595;195;76;119
58;508;206;73;133
58;421;232;62;170
58;334;204;81;123
58;247;201;54;147
58;160;210;74;136
58;73;210;54;156
58;1553;151;48;103
58;1466;142;53;89
58;1379;170;56;114
58;1292;151;43;108
58;1205;167;58;109
58;1118;149;56;93
58;1031;161;57;104
58;944;172;51;121
58;857;232;78;154
58;770;205;63;142
58;683;189;72;117
58;596;192;64;128
58;509;223;57;166
58;422;201;80;121
58;335;194;51;143
58;248;206;74;132
58;161;199;52;147
58;74;188;71;117
58;1554;141;53;88
58;1467;165;54;111
58;1380;144;41;103
58;1293;163;56;107
58;1206;139;51;88
58;1119;153;53;100
58;1032;172;50;122
58;945;207;67;140
58;858;197;60;137
58;771;181;67;114
58;684;182;60;122
58;597;213;53;160
58;510;191;78;113
58;423;193;50;143
58;336;203;71;132
58;249;193;47;146
58;162;186;69;117
58;75;187;71;116
58;1555;156;51;105
58;1468;137;36;101
58;1381;158;53;105
58;1294;135;48;87
58;1207;145;49;96
58;1120;166;48;118
58;1033;202;65;137
58;946;180;54;126
58;859;179;64;115
58;772;173;57;116
58;685;199;46;153
58;598;184;75;109
58;511;183;47;136
58;424;205;70;135
58;337;184;45;139
58;250;175;62;113
58;163;177;65;112
58;76;196;56;140
58;1556;130;33;97
58;1469;150;49;101
58;1382;133;46;87
58;1295;138;44;94
58;1208;163;45;118
58;1121;191;62;129
58;1034;170;48;122
58;947;161;58;103
58;860;159;49;110
58;773;193;44;149
58;686;177;72;105
58;599;179;48;131
58;512;199;67;132
58;425;171;41;130
58;338;174;58;116
58;251;171;60;111
58;164;187;53;134
58;77;168;48;120
58;1557;142;46;96
58;1470;131;45;86
58;1383;135;43;92
58;1296;149;40;109
58;1209;181;59;122
58;1122;164;47;117
58;1035;151;54;97
58;948;143;42;101
58;861;188;43;145
58;774;170;69;101
58;687;172;44;128
58;600;182;60;122
58;513;166;40;126
58;426;166;55;111
58;339;160;55;105
58;252;179;46;133
58;165;166;48;118
58;78;143;47;96
58;1558;125;41;84
58;1471;126;39;87
58;1384;144;40;104
58;1297;175;58;117
58;1210;155;41;114
58;1123;145;50;95
58;1036;139;39;100
58;949;156;36;120
58;862;166;69;97
58;775;159;36;123
58;688;173;53;120
58;601;160;37;123
58;514;157;49;108
58;427;153;50;103
58;340;163;41;122
58;253;152;39;113
58;166;134;41;93
58;79;145;53;92
58;1559;118;36;82
58;1472;136;38;98
58;1385;168;55;113
58;1298;146;37;109
58;1211;133;45;88
58;1124;127;34;93
58;1037;149;35;114
58;950;140;56;84
58;863;149;34;115
58;776;163;50;113
58;689;152;35;117
58;602;146;41;105
58;515;143;48;95
58;428;154;39;115
58;341;142;37;105
58;254;129;40;89
58;167;138;52;86
58;80;130;43;87
58;1560;125;34;91
58;1473;162;51;111
58;1386;133;31;102
58;1299;124;40;84
58;1212;115;30;85
58;1125;136;32;104
58;1038;124;50;74
58;951;119;27;92
58;864;149;45;104
58;777;136;29;107
58;690;135;41;94
58;603;129;42;87
58;516;148;38;110
58;429;131;31;100
58;342;121;37;84
58;255;132;46;86
58;168;119;38;81
58;81;113;33;80
58;1561;153;48;105
58;1474;128;28;100
58;1387;117;36;81
58;1300;106;27;79
58;1213;122;24;98
58;1126;118;47;71
58;1039;108;24;84
58;952;128;36;92
58;865;122;29;93
58;778;122;35;87
58;691;121;39;82
58;604;139;37;102
58;517;128;29;99
58;430;118;37;81
58;343;121;43;78
58;256;111;35;76
58;169;105;27;78
58;82;90;21;69
58;1562;114;23;91
58;1475;108;31;77
58;1388;99;23;76
58;1301;107;20;87
58;1214;105;40;65
58;1127;101;24;77
58;1040;117;31;86
58;953;102;24;78
58;866;111;30;81
58;779;113;38;75
58;692;119;26;93
58;605;114;23;91
58;518;115;33;82
58;431;110;40;70
58;344;105;32;73
58;257;100;26;74
58;170;85;21;64
58;83;51;14;37
58;1563;97;28;69
58;1476;90;20;70
58;1389;96;17;79
58;1302;91;34;57
58;1215;93;23;70
58;1128;110;28;82
58;1041;92;20;72
58;954;96;25;71
58;867;100;31;69
58;780;107;23;84
58;693;106;21;85
58;606;103;32;71
58;519;99;37;62
58;432;93;25;68
58;345;96;24;72
58;258;79;18;61
58;171;46;12;34
58;84;45;14;31
58;1564;80;17;63
58;1477;87;12;75
58;1390;87;31;56
58;1303;87;23;64
58;1216;100;20;80
58;1129;79;17;62
58;1042;87;24;63
58;955;80;22;58
58;868;100;23;77
58;781;97;19;78
58;694;89;29;60
58;607;89;30;59
58;520;83;21;62
58;433;87;22;65
58;346;77;16;61
58;259;41;11;30
58;172;46;14;32
58;85;41;7;34
58;1565;428;92;336
58;1478;418;97;321
58;1391;403;86;317
58;1304;394;82;312
58;1217;385;78;307
58;1130;393;90;303
58;1043;372;81;291
58;956;378;82;296
58;869;370;80;290
58;782;358;92;266
58;695;342;82;260
58;608;316;76;240
58;521;289;60;229
58;434;271;59;212
58;347;247;57;190
58;260;256;58;198
58;173;292;75;217
58;86;300;79;221
58;1566;15570;7375;8195
58;1479;15863;7494;8369
58;1392;16074;7606;8468
58;1305;16333;7729;8604
58;1218;16599;7817;8782
58;1131;16908;7958;8950
58;1044;17225;8096;9129
58;957;17659;8282;9377
58;870;18166;8513;9653
58;783;18461;8670;9791
58;696;18752;8787;9965
58;609;18999;8928;10071
58;522;19239;9068;10171
58;435;19529;9200;10329
58;348;19677;9269;10408
58;261;19869;9385;10484
58;174;20081;9494;10587
58;87;20223;9556;10667
59;1480;155;81;74
59;1393;192;96;96
59;1306;214;99;115
59;1219;166;78;88
59;1132;157;68;89
59;1045;186;91;95
59;958;160;75;85
59;871;137;55;82
59;784;208;119;89
59;697;194;93;101
59;610;163;89;74
59;523;163;76;87
59;436;194;99;95
59;349;228;107;121
59;262;234;126;108
59;175;213;110;103
59;88;241;118;123
59;1;273;137;136
59;1481;187;90;97
59;1394;204;92;112
59;1307;158;74;84
59;1220;155;67;88
59;1133;170;86;84
59;1046;154;71;83
59;959;129;51;78
59;872;166;89;77
59;785;189;90;99
59;698;160;86;74
59;611;163;75;88
59;524;191;98;93
59;437;222;104;118
59;350;232;127;105
59;263;216;111;105
59;176;242;119;123
59;89;272;135;137
59;2;303;150;153
59;1482;190;86;104
59;1395;162;75;87
59;1308;154;67;87
59;1221;164;80;84
59;1134;153;73;80
59;1047;124;46;78
59;960;165;90;75
59;873;161;75;86
59;786;156;85;71
59;699;159;72;87
59;612;188;98;90
59;525;219;105;114
59;438;228;123;105
59;351;216;111;105
59;264;240;118;122
59;177;270;136;134
59;90;300;151;149
59;3;304;153;151
59;1483;161;71;90
59;1396;148;66;82
59;1309;158;77;81
59;1222;147;70;77
59;1135;122;45;77
59;1048;153;80;73
59;961;154;75;79
59;874;154;88;66
59;787;161;73;88
59;700;182;94;88
59;613;213;103;110
59;526;215;118;97
59;439;212;111;101
59;352;236;116;120
59;265;271;135;136
59;178;302;153;149
59;91;303;153;150
59;4;335;168;167
59;1484;150;66;84
59;1397;160;79;81
59;1310;148;71;77
59;1223;122;45;77
59;1136;154;82;72
59;1049;145;73;72
59;962;150;85;65
59;875;134;62;72
59;788;180;93;87
59;701;204;102;102
59;614;209;113;96
59;527;208;111;97
59;440;233;115;118
59;353;265;133;132
59;266;300;151;149
59;179;304;152;152
59;92;332;166;166
59;5;331;159;172
59;1485;159;76;83
59;1398;143;68;75
59;1311;120;45;75
59;1224;153;81;72
59;1137;141;71;70
59;1050;145;84;61
59;963;133;60;73
59;876;162;85;77
59;789;201;100;101
59;702;200;107;93
59;615;208;111;97
59;528;230;113;117
59;441;260;130;130
59;354;294;148;146
59;267;307;153;154
59;180;330;167;163
59;93;328;157;171
59;6;357;195;162
59;1486;143;68;75
59;1399;117;41;76
59;1312;147;78;69
59;1225;145;69;76
59;1138;142;81;61
59;1051;129;59;70
59;964;158;85;73
59;877;184;92;92
59;790;196;103;93
59;703;205;111;94
59;616;223;109;114
59;529;258;129;129
59;442;288;145;143
59;355;307;154;153
59;268;333;167;166
59;181;330;159;171
59;94;356;193;163
59;7;348;201;147
59;1487;113;40;73
59;1400;145;76;69
59;1313;148;68;80
59;1226;142;80;62
59;1139;127;58;69
59;1052;151;81;70
59;965;180;90;90
59;878;198;106;92
59;791;205;110;95
59;704;220;109;111
59;617;255;128;127
59;530;283;142;141
59;443;303;153;150
59;356;329;167;162
59;269;328;157;171
59;182;356;194;162
59;95;345;199;146
59;8;396;207;189
59;1488;146;77;69
59;1401;150;70;80
59;1314;139;81;58
59;1227;128;57;71
59;1140;148;80;68
59;1053;176;87;89
59;966;197;103;94
59;879;192;100;92
59;792;216;106;110
59;705;249;124;125
59;618;279;139;140
59;531;298;152;146
59;444;324;165;159
59;357;322;154;168
59;270;354;193;161
59;183;343;198;145
59;96;394;206;188
59;9;460;246;214
59;1489;150;72;78
59;1402;136;80;56
59;1315;130;59;71
59;1228;147;80;67
59;1141;175;85;90
59;1054;196;104;92
59;967;191;101;90
59;880;200;89;111
59;793;247;121;126
59;706;278;137;141
59;619;299;152;147
59;532;324;165;159
59;445;318;154;164
59;358;350;189;161
59;271;345;202;143
59;184;394;205;189
59;97;460;244;216
59;10;474;235;239
59;1490;136;80;56
59;1403;130;59;71
59;1316;145;77;68
59;1229;176;86;90
59;1142;192;102;90
59;1055;186;97;89
59;968;194;85;109
59;881;256;128;128
59;794;272;134;138
59;707;293;148;145
59;620;317;159;158
59;533;314;152;162
59;446;342;187;155
59;359;341;199;142
59;272;393;204;189
59;185;455;242;213
59;98;468;234;234
59;11;493;235;258
59;1491;128;56;72
59;1404;144;77;67
59;1317;175;87;88
59;1230;192;102;90
59;1143;184;96;88
59;1056;192;84;108
59;969;253;126;127
59;882;261;129;132
59;795;296;151;145
59;708;313;160;153
59;621;312;149;163
59;534;337;186;151
59;447;333;197;136
59;360;390;202;188
59;273;456;243;213
59;186;466;232;234
59;99;490;234;256
59;12;490;243;247
59;1492;144;77;67
59;1405;175;88;87
59;1318;185;98;87
59;1231;181;95;86
59;1144;193;85;108
59;1057;250;124;126
59;970;259;126;133
59;883;277;138;139
59;796;312;158;154
59;709;306;148;158
59;622;334;185;149
59;535;331;198;133
59;448;384;202;182
59;361;452;240;212
59;274;458;227;231
59;187;482;231;251
59;100;481;239;242
59;13;470;231;239
59;1493;171;88;83
59;1406;185;99;86
59;1319;179;95;84
59;1232;192;84;108
59;1145;243;121;122
59;1058;254;124;130
59;971;274;135;139
59;884;316;162;154
59;797;306;149;157
59;710;333;185;148
59;623;330;197;133
59;536;377;197;180
59;449;442;234;208
59;362;456;226;230
59;275;477;228;249
59;188;472;235;237
59;101;464;227;237
59;14;470;239;231
59;1494;183;97;86
59;1407;179;95;84
59;1320;191;83;108
59;1233;243;121;122
59;1146;251;123;128
59;1059;265;132;133
59;972;314;160;154
59;885;308;147;161
59;798;334;184;150
59;711;330;196;134
59;624;372;197;175
59;537;437;235;202
59;450;451;224;227
59;363;473;227;246
59;276;466;232;234
59;189;457;224;233
59;102;465;236;229
59;15;486;251;235
59;1495;178;94;84
59;1408;189;83;106
59;1321;240;119;121
59;1234;249;124;125
59;1147;259;128;131
59;1060;308;157;151
59;973;304;143;161
59;886;319;176;143
59;799;332;195;137
59;712;366;195;171
59;625;432;230;202
59;538;447;222;225
59;451;455;217;238
59;364;457;228;229
59;277;451;220;231
59;190;457;231;226
59;103;481;248;233
59;16;478;251;227
59;1496;185;82;103
59;1409;240;119;121
59;1322;246;122;124
59;1235;255;126;129
59;1148;299;152;147
59;1061;294;137;157
59;974;318;176;142
59;887;324;191;133
59;800;363;191;172
59;713;427;227;200
59;626;449;223;226
59;539;444;215;229
59;452;443;221;222
59;365;443;215;228
59;278;448;228;220
59;191;471;244;227
59;104;469;246;223
59;17;441;225;216
59;1497;239;119;120
59;1410;246;122;124
59;1323;253;125;128
59;1236;294;149;145
59;1149;292;137;155
59;1062;313;174;139
59;975;324;190;134
59;888;368;198;170
59;801;426;225;201
59;714;446;223;223
59;627;439;212;227
59;540;434;214;220
59;453;429;207;222
59;366;436;222;214
59;279;462;241;221
59;192;461;241;220
59;105;433;221;212
59;18;412;201;211
59;1498;238;119;119
59;1411;250;122;128
59;1324;294;150;144
59;1237;291;138;153
59;1150;304;172;132
59;1063;320;190;130
59;976;363;196;167
59;889;409;213;196
59;802;441;220;221
59;715;439;215;224
59;628;429;209;220
59;541;417;202;215
59;454;417;214;203
59;367;449;234;215
59;280;452;237;215
59;193;427;217;210
59;106;400;196;204
59;19;306;165;141
59;1499;245;119;126
59;1412;286;148;138
59;1325;282;134;148
59;1238;298;172;126
59;1151;308;184;124
59;1064;350;192;158
59;977;392;203;189
59;890;348;184;164
59;803;431;210;221
59;716;422;205;217
59;629;410;199;211
59;542;406;209;197
59;455;424;222;202
59;368;435;228;207
59;281;420;214;206
59;194;393;191;202
59;107;301;164;137
59;20;241;147;94
59;1500;278;142;136
59;1413;273;132;141
59;1326;297;171;126
59;1239;299;179;120
59;1152;338;184;154
59;1065;387;202;185
59;978;333;177;156
59;891;305;166;139
59;804;419;203;216
59;717;401;197;204
59;630;394;204;190
59;543;408;211;197
59;456;409;212;197
59;369;416;212;204
59;282;380;185;195
59;195;297;161;136
59;108;236;143;93
59;21;228;129;99
59;1501;261;131;130
59;1414;292;168;124
59;1327;284;168;116
59;1240;324;177;147
59;1153;375;197;178
59;1066;308;168;140
59;979;294;163;131
59;892;317;170;147
59;805;390;193;197
59;718;373;198;175
59;631;390;203;187
59;544;389;204;185
59;457;388;196;192
59;370;366;180;186
59;283;293;162;131
59;196;235;145;90
59;109;228;130;98
59;22;241;136;105
59;1502;269;158;111
59;1415;279;165;114
59;1328;309;170;139
59;1241;368;192;176
59;1154;297;165;132
59;1067;277;154;123
59;980;298;163;135
59;893;295;158;137
59;806;369;190;179
59;719;378;199;179
59;632;377;201;176
59;545;369;184;185
59;458;341;171;170
59;371;287;157;130
59;284;230;143;87
59;197;226;129;97
59;110;246;134;112
59;23;240;135;105
59;1503;248;151;97
59;1416;290;163;127
59;1329;348;180;168
59;1242;282;160;122
59;1155;251;149;102
59;1068;284;154;130
59;981;276;151;125
59;894;275;156;119
59;807;360;192;168
59;720;364;195;169
59;633;351;177;174
59;546;326;164;162
59;459;271;152;119
59;372;222;141;81
59;285;218;129;89
59;198;251;138;113
59;111;241;136;105
59;24;273;155;118
59;1504;267;155;112
59;1417;317;167;150
59;1330;270;158;112
59;1243;223;140;83
59;1156;271;147;124
59;1069;251;144;107
59;982;237;145;92
59;895;230;140;90
59;808;343;185;158
59;721;334;174;160
59;634;312;162;150
59;547;256;148;108
59;460;213;142;71
59;373;208;124;84
59;286;249;137;112
59;199;234;135;99
59;112;268;149;119
59;25;283;144;139
59;1505;279;151;128
59;1418;227;135;92
59;1331;207;126;81
59;1244;254;143;111
59;1157;227;133;94
59;1070;214;131;83
59;983;208;127;81
59;896;222;132;90
59;809;315;165;150
59;722;292;157;135
59;635;248;141;107
59;548;197;136;61
59;461;197;117;80
59;374;227;124;103
59;287;229;133;96
59;200;254;141;113
59;113;276;139;137
59;26;272;149;123
59;1506;199;121;78
59;1419;169;108;61
59;1332;227;133;94
59;1245;193;115;78
59;1158;197;122;75
59;1071;172;114;58
59;984;197;116;81
59;897;199;120;79
59;810;267;146;121
59;723;229;132;97
59;636;177;127;50
59;549;184;109;75
59;462;212;116;96
59;375;206;127;79
59;288;244;138;106
59;201;274;141;133
59;114;260;143;117
59;27;267;132;135
59;1507;137;92;45
59;1420;197;117;80
59;1333;185;108;77
59;1246;179;117;62
59;1159;151;106;45
59;1072;158;101;57
59;985;167;103;64
59;898;161;82;79
59;811;208;122;86
59;724;166;123;43
59;637;172;103;69
59;550;197;109;88
59;463;191;118;73
59;376;222;124;98
59;289;263;135;128
59;202;249;136;113
59;115;255;122;133
59;28;276;140;136
59;1508;167;103;64
59;1421;163;99;64
59;1334;166;114;52
59;1247;137;102;35
59;1160;137;87;50
59;1073;135;90;45
59;986;147;75;72
59;899;151;80;71
59;812;150;115;35
59;725;156;92;64
59;638;185;107;78
59;551;181;114;67
59;464;212;116;96
59;377;244;126;118
59;290;231;126;105
59;203;246;115;131
59;116;270;133;137
59;29;273;124;149
59;1509;140;87;53
59;1422;137;100;37
59;1335;120;94;26
59;1248;118;70;48
59;1161;121;81;40
59;1074;140;74;66
59;987;125;68;57
59;900;152;85;67
59;813;141;86;55
59;726;170;100;70
59;639;162;100;62
59;552;194;104;90
59;465;230;117;113
59;378;223;124;99
59;291;234;109;125
59;204;261;129;132
59;117;259;115;144
59;30;326;170;156
59;1510;112;90;22
59;1423;104;88;16
59;1336;107;63;44
59;1249;109;71;38
59;1162;123;64;59
59;1075;117;64;53
59;988;144;79;65
59;901;160;79;81
59;814;159;93;66
59;727;160;99;61
59;640;182;95;87
59;553;219;109;110
59;466;205;113;92
59;379;222;102;120
59;292;249;121;128
59;205;257;114;143
59;118;321;168;153
59;31;328;165;163
59;1511;87;75;12
59;1424;84;55;29
59;1337;97;62;35
59;1250;114;58;56
59;1163;106;59;47
59;1076;128;72;56
59;989;152;78;74
59;902;172;93;79
59;815;154;92;62
59;728;177;94;83
59;641;207;105;102
59;554;197;109;88
59;467;209;96;113
59;380;245;121;124
59;293;244;108;136
59;206;314;164;150
59;119;317;160;157
59;32;311;149;162
59;1512;66;43;23
59;1425;75;47;28
59;1338;102;57;45
59;1251;96;48;48
59;1164;116;63;53
59;1077;146;76;70
59;990;166;87;79
59;903;180;92;88
59;816;168;91;77
59;729;200;101;99
59;642;192;105;87
59;555;203;91;112
59;468;236;116;120
59;381;232;108;124
59;294;307;156;151
59;207;313;159;154
59;120;304;147;157
59;33;329;166;163
59;1513;69;44;25
59;1426;91;51;40
59;1339;85;43;42
59;1252;109;55;54
59;1165;140;78;62
59;1078;152;77;75
59;991;166;86;80
59;904;206;96;110
59;817;200;102;98
59;730;172;95;77
59;643;191;84;107
59;556;223;108;115
59;469;226;105;121
59;382;300;154;146
59;295;305;154;151
59;208;299;144;155
59;121;325;162;163
59;34;352;173;179
59;1514;81;44;37
59;1427;78;39;39
59;1340;99;48;51
59;1253;140;75;65
59;1166;144;73;71
59;1079;163;79;84
59;992;196;96;100
59;905;219;107;112
59;818;162;86;76
59;731;188;83;105
59;644;218;106;112
59;557;222;103;119
59;470;292;148;144
59;383;296;150;146
59;296;298;143;155
59;209;320;160;160
59;122;344;165;179
59;35;349;181;168
59;1515;68;35;33
59;1428;93;48;45
59;1341;132;69;63
59;1254;139;69;70
59;1167;158;76;82
59;1080;191;94;97
59;993;210;105;105
59;906;214;109;105
59;819;181;77;104
59;732;212;105;107
59;645;223;103;120
59;558;283;144;139
59;471;287;146;141
59;384;284;136;148
59;297;319;159;160
59;210;334;161;173
59;123;343;176;167
59;36;376;191;185
59;1516;86;40;46
59;1429;125;62;63
59;1342;134;67;67
59;1255;152;70;82
59;1168;185;90;95
59;1081;193;97;96
59;994;203;100;103
59;907;223;107;116
59;820;207;104;103
59;733;215;97;118
59;646;284;148;136
59;559;280;143;137
59;472;276;132;144
59;385;312;155;157
59;298;327;158;169
59;211;333;171;162
59;124;370;187;183
59;37;365;183;182
59;1517;119;57;62
59;1430;127;67;60
59;1343;142;62;80
59;1256;181;89;92
59;1169;185;92;93
59;1082;197;95;102
59;995;218;105;113
59;908;227;103;124
59;821;211;96;115
59;734;278;143;135
59;647;278;142;136
59;560;267;128;139
59;473;306;153;153
59;386;321;156;165
59;299;330;167;163
59;212;364;184;180
59;125;361;181;180
59;38;351;171;180
59;1518;117;61;56
59;1431;141;62;79
59;1344;172;83;89
59;1257;183;92;91
59;1170;189;90;99
59;1083;214;103;111
59;996;223;102;121
59;909;249;115;134
59;822;274;137;137
59;735;272;139;133
59;648;265;125;140
59;561;299;149;150
59;474;311;150;161
59;387;321;163;158
59;300;359;181;178
59;213;360;180;180
59;126;344;164;180
59;39;365;197;168
59;1519;131;57;74
59;1432;173;83;90
59;1345;179;91;88
59;1258;188;91;97
59;1171;211;103;108
59;1084;218;100;118
59;997;242;112;130
59;910;290;152;138
59;823;266;132;134
59;736;254;121;133
59;649;289;145;144
59;562;313;153;160
59;475;312;157;155
59;388;350;176;174
59;301;359;178;181
59;214;337;161;176
59;127;353;189;164
59;40;372;193;179
59;1520;164;78;86
59;1433;180;90;90
59;1346;179;87;92
59;1259;208;104;104
59;1172;210;96;114
59;1085;241;113;128
59;998;279;147;132
59;911;300;145;155
59;824;252;119;133
59;737;285;143;142
59;650;309;151;158
59;563;309;155;154
59;476;341;168;173
59;389;359;177;182
59;302;329;157;172
59;215;349;187;162
59;128;367;187;180
59;41;353;193;160
59;1521;176;85;91
59;1434;179;86;93
59;1347;203;102;101
59;1260;204;94;110
59;1173;236;111;125
59;1086;267;142;125
59;999;297;142;155
59;912;274;118;156
59;825;281;140;141
59;738;304;147;157
59;651;305;152;153
59;564;326;157;169
59;477;347;170;177
59;390;321;156;165
59;303;343;183;160
59;216;360;184;176
59;129;348;189;159
59;42;383;192;191
59;1522;175;84;91
59;1435;198;97;101
59;1348;200;92;108
59;1261;227;111;116
59;1174;262;141;121
59;1087;284;136;148
59;1000;270;115;155
59;913;301;152;149
59;826;297;142;155
59;739;299;146;153
59;652;322;153;169
59;565;342;166;176
59;478;310;151;159
59;391;341;182;159
59;304;354;180;174
59;217;344;186;158
59;130;378;188;190
59;43;344;175;169
59;1523;192;95;97
59;1436;193;86;107
59;1349;225;111;114
59;1262;259;137;122
59;1175;280;133;147
59;1088;268;112;156
59;1001;300;151;149
59;914;316;155;161
59;827;294;145;149
59;740;318;152;166
59;653;337;163;174
59;566;307;149;158
59;479;329;174;155
59;392;350;178;172
59;305;336;183;153
59;218;374;187;187
59;131;342;174;168
59;44;358;160;198
59;1524;187;84;103
59;1437;220;108;112
59;1350;260;135;125
59;1263;275;131;144
59;1176;270;115;155
59;1089;295;149;146
59;1002;311;153;158
59;915;310;158;152
59;828;308;144;164
59;741;329;157;172
59;654;301;148;153
59;567;323;170;153
59;480;344;172;172
59;393;336;185;151
59;306;368;182;186
59;219;341;175;166
59;132;352;157;195
59;45;335;158;177
59;1525;213;106;107
59;1438;256;132;124
59;1351;275;129;146
59;1264;268;113;155
59;1177;286;141;145
59;1090;303;147;156
59;1003;304;154;150
59;916;325;160;165
59;829;323;153;170
59;742;294;145;149
59;655;320;170;150
59;568;334;166;168
59;481;327;180;147
59;394;366;181;185
59;307;339;174;165
59;220;345;153;192
59;133;326;153;173
59;46;326;167;159
59;1526;252;129;123
59;1439;275;127;148
59;1352;269;113;156
59;1265;285;140;145
59;1178;290;137;153
59;1091;304;153;151
59;1004;319;156;163
59;917;325;156;169
59;830;291;142;149
59;743;315;168;147
59;656;325;161;164
59;569;319;175;144
59;482;357;178;179
59;395;334;172;162
59;308;343;152;191
59;221;321;149;172
59;134;322;164;158
59;47;309;160;149
59;1527;269;126;143
59;1440;265;110;155
59;1353;283;139;144
59;1266;285;134;151
59;1179;305;156;149
59;1092;314;151;163
59;1005;322;153;169
59;918;316;154;162
59;831;310;162;148
59;744;322;157;165
59;657;312;169;143
59;570;354;175;179
59;483;322;163;159
59;396;343;153;190
59;309;318;147;171
59;222;318;162;156
59;135;304;158;146
59;48;287;137;150
59;1528;263;110;153
59;1441;280;139;141
59;1354;287;135;152
59;1267;304;156;148
59;1180;307;146;161
59;1093;322;155;167
59;1006;311;151;160
59;919;340;180;160
59;832;318;154;164
59;745;310;167;143
59;658;343;167;176
59;571;319;161;158
59;484;340;153;187
59;397;311;145;166
59;310;313;158;155
59;223;302;156;146
59;136;280;132;148
59;49;307;158;149
59;1529;279;139;140
59;1442;284;134;150
59;1355;306;159;147
59;1268;302;143;159
59;1181;315;152;163
59;1094;305;150;155
59;1007;337;178;159
59;920;333;175;158
59;833;303;161;142
59;746;339;165;174
59;659;315;158;157
59;572;330;145;185
59;485;304;141;163
59;398;312;156;156
59;311;295;151;144
59;224;272;129;143
59;137;301;154;147
59;50;294;145;149
59;1530;281;134;147
59;1443;300;156;144
59;1356;296;136;160
59;1269;315;152;163
59;1182;301;149;152
59;1095;338;180;158
59;1008;332;175;157
59;921;303;165;138
59;834;329;158;171
59;747;313;157;156
59;660;325;143;182
59;573;293;133;160
59;486;301;150;151
59;399;292;150;142
59;312;270;128;142
59;225;293;147;146
59;138;290;142;148
59;51;289;137;152
59;1531;292;151;141
59;1444;287;133;154
59;1357;308;148;160
59;1270;298;150;148
59;1183;336;181;155
59;1096;331;174;157
59;1009;297;162;135
59;922;336;169;167
59;835;312;152;160
59;748;320;138;182
59;661;285;127;158
59;574;289;142;147
59;487;283;146;137
59;400;262;123;139
59;313;284;141;143
59;226;285;138;147
59;139;283;133;150
59;52;309;154;155
59;1532;283;131;152
59;1445;302;144;158
59;1358;295;148;147
59;1271;330;175;155
59;1184;322;170;152
59;1097;290;158;132
59;1010;332;168;164
59;923;306;146;160
59;836;315;134;181
59;749;279;123;156
59;662;284;141;143
59;575;279;141;138
59;488;259;121;138
59;401;280;138;142
59;314;279;133;146
59;227;277;128;149
59;140;309;153;156
59;53;319;152;167
59;1533;298;140;158
59;1446;290;146;144
59;1359;324;173;151
59;1272;323;170;153
59;1185;289;159;130
59;1098;321;163;158
59;1011;303;145;158
59;924;327;140;187
59;837;276;119;157
59;750;281;140;141
59;663;277;142;135
59;576;252;116;136
59;489;269;135;134
59;402;273;128;145
59;315;273;126;147
59;228;310;156;154
59;141;316;150;166
59;54;261;120;141
59;1534;284;140;144
59;1447;323;174;149
59;1360;318;166;152
59;1273;283;157;126
59;1186;316;162;154
59;1099;302;145;157
59;1012;325;139;186
59;925;292;131;161
59;838;275;138;137
59;751;270;138;132
59;664;249;114;135
59;577;267;134;133
59;490;269;126;143
59;403;268;124;144
59;316;311;158;153
59;229;315;150;165
59;142;256;117;139
59;55;257;109;148
59;1535;320;172;148
59;1448;314;163;151
59;1361;281;155;126
59;1274;316;161;155
59;1187;296;141;155
59;1100;318;135;183
59;1013;289;129;160
59;926;274;138;136
59;839;263;132;131
59;752;244;110;134
59;665;261;130;131
59;578;265;123;142
59;491;259;118;141
59;404;301;152;149
59;317;308;146;162
59;230;248;110;138
59;143;250;104;146
59;56;251;120;131
59;1536;310;159;151
59;1449;277;152;125
59;1362;311;158;153
59;1275;291;136;155
59;1188;313;133;180
59;1101;284;126;158
59;1014;272;137;135
59;927;265;132;133
59;840;243;109;134
59;753;253;125;128
59;666;262;123;139
59;579;256;115;141
59;492;294;147;147
59;405;307;145;162
59;318;246;109;137
59;231;245;100;145
59;144;240;114;126
59;57;258;121;137
59;1537;272;150;122
59;1450;308;153;155
59;1363;286;131;155
59;1276;306;131;175
59;1189;284;126;158
59;1102;267;134;133
59;1015;263;132;131
59;928;247;112;135
59;841;245;118;127
59;754;256;120;136
59;667;247;110;137
59;580;292;145;147
59;493;304;145;159
59;406;244;107;137
59;319;236;96;140
59;232;240;113;127
59;145;252;117;135
59;58;269;128;141
59;1538;301;150;151
59;1451;287;131;156
59;1364;303;129;174
59;1277;281;125;156
59;1190;263;132;131
59;1103;255;126;129
59;1016;245;111;134
59;929;258;124;134
59;842;252;117;135
59;755;241;104;137
59;668;293;147;146
59;581;301;144;157
59;494;241;104;137
59;407;230;94;136
59;320;238;112;126
59;233;245;112;133
59;146;260;123;137
59;59;296;126;170
59;1539;284;129;155
59;1452;298;127;171
59;1365;275;123;152
59;1278;262;131;131
59;1191;249;121;128
59;1104;240;108;132
59;1017;259;123;136
59;930;267;125;142
59;843;238;103;135
59;756;287;142;145
59;669;296;141;155
59;582;238;102;136
59;495;223;90;133
59;408;232;110;122
59;321;236;108;128
59;234;256;118;138
59;147;284;122;162
59;60;299;153;146
59;1540;294;123;171
59;1453;271;123;148
59;1366;261;130;131
59;1279;247;120;127
59;1192;231;102;129
59;1105;261;123;138
59;1018;269;126;143
59;931;258;114;144
59;844;283;139;144
59;757;285;133;152
59;670;232;102;130
59;583;217;86;131
59;496;227;104;123
59;409;232;103;129
59;322;248;112;136
59;235;282;120;162
59;148;291;148;143
59;61;245;113;132
59;1541;271;122;149
59;1454;257;128;129
59;1367;244;117;127
59;1280;229;101;128
59;1193;256;120;136
59;1106;260;117;143
59;1019;257;115;142
59;932;277;136;141
59;845;279;128;151
59;758;227;99;128
59;671;212;82;130
59;584;219;101;118
59;497;227;102;125
59;410;240;106;134
59;323;276;116;160
59;236;284;145;139
59;149;240;111;129
59;62;242;107;135
59;1542;253;126;127
59;1455;246;117;129
59;1368;225;98;127
59;1281;254;118;136
59;1194;250;110;140
59;1107;248;107;141
59;1020;269;129;140
59;933;283;129;154
59;846;227;99;128
59;759;209;81;128
59;672;213;93;120
59;585;224;100;124
59;498;231;99;132
59;411;269;113;156
59;324;283;145;138
59;237;237;110;127
59;150;239;104;135
59;63;247;121;126
59;1543;242;115;127
59;1456;223;97;126
59;1369;250;114;136
59;1282;246;108;138
59;1195;246;105;141
59;1108;265;127;138
59;1021;278;125;153
59;934;225;98;127
59;847;205;78;127
59;760;205;89;116
59;673;221;99;122
59;586;226;98;128
59;499;267;111;156
59;412;274;139;135
59;325;232;106;126
59;238;235;102;133
59;151;241;117;124
59;64;229;96;133
59;1544;219;95;124
59;1457;246;112;134
59;1370;240;104;136
59;1283;245;103;142
59;1196;262;125;137
59;1109;272;123;149
59;1022;220;97;123
59;935;219;81;138
59;848;204;87;117
59;761;212;92;120
59;674;218;92;126
59;587;261;107;154
59;500;259;131;128
59;413;229;106;123
59;326;232;100;132
59;239;242;117;125
59;152;224;95;129
59;65;274;120;154
59;1545;242;111;131
59;1458;237;101;136
59;1371;239;97;142
59;1284;256;122;134
59;1197;264;116;148
59;1110;212;94;118
59;1023;211;77;134
59;936;224;100;124
59;849;210;91;119
59;762;214;89;125
59;675;253;104;149
59;588;252;126;126
59;501;227;107;120
59;414;227;96;131
59;327;233;110;123
59;240;225;93;132
59;153;272;119;153
59;66;293;131;162
59;1546;231;98;133
59;1459;235;93;142
59;1372;252;118;134
59;1285;253;110;143
59;1198;204;89;115
59;1111;207;73;134
59;1024;217;96;121
59;937;213;85;128
59;850;209;85;124
59;763;246;100;146
59;676;246;121;125
59;589;224;105;119
59;502;221;93;128
59;415;220;102;118
59;328;219;90;129
59;241;272;118;154
59;154;288;127;161
59;67;282;122;160
59;1547;228;91;137
59;1460;246;115;131
59;1373;250;107;143
59;1286;195;83;112
59;1199;203;73;130
59;1112;216;93;123
59;1025;206;80;126
59;938;218;94;124
59;851;241;97;144
59;764;235;111;124
59;677;217;101;116
59;590;211;88;123
59;503;215;98;117
59;416;216;87;129
59;329;262;110;152
59;242;281;124;157
59;155;274;117;157
59;68;254;102;152
59;1548;238;110;128
59;1461;245;105;140
59;1374;190;81;109
59;1287;202;71;131
59;1200;205;86;119
59;1113;199;78;121
59;1026;218;94;124
59;939;254;103;151
59;852;229;105;124
59;765;213;100;113
59;678;200;80;120
59;591;212;96;116
59;504;210;85;125
59;417;256;107;149
59;330;276;120;156
59;243;270;116;154
59;156;249;100;149
59;69;237;95;142
59;1549;235;98;137
59;1462;186;78;108
59;1375;199;69;130
59;1288;198;82;116
59;1201;191;74;117
59;1114;216;91;125
59;1027;247;99;148
59;940;232;102;130
59;853;206;94;112
59;766;194;76;118
59;679;204;89;115
59;592;206;83;123
59;505;246;102;144
59;418;274;118;156
59;331;265;110;155
59;244;243;95;148
59;157;233;92;141
59;70;267;107;160
59;1550;182;78;104
59;1463;199;69;130
59;1376;188;74;114
59;1289;183;71;112
59;1202;209;85;124
59;1115;244;98;146
59;1028;227;99;128
59;941;199;84;115
59;854;187;72;115
59;767;204;88;116
59;680;203;80;123
59;593;233;94;139
59;506;265;111;154
59;419;256;102;154
59;332;233;89;144
59;245;232;91;141
59;158;256;103;153
59;71;252;88;164
59;1551;191;63;128
59;1464;188;74;114
59;1377;176;67;109
59;1290;202;80;122
59;1203;239;96;143
59;1116;219;94;125
59;1029;190;78;112
59;942;189;72;117
59;855;198;85;113
59;768;194;74;120
59;681;225;87;138
59;594;255;105;150
59;507;253;101;152
59;420;230;87;143
59;333;224;84;140
59;246;246;95;151
59;159;246;83;163
59;72;219;78;141
59;1552;183;73;110
59;1465;173;65;108
59;1378;194;74;120
59;1291;234;95;139
59;1204;208;88;120
59;1117;180;74;106
59;1030;183;69;114
59;943;190;77;113
59;856;191;72;119
59;769;217;82;135
59;682;248;102;146
59;595;242;94;148
59;508;219;80;139
59;421;216;79;137
59;334;240;88;152
59;247;235;80;155
59;160;211;72;139
59;73;274;94;180
59;1553;170;63;107
59;1466;192;73;119
59;1379;229;90;139
59;1292;205;84;121
59;1205;171;70;101
59;1118;181;69;112
59;1031;183;74;109
59;944;185;68;117
59;857;213;79;134
59;770;230;92;138
59;683;230;88;142
59;596;209;74;135
59;509;204;73;131
59;422;230;85;145
59;335;224;75;149
59;248;206;68;138
59;161;274;96;178
59;74;221;83;138
59;1554;185;71;114
59;1467;222;87;135
59;1380;196;81;115
59;1293;169;70;99
59;1206;173;63;110
59;1119;174;70;104
59;1032;182;66;116
59;945;205;76;129
59;858;217;85;132
59;771;219;84;135
59;684;195;69;126
59;597;201;71;130
59;510;216;78;138
59;423;216;72;144
59;336;195;62;133
59;249;272;95;177
59;162;212;79;133
59;75;230;78;152
59;1555;213;80;133
59;1468;186;76;110
59;1381;161;66;95
59;1294;170;60;110
59;1207;166;67;99
59;1120;169;59;110
59;1033;198;72;126
59;946;202;79;123
59;859;211;81;130
59;772;185;65;120
59;685;193;68;125
59;598;212;76;136
59;511;203;68;135
59;424;181;55;126
59;337;257;89;168
59;250;203;70;133
59;163;227;74;153
59;76;222;77;145
59;1556;181;72;109
59;1469;155;64;91
59;1382;163;54;109
59;1295;159;62;97
59;1208;157;50;107
59;1121;189;69;120
59;1034;196;75;121
59;947;198;78;120
59;860;178;61;117
59;773;182;62;120
59;686;200;71;129
59;599;201;65;136
59;512;175;50;125
59;425;239;81;158
59;338;192;67;125
59;251;213;67;146
59;164;209;73;136
59;77;187;74;113
59;1557;144;55;89
59;1470;155;47;108
59;1383;149;55;94
59;1296;145;45;100
59;1209;173;60;113
59;1122;191;71;120
59;1035;184;71;113
59;948;175;56;119
59;861;168;58;110
59;774;193;70;123
59;687;192;63;129
59;600;169;50;119
59;513;223;74;149
59;426;186;65;121
59;339;196;55;141
59;252;191;67;124
59;165;180;66;114
59;78;205;78;127
59;1558;145;43;102
59;1471;139;49;90
59;1384;137;43;94
59;1297;163;53;110
59;1210;185;67;118
59;1123;166;58;108
59;1036;164;51;113
59;949;152;49;103
59;862;186;67;119
59;775;173;57;116
59;688;160;48;112
59;601;210;65;145
59;514;179;61;118
59;427;182;50;132
59;340;181;59;122
59;253;167;61;106
59;166;195;74;121
59;79;183;69;114
59;1559;131;45;86
59;1472;131;41;90
59;1385;151;49;102
59;1298;171;62;109
59;1211;155;54;101
59;1124;143;41;102
59;1037;143;47;96
59;950;170;60;110
59;863;161;49;112
59;776;150;47;103
59;689;200;59;141
59;602;167;54;113
59;515;168;48;120
59;428;169;56;113
59;341;158;56;102
59;254;179;64;115
59;167;169;62;107
59;80;153;52;101
59;1560;125;39;86
59;1473;148;48;100
59;1386;149;57;92
59;1299;149;49;100
59;1212;135;38;97
59;1125;136;45;91
59;1038;156;55;101
59;951;162;49;113
59;864;138;43;95
59;777;188;55;133
59;690;154;49;105
59;603;153;43;110
59;516;149;45;104
59;429;144;50;94
59;342;165;56;109
59;255;158;55;103
59;168;143;48;95
59;81;123;41;82
59;1561;137;42;95
59;1474;139;52;87
59;1387;143;49;94
59;1300;128;33;95
59;1213;129;44;85
59;1126;146;50;96
59;1039;154;47;107
59;952;125;40;85
59;865;176;50;126
59;778;139;44;95
59;691;146;41;105
59;604;135;42;93
59;517;134;49;85
59;430;152;51;101
59;343;143;49;94
59;256;128;41;87
59;169;112;38;74
59;82;98;32;66
59;1562;128;46;82
59;1475;129;43;86
59;1388;117;30;87
59;1301;120;39;81
59;1214;129;43;86
59;1127;145;44;101
59;1040;120;37;83
59;953;164;48;116
59;866;126;39;87
59;779;131;33;98
59;692;118;32;86
59;605;119;44;75
59;518;140;44;96
59;431;133;48;85
59;344;119;35;84
59;257;98;32;66
59;170;93;29;64
59;83;66;21;45
59;1563;116;39;77
59;1476;108;26;82
59;1389;107;30;77
59;1302;121;38;83
59;1215;134;39;95
59;1128;114;36;78
59;1041;154;44;110
59;954;109;34;75
59;867;116;29;87
59;780;111;33;78
59;693;106;40;66
59;606;126;38;88
59;519;118;42;76
59;432;108;33;75
59;345;90;29;61
59;258;85;26;59
59;171;58;19;39
59;84;61;21;40
59;1564;97;24;73
59;1477;95;25;70
59;1390;111;32;79
59;1303;123;32;91
59;1216;105;35;70
59;1129;141;39;102
59;1042;98;29;69
59;955;101;24;77
59;868;92;24;68
59;781;93;31;62
59;694;111;34;77
59;607;103;35;68
59;520;95;26;69
59;433;85;27;58
59;346;83;23;60
59;259;52;17;35
59;172;53;17;36
59;85;60;16;44
59;1565;456;118;338
59;1478;474;123;351
59;1391;484;133;351
59;1304;481;133;348
59;1217;462;121;341
59;1130;434;116;318
59;1043;419;104;315
59;956;429;118;311
59;869;402;122;280
59;782;382;115;267
59;695;362;107;255
59;608;327;91;236
59;521;307;86;221
59;434;302;83;219
59;347;289;78;211
59;260;314;87;227
59;173;338;99;239
59;86;364;109;255
59;1566;16914;8027;8887
59;1479;17557;8330;9227
59;1392;18057;8564;9493
59;1305;18498;8792;9706
59;1218;18908;9010;9898
59;1131;19513;9292;10221
59;1044;20124;9570;10554
59;957;20694;9838;10856
59;870;21394;10185;11209
59;783;21807;10427;11380
59;696;22348;10671;11677
59;609;22849;10904;11945
59;522;23427;11197;12230
59;435;24143;11544;12599
59;348;24613;11746;12867
59;261;24973;11945;13028
59;174;25291;12103;13188
59;87;25637;12312;13325
60;1480;191;104;87
60;1393;211;108;103
60;1306;222;110;112
60;1219;210;118;92
60;1132;208;107;101
60;1045;223;131;92
60;958;234;126;108
60;871;178;82;96
60;784;240;113;127
60;697;231;126;105
60;610;238;137;101
60;523;242;121;121
60;436;222;118;104
60;349;250;130;120
60;262;239;134;105
60;175;253;125;128
60;88;280;150;130
60;1;264;138;126
60;1481;206;104;102
60;1394;217;107;110
60;1307;205;119;86
60;1220;203;102;101
60;1133;215;127;88
60;1046;232;126;106
60;959;177;82;95
60;872;222;114;108
60;785;229;124;105
60;698;231;133;98
60;611;237;117;120
60;524;223;118;105
60;437;247;127;120
60;350;229;129;100
60;263;253;124;129
60;176;278;148;130
60;89;266;141;125
60;2;327;173;154
60;1482;210;107;103
60;1395;203;118;85
60;1308;197;97;100
60;1221;209;121;88
60;1134;224;125;99
60;1047;167;74;93
60;960;215;112;103
60;873;204;112;92
60;786;228;132;96
60;699;236;116;120
60;612;225;120;105
60;525;246;126;120
60;438;231;129;102
60;351;251;123;128
60;264;279;149;130
60;177;262;139;123
60;90;326;171;155
60;3;292;152;140
60;1483;199;116;83
60;1396;194;93;101
60;1309;205;123;82
60;1222;222;123;99
60;1135;167;74;93
60;1048;215;114;101
60;961;200;110;90
60;874;207;121;86
60;787;230;115;115
60;700;223;119;104
60;613;247;127;120
60;526;233;131;102
60;439;248;121;127
60;352;277;148;129
60;265;260;139;121
60;178;325;170;155
60;91;290;149;141
60;4;321;169;152
60;1484;185;90;95
60;1397;200;120;80
60;1310;218;122;96
60;1223;165;73;92
60;1136;215;112;103
60;1049;191;106;85
60;962;202;119;83
60;875;207;104;103
60;788;222;118;104
60;701;251;127;124
60;614;233;131;102
60;527;247;122;125
60;440;274;147;127
60;353;257;139;118
60;266;323;171;152
60;179;288;148;140
60;92;319;169;150
60;5;324;153;171
60;1485;198;119;79
60;1398;216;122;94
60;1311;164;73;91
60;1224;211;114;97
60;1137;196;108;88
60;1050;196;118;78
60;963;203;103;100
60;876;212;108;104
60;789;251;127;124
60;702;234;131;103
60;615;244;122;122
60;528;270;147;123
60;441;257;137;120
60;354;319;168;151
60;267;283;144;139
60;180;316;167;149
60;93;323;154;169
60;6;347;162;185
60;1486;213;121;92
60;1399;155;67;88
60;1312;210;113;97
60;1225;200;111;89
60;1138;194;117;77
60;1051;196;96;100
60;964;208;106;102
60;877;245;120;125
60;790;235;132;103
60;703;248;125;123
60;616;272;148;124
60;529;261;142;119
60;442;315;169;146
60;355;279;141;138
60;268;315;166;149
60;181;319;152;167
60;94;346;162;184
60;7;358;171;187
60;1487;154;67;87
60;1400;207;111;96
60;1313;196;109;87
60;1226;193;117;76
60;1139;193;92;101
60;1052;207;103;104
60;965;246;119;127
60;878;223;125;98
60;791;244;124;120
60;704;273;149;124
60;617;266;141;125
60;530;314;169;145
60;443;277;139;138
60;356;315;168;147
60;269;315;151;164
60;182;346;162;184
60;95;356;171;185
60;8;393;176;217
60;1488;206;110;96
60;1401;194;104;90
60;1314;200;123;77
60;1227;195;94;101
60;1140;207;102;105
60;1053;248;119;129
60;966;219;123;96
60;879;234;124;110
60;792;272;150;122
60;705;272;149;123
60;618;317;172;145
60;531;274;137;137
60;444;316;170;146
60;357;313;150;163
60;270;342;161;181
60;183;353;171;182
60;96;390;173;217
60;9;449;217;232
60;1489;195;106;89
60;1402;200;122;78
60;1315;195;94;101
60;1228;208;103;105
60;1141;247;120;127
60;1054;214;118;96
60;967;233;122;111
60;880;271;141;130
60;793;273;149;124
60;706;317;172;145
60;619;269;133;136
60;532;311;167;144
60;445;315;150;165
60;358;343;161;182
60;271;349;171;178
60;184;391;175;216
60;97;447;215;232
60;10;449;222;227
60;1490;198;122;76
60;1403;189;93;96
60;1316;207;104;103
60;1229;244;118;126
60;1142;210;116;94
60;1055;233;120;113
60;968;267;138;129
60;881;259;141;118
60;794;316;172;144
60;707;270;132;138
60;620;307;164;143
60;533;315;151;164
60;446;340;160;180
60;359;346;170;176
60;272;387;171;216
60;185;443;214;229
60;98;448;222;226
60;11;462;238;224
60;1491;186;91;95
60;1404;207;104;103
60;1317;245;119;126
60;1230;209;116;93
60;1143;234;121;113
60;1056;263;137;126
60;969;262;144;118
60;882;315;171;144
60;795;272;134;138
60;708;311;164;147
60;621;314;152;162
60;534;337;158;179
60;447;350;173;177
60;360;385;167;218
60;273;443;214;229
60;186;442;219;223
60;99;455;236;219
60;12;447;236;211
60;1492;203;101;102
60;1405;245;121;124
60;1318;207;115;92
60;1231;235;120;115
60;1144;262;137;125
60;1057;260;143;117
60;970;312;170;142
60;883;278;144;134
60;796;310;161;149
60;709;314;151;163
60;622;331;157;174
60;535;350;172;178
60;448;386;169;217
60;361;438;212;226
60;274;439;219;220
60;187;448;230;218
60;100;442;233;209
60;13;540;292;248
60;1493;243;120;123
60;1406;207;112;95
60;1319;235;119;116
60;1232;262;137;125
60;1145;264;145;119
60;1058;312;169;143
60;971;282;146;136
60;884;320;171;149
60;797;317;153;164
60;710;331;157;174
60;623;353;174;179
60;536;387;171;216
60;449;434;207;227
60;362;435;215;220
60;275;440;226;214
60;188;436;228;208
60;101;530;286;244
60;14;530;275;255
60;1494;203;111;92
60;1407;232;120;112
60;1320;265;138;127
60;1233;263;145;118
60;1146;311;168;143
60;1059;283;148;135
60;972;323;173;150
60;885;316;156;160
60;798;333;161;172
60;711;350;171;179
60;624;387;170;217
60;537;432;208;224
60;450;433;216;217
60;363;436;225;211
60;276;426;223;203
60;189;520;280;240
60;102;525;272;253
60;15;578;295;283
60;1495;225;118;107
60;1408;262;137;125
60;1321;259;143;116
60;1234;316;169;147
60;1147;278;147;131
60;1060;318;167;151
60;973;313;154;159
60;886;341;164;177
60;799;358;177;181
60;712;390;173;217
60;625;429;207;222
60;538;431;213;218
60;451;427;222;205
60;364;421;219;202
60;277;516;277;239
60;190;517;266;251
60;103;570;288;282
60;16;493;272;221
60;1496;256;135;121
60;1409;257;143;114
60;1322;315;165;150
60;1235;277;145;132
60;1148;315;165;150
60;1061;314;154;160
60;974;339;163;176
60;887;363;172;191
60;800;390;172;218
60;713;428;206;222
60;626;429;211;218
60;539;422;222;200
60;452;418;214;204
60;365;514;275;239
60;278;510;263;247
60;191;567;285;282
60;104;483;268;215
60;17;519;267;252
60;1497;254;142;112
60;1410;309;162;147
60;1323;277;145;132
60;1236;307;161;146
60;1149;310;152;158
60;1062;338;162;176
60;975;358;170;188
60;888;387;182;205
60;801;432;209;223
60;714;423;211;212
60;627;431;229;202
60;540;413;212;201
60;453;502;268;234
60;366;502;261;241
60;279;558;280;278
60;192;473;262;211
60;105;509;259;250
60;18;509;264;245
60;1498;306;163;143
60;1411;269;143;126
60;1324;297;158;139
60;1237;303;148;155
60;1150;329;158;171
60;1063;352;169;183
60;976;384;181;203
60;889;419;208;211
60;802;416;209;207
60;715;432;232;200
60;628;411;210;201
60;541;495;265;230
60;454;491;255;236
60;367;545;274;271
60;280;464;256;208
60;193;498;255;243
60;106;501;262;239
60;19;431;220;211
60;1499;262;143;119
60;1412;286;152;134
60;1325;288;139;149
60;1238;319;153;166
60;1151;347;168;179
60;1064;366;174;192
60;977;406;203;203
60;890;355;193;162
60;803;423;227;196
60;716;398;206;192
60;629;486;260;226
60;542;469;244;225
60;455;519;259;260
60;368;460;255;205
60;281;485;249;236
60;194;495;257;238
60;107;416;211;205
60;20;402;236;166
60;1500;279;148;131
60;1413;278;136;142
60;1326;313;150;163
60;1239;342;163;179
60;1152;364;172;192
60;1065;398;199;199
60;978;345;184;161
60;891;359;204;155
60;804;388;202;186
60;717;476;255;221
60;630;464;242;222
60;543;500;246;254
60;456;444;244;200
60;369;474;243;231
60;282;484;251;233
60;195;409;207;202
60;108;397;234;163
60;21;328;165;163
60;1501;272;134;138
60;1414;315;149;166
60;1327;329;153;176
60;1240;354;165;189
60;1153;388;195;193
60;1066;338;180;158
60;979;346;196;150
60;892;315;183;132
60;805;463;250;213
60;718;461;242;219
60;631;494;244;250
60;544;433;237;196
60;457;447;229;218
60;370;470;247;223
60;283;406;207;199
60;196;390;229;161
60;109;316;158;158
60;22;353;175;178
60;1502;300;145;155
60;1415;316;150;166
60;1328;342;158;184
60;1241;375;185;190
60;1154;325;177;148
60;1067;334;193;141
60;980;309;178;131
60;893;388;212;176
60;806;441;235;206
60;719;484;243;241
60;632;423;232;191
60;545;435;221;214
60;458;452;240;212
60;371;391;199;192
60;284;380;224;156
60;197;318;158;160
60;110;345;170;175
60;23;391;217;174
60;1503;308;147;161
60;1416;327;156;171
60;1329;363;175;188
60;1242;315;179;136
60;1155;329;191;138
60;1068;296;173;123
60;981;372;202;170
60;894;364;212;152
60;807;470;240;230
60;720;417;229;188
60;633;424;214;210
60;546;437;231;206
60;459;369;186;183
60;372;365;216;149
60;285;318;153;165
60;198;337;168;169
60;111;382;214;168
60;24;373;205;168
60;1504;314;149;165
60;1417;362;174;188
60;1330;307;174;133
60;1243;322;187;135
60;1156;286;168;118
60;1069;360;201;159
60;982;350;212;138
60;895;362;189;173
60;808;403;220;183
60;721;419;213;206
60;634;425;225;200
60;547;358;181;177
60;460;344;204;140
60;373;316;149;167
60;286;334;164;170
60;199;372;212;160
60;112;364;197;167
60;25;392;198;194
60;1505;340;163;177
60;1418;294;166;128
60;1331;311;184;127
60;1244;275;165;110
60;1157;346;196;150
60;1070;334;205;129
60;983;344;181;163
60;896;345;192;153
60;809;401;205;196
60;722;409;220;189
60;635;345;174;171
60;548;329;197;132
60;461;298;141;157
60;374;327;161;166
60;287;358;203;155
60;200;360;196;164
60;113;387;196;191
60;26;388;207;181
60;1506;275;160;115
60;1419;301;182;119
60;1332;258;155;103
60;1245;332;189;143
60;1158;316;196;120
60;1071;319;172;147
60;984;325;184;141
60;897;314;169;145
60;810;388;213;175
60;723;324;167;157
60;636;315;189;126
60;549;291;138;153
60;462;310;152;158
60;375;344;196;148
60;288;358;196;162
60;201;387;198;189
60;114;381;204;177
60;27;367;184;183
60;1507;277;170;107
60;1420;240;146;94
60;1333;323;189;134
60;1246;302;193;109
60;1159;302;161;141
60;1072;311;178;133
60;985;293;157;136
60;898;331;186;145
60;811;315;161;154
60;724;307;184;123
60;637;271;129;142
60;550;294;143;151
60;463;329;189;140
60;376;346;187;159
60;289;373;193;180
60;202;373;196;177
60;115;363;181;182
60;28;409;206;203
60;1508;222;142;80
60;1421;303;180;123
60;1334;284;183;101
60;1247;287;151;136
60;1160;291;167;124
60;1073;278;155;123
60;986;309;175;134
60;899;305;146;159
60;812;293;177;116
60;725;264;129;135
60;638;283;138;145
60;551;316;183;133
60;464;339;183;156
60;377;363;189;174
60;290;376;199;177
60;203;350;173;177
60;116;402;201;201
60;29;402;210;192
60;1509;279;169;110
60;1422;269;174;95
60;1335;267;141;126
60;1248;276;157;119
60;1161;263;147;116
60;1074;291;172;119
60;987;285;140;145
60;900;316;178;138
60;813;253;128;125
60;726;273;134;139
60;639;304;177;127
60;552;323;172;151
60;465;343;177;166
60;378;369;196;173
60;291;342;169;173
60;204;399;200;199
60;117;397;205;192
60;30;434;215;219
60;1510;248;166;82
60;1423;247;135;112
60;1336;264;150;114
60;1249;248;141;107
60;1162;270;161;109
60;1075;278;138;140
60;988;300;171;129
60;901;290;150;140
60;814;272;133;139
60;727;290;170;120
60;640;316;172;144
60;553;335;172;163
60;466;366;194;172
60;379;333;165;168
60;292;398;199;199
60;205;386;200;186
60;118;421;208;213
60;31;446;222;224
60;1511;229;126;103
60;1424;250;140;110
60;1337;226;133;93
60;1250;262;157;105
60;1163;269;134;135
60;1076;282;158;124
60;989;288;150;138
60;902;284;143;141
60;815;284;169;115
60;728;312;171;141
60;641;325;169;156
60;554;356;190;166
60;467;322;162;160
60;380;387;194;193
60;293;384;195;189
60;206;414;204;210
60;119;435;215;220
60;32;407;221;186
60;1512;229;129;100
60;1425;204;120;84
60;1338;257;152;105
60;1251;268;134;134
60;1164;267;150;117
60;1077;276;146;130
60;990;275;134;141
60;903;322;171;151
60;816;305;169;136
60;729;318;168;150
60;642;345;183;162
60;555;319;161;158
60;468;374;191;183
60;381;371;188;183
60;294;403;197;206
60;207;426;211;215
60;120;392;210;182
60;33;398;199;199
60;1513;191;109;82
60;1426;243;143;100
60;1339;257;127;130
60;1252;255;141;114
60;1165;269;144;125
60;1078;268;132;136
60;991;321;168;153
60;904;315;166;149
60;817;308;165;143
60;730;348;180;168
60;643;316;159;157
60;556;366;185;181
60;469;361;183;178
60;382;397;192;205
60;295;424;214;210
60;208;387;206;181
60;121;388;192;196
60;34;388;197;191
60;1514;229;136;93
60;1427;235;119;116
60;1340;250;139;111
60;1253;259;137;122
60;1166;269;130;139
60;1079;307;158;149
60;992;313;165;148
60;905;355;190;165
60;818;344;177;167
60;731;316;163;153
60;644;363;180;183
60;557;362;185;177
60;470;387;184;203
60;383;415;207;208
60;296;380;201;179
60;209;386;193;193
60;122;387;198;189
60;35;432;216;216
60;1515;228;117;111
60;1428;236;128;108
60;1341;254;136;118
60;1254;267;129;138
60;1167;301;157;144
60;1080;309;165;144
60;993;357;192;165
60;906;367;188;179
60;819;311;164;147
60;732;360;179;181
60;645;357;179;178
60;558;380;180;200
60;471;407;204;203
60;384;370;197;173
60;297;383;192;191
60;210;384;195;189
60;123;424;211;213
60;36;455;225;230
60;1516;223;121;102
60;1429;246;138;108
60;1342;260;123;137
60;1255;284;147;137
60;1168;307;164;143
60;1081;356;189;167
60;994;361;186;175
60;907;325;169;156
60;820;349;173;176
60;733;356;180;176
60;646;374;176;198
60;559;404;201;203
60;472;351;187;164
60;385;371;185;186
60;298;378;194;184
60;211;419;209;210
60;124;449;224;225
60;37;450;255;195
60;1517;235;131;104
60;1430;247;116;131
60;1343;282;149;133
60;1256;298;158;140
60;1169;349;186;163
60;1082;351;177;174
60;995;325;170;155
60;908;372;188;184
60;821;345;175;170
60;734;367;174;193
60;647;399;198;201
60;560;350;185;165
60;473;357;177;180
60;386;373;189;184
60;299;414;205;209
60;212;448;224;224
60;125;445;253;192
60;38;468;226;242
60;1518;239;111;128
60;1431;265;142;123
60;1344;294;155;139
60;1257;341;181;160
60;1170;341;168;173
60;1083;319;165;154
60;996;369;186;183
60;909;371;193;178
60;822;359;171;188
60;735;402;202;200
60;648;353;187;166
60;561;355;175;180
60;474;366;190;176
60;387;409;203;206
60;300;438;218;220
60;213;439;249;190
60;126;464;224;240
60;39;467;236;231
60;1519;265;142;123
60;1432;290;149;141
60;1345;342;185;157
60;1258;336;164;172
60;1171;312;159;153
60;1084;360;185;175
60;997;369;192;177
60;910;385;184;201
60;823;398;196;202
60;736;350;186;164
60;649;352;175;177
60;562;356;181;175
60;475;404;200;204
60;388;433;217;216
60;301;432;246;186
60;214;455;218;237
60;127;457;230;227
60;40;493;246;247
60;1520;277;137;140
60;1433;331;176;155
60;1346;331;163;168
60;1259;310;155;155
60;1172;356;182;174
60;1085;356;187;169
60;998;381;182;199
60;911;423;205;218
60;824;346;182;164
60;737;356;176;180
60;650;354;178;176
60;563;395;196;199
60;476;426;211;215
60;389;425;240;185
60;302;453;219;234
60;215;453;229;224
60;128;482;239;243
60;41;505;253;252
60;1521;329;173;156
60;1434;327;161;166
60;1347;307;154;153
60;1260;356;182;174
60;1173;356;189;167
60;1086;379;182;197
60;999;423;205;218
60;912;370;206;164
60;825;352;174;178
60;738;355;181;174
60;651;390;194;196
60;564;420;209;211
60;477;410;227;183
60;390;450;217;233
60;303;449;226;223
60;216;478;235;243
60;129;508;254;254
60;42;486;248;238
60;1522;322;157;165
60;1435;298;148;150
60;1348;347;176;171
60;1261;349;186;163
60;1174;376;182;194
60;1087;419;204;215
60;1000;370;209;161
60;913;387;192;195
60;826;350;178;172
60;739;383;189;194
60;652;412;204;208
60;565;407;224;183
60;478;443;211;232
60;391;447;223;224
60;304;477;234;243
60;217;498;247;251
60;130;475;243;232
60;43;482;245;237
60;1523;290;147;143
60;1436;340;168;172
60;1349;342;182;160
60;1262;374;181;193
60;1175;417;199;218
60;1088;368;207;161
60;1001;383;189;194
60;914;366;189;177
60;827;378;184;194
60;740;415;206;209
60;653;394;216;178
60;566;437;207;230
60;479;441;218;223
60;392;468;231;237
60;305;497;245;252
60;218;475;241;234
60;131;479;244;235
60;44;445;217;228
60;1524;335;166;169
60;1437;335;177;158
60;1350;374;178;196
60;1263;416;200;216
60;1176;370;210;160
60;1089;384;190;194
60;1002;359;185;174
60;915;402;193;209
60;828;411;205;206
60;741;386;213;173
60;654;433;203;230
60;567;432;213;219
60;480;458;226;232
60;393;493;244;249
60;306;472;242;230
60;219;475;242;233
60;132;439;214;225
60;45;413;226;187
60;1525;330;174;156
60;1438;375;177;198
60;1351;406;191;215
60;1264;368;207;161
60;1177;378;187;191
60;1090;354;180;174
60;1003;397;192;205
60;916;426;205;221
60;829;377;208;169
60;742;433;203;230
60;655;421;206;215
60;568;450;221;229
60;481;490;245;245
60;394;465;237;228
60;307;476;245;231
60;220;437;213;224
60;133;406;222;184
60;46;402;208;194
60;1526;370;173;197
60;1439;405;192;213
60;1352;366;208;158
60;1265;376;187;189
60;1178;348;175;173
60;1091;396;190;206
60;1004;416;197;219
60;917;400;223;177
60;830;432;199;233
60;743;418;205;213
60;656;446;221;225
60;569;489;245;244
60;482;456;232;224
60;395;471;242;229
60;308;429;209;220
60;221;400;218;182
60;134;398;206;192
60;47;420;209;211
60;1527;402;192;210
60;1440;362;204;158
60;1353;376;184;192
60;1266;343;171;172
60;1179;391;186;205
60;1092;409;194;215
60;1005;403;228;175
60;918;427;202;225
60;831;414;204;210
60;744;442;219;223
60;657;480;239;241
60;570;455;230;225
60;483;466;240;226
60;396;425;207;218
60;309;399;215;184
60;222;397;208;189
60;135;422;209;213
60;48;345;177;168
60;1528;358;198;160
60;1441;375;184;191
60;1354;342;169;173
60;1267;387;184;203
60;1180;402;189;213
60;1093;401;226;175
60;1006;425;203;222
60;919;415;207;208
60;832;440;220;220
60;745;481;242;239
60;658;447;224;223
60;571;461;236;225
60;484;418;204;214
60;397;393;212;181
60;310;396;205;191
60;223;414;203;211
60;136;342;176;166
60;49;397;206;191
60;1529;373;182;191
60;1442;340;168;172
60;1355;385;183;202
60;1268;401;187;214
60;1181;402;223;179
60;1094;423;202;221
60;1007;413;206;207
60;920;446;216;230
60;833;472;238;234
60;746;442;220;222
60;659;457;234;223
60;572;415;200;215
60;485;383;204;179
60;398;394;205;189
60;311;412;203;209
60;224;341;175;166
60;137;390;202;188
60;50;416;217;199
60;1530;338;166;172
60;1443;379;179;200
60;1356;401;188;213
60;1269;390;216;174
60;1182;421;202;219
60;1095;406;206;200
60;1008;444;216;228
60;921;468;232;236
60;834;440;219;221
60;747;458;233;225
60;660;416;200;216
60;573;380;203;177
60;486;387;200;187
60;399;406;197;209
60;312;336;173;163
60;225;387;200;187
60;138;413;213;200
60;51;408;186;222
60;1531;378;180;198
60;1444;396;185;211
60;1357;385;215;170
60;1270;412;196;216
60;1183;403;203;200
60;1096;442;215;227
60;1009;459;226;233
60;922;452;222;230
60;835;460;235;225
60;748;416;199;217
60;661;374;197;177
60;574;380;196;184
60;487;406;195;211
60;400;322;163;159
60;313;383;200;183
60;226;410;213;197
60;139;396;181;215
60;52;460;229;231
60;1532;390;180;210
60;1445;382;214;168
60;1358;412;196;216
60;1271;400;198;202
60;1184;438;210;228
60;1097;452;221;231
60;1010;446;221;225
60;923;444;216;228
60;836;418;200;218
60;749;363;194;169
60;662;380;192;188
60;575;404;196;208
60;488;318;160;158
60;401;381;198;183
60;314;406;212;194
60;227;391;179;212
60;140;458;226;232
60;53;418;181;237
60;1533;374;208;166
60;1446;411;194;217
60;1359;398;196;202
60;1272;433;208;225
60;1185;448;221;227
60;1098;447;223;224
60;1011;437;211;226
60;924;414;197;217
60;837;357;191;166
60;750;375;189;186
60;663;399;195;204
60;576;310;154;156
60;489;366;190;176
60;402;395;206;189
60;315;385;174;211
60;228;456;225;231
60;141;411;178;233
60;54;323;152;171
60;1534;407;192;215
60;1447;396;193;203
60;1360;428;204;224
60;1273;444;217;227
60;1186;439;219;220
60;1099;435;208;227
60;1012;413;195;218
60;925;371;196;175
60;838;362;178;184
60;751;401;195;206
60;664;307;153;154
60;577;360;183;177
60;490;386;202;184
60;403;380;173;207
60;316;452;225;227
60;229;408;175;233
60;142;317;148;169
60;55;311;149;162
60;1535;388;189;199
60;1448;426;201;225
60;1361;439;215;224
60;1274;436;215;221
60;1187;426;201;225
60;1100;408;192;216
60;1013;364;190;174
60;926;373;184;189
60;839;394;187;207
60;752;302;148;154
60;665;352;177;175
60;578;383;200;183
60;491;374;171;203
60;404;449;225;224
60;317;405;170;235
60;230;312;145;167
60;143;300;139;161
60;56;342;170;172
60;1536;414;195;219
60;1449;430;211;219
60;1362;433;214;219
60;1275;430;202;228
60;1188;407;191;216
60;1101;359;182;177
60;1014;370;178;192
60;927;375;174;201
60;840;299;144;155
60;753;345;171;174
60;666;379;199;180
60;579;372;170;202
60;492;445;217;228
60;405;400;166;234
60;318;312;143;169
60;231;305;144;161
60;144;331;162;169
60;57;348;169;179
60;1537;419;202;217
60;1450;432;211;221
60;1363;425;197;228
60;1276;406;191;215
60;1189;347;175;172
60;1102;370;177;193
60;1015;371;169;202
60;928;315;154;161
60;841;344;169;175
60;754;369;193;176
60;667;370;168;202
60;580;442;211;231
60;493;397;164;233
60;406;312;145;167
60;319;294;136;158
60;232;324;156;168
60;145;345;167;178
60;58;371;163;208
60;1538;427;208;219
60;1451;421;195;226
60;1364;402;188;214
60;1277;337;166;171
60;1190;364;171;193
60;1103;365;166;199
60;1016;314;150;164
60;929;352;178;174
60;842;356;183;173
60;755;358;160;198
60;668;430;200;230
60;581;400;165;235
60;494;312;147;165
60;407;297;136;161
60;320;320;152;168
60;233;341;164;177
60;146;354;155;199
60;59;404;188;216
60;1539;413;189;224
60;1452;398;185;213
60;1365;330;160;170
60;1278;357;167;190
60;1191;355;160;195
60;1104;309;145;164
60;1017;347;174;173
60;930;354;176;178
60;843;349;154;195
60;756;414;188;226
60;669;392;160;232
60;582;311;144;167
60;495;292;132;160
60;408;316;151;165
60;321;337;163;174
60;234;355;154;201
60;147;390;179;211
60;60;396;169;227
60;1540;393;182;211
60;1453;318;150;168
60;1366;352;162;190
60;1279;355;158;197
60;1192;303;140;163
60;1105;344;170;174
60;1018;340;165;175
60;931;355;151;204
60;844;411;185;226
60;757;380;154;226
60;670;306;138;168
60;583;287;126;161
60;496;311;148;163
60;409;333;160;173
60;322;352;152;200
60;235;384;176;208
60;148;390;166;224
60;61;389;171;218
60;1541;305;140;165
60;1454;353;161;192
60;1367;351;156;195
60;1280;299;136;163
60;1193;334;164;170
60;1106;336;162;174
60;1019;349;149;200
60;932;397;174;223
60;845;373;153;220
60;758;300;134;166
60;671;280;122;158
60;584;311;146;165
60;497;325;154;171
60;410;345;146;199
60;323;377;169;208
60;236;382;161;221
60;149;385;170;215
60;62;367;127;240
60;1542;351;163;188
60;1455;344;148;196
60;1368;295;133;162
60;1281;330;161;169
60;1194;325;154;171
60;1107;350;148;202
60;1020;387;167;220
60;933;360;142;218
60;846;292;127;165
60;759;275;117;158
60;672;305;141;164
60;585;320;152;168
60;498;335;141;194
60;411;363;160;203
60;324;372;154;218
60;237;369;159;210
60;150;367;125;242
60;63;408;168;240
60;1543;338;143;195
60;1456;286;129;157
60;1369;318;153;165
60;1282;316;151;165
60;1195;334;137;197
60;1108;376;161;215
60;1021;357;139;218
60;934;281;120;161
60;847;266;112;154
60;760;299;134;165
60;673;314;148;166
60;586;327;136;191
60;499;354;155;199
60;412;363;147;216
60;325;356;148;208
60;238;357;122;235
60;151;404;165;239
60;64;359;157;202
60;1544;277;119;158
60;1457;312;147;165
60;1370;310;148;162
60;1283;329;133;196
60;1196;371;156;215
60;1109;345;133;212
60;1022;278;118;160
60;935;256;108;148
60;848;290;128;162
60;761;306;142;164
60;674;320;131;189
60;587;346;149;197
60;500;353;139;214
60;413;351;143;208
60;326;347;118;229
60;239;401;161;240
60;152;358;156;202
60;65;377;152;225
60;1545;309;146;163
60;1458;305;145;160
60;1371;322;129;193
60;1284;358;147;211
60;1197;338;129;209
60;1110;269;111;158
60;1023;254;106;148
60;936;298;122;176
60;849;298;139;159
60;762;316;129;187
60;675;336;141;195
60;588;343;134;209
60;501;337;134;203
60;414;341;113;228
60;327;396;153;243
60;240;361;157;204
60;153;367;147;220
60;66;435;195;240
60;1546;293;136;157
60;1459;317;126;191
60;1372;347;137;210
60;1285;325;124;201
60;1198;261;105;156
60;1111;249;102;147
60;1024;295;120;175
60;937;297;136;161
60;850;308;122;186
60;763;325;132;193
60;676;331;127;204
60;589;325;128;197
60;502;341;113;228
60;415;381;143;238
60;328;354;151;203
60;241;360;142;218
60;154;433;195;238
60;67;375;152;223
60;1547;309;123;186
60;1460;339;135;204
60;1373;318;121;197
60;1286;257;103;154
60;1199;241;99;142
60;1112;291;117;174
60;1025;288;130;158
60;938;297;114;183
60;851;316;125;191
60;764;321;125;196
60;677;316;121;195
60;590;333;106;227
60;503;374;141;233
60;416;342;140;202
60;329;351;135;216
60;242;423;187;236
60;155;368;149;219
60;68;408;167;241
60;1548;327;125;202
60;1461;308;115;193
60;1374;246;97;149
60;1287;232;92;140
60;1200;286;115;171
60;1113;278;124;154
60;1026;292;112;180
60;939;295;114;181
60;852;315;121;194
60;765;307;118;189
60;678;325;102;223
60;591;367;135;232
60;504;327;133;194
60;417;339;127;212
60;330;410;179;231
60;243;364;145;219
60;156;404;165;239
60;69;435;140;295
60;1549;302;111;191
60;1462;238;92;146
60;1375;224;88;136
60;1288;273;108;165
60;1201;263;115;148
60;1114;284;107;177
60;1027;280;106;174
60;940;309;116;193
60;853;298;112;186
60;766;314;99;215
60;679;357;127;230
60;592;317;127;190
60;505;335;126;209
60;418;395;167;228
60;331;358;140;218
60;244;396;159;237
60;157;431;135;296
60;70;430;147;283
60;1550;233;88;145
60;1463;212;78;134
60;1376;267;105;162
60;1289;256;110;146
60;1202;274;103;171
60;1115;272;100;172
60;1028;296;108;188
60;941;289;106;183
60;854;301;93;208
60;767;347;121;226
60;680;307;120;187
60;593;322;115;207
60;506;384;160;224
60;419;349;133;216
60;332;383;151;232
60;245;417;126;291
60;158;426;147;279
60;71;440;178;262
60;1551;205;75;130
60;1464;260;98;162
60;1377;248;104;144
60;1290;264;95;169
60;1203;266;97;169
60;1116;279;94;185
60;1029;277;98;179
60;942;288;85;203
60;855;338;117;221
60;768;301;116;185
60;681;309;108;201
60;594;374;155;219
60;507;337;126;211
60;420;368;144;224
60;333;403;117;286
60;246;416;141;275
60;159;423;166;257
60;72;401;150;251
60;1552;249;94;155
60;1465;240;101;139
60;1378;257;90;167
60;1291;253;92;161
60;1204;275;93;182
60;1117;268;96;172
60;1030;285;83;202
60;943;316;108;208
60;856;290;108;182
60;769;300;106;194
60;682;356;142;214
60;595;327;119;208
60;508;352;137;215
60;421;389;114;275
60;334;400;136;264
60;247;409;157;252
60;160;391;145;246
60;73;395;138;257
60;1553;237;99;138
60;1466;251;85;166
60;1379;243;86;157
60;1292;262;87;175
60;1205;258;89;169
60;1118;278;80;198
60;1031;301;100;201
60;944;264;100;164
60;857;294;103;191
60;770;338;133;205
60;683;320;118;202
60;596;340;128;212
60;509;369;106;263
60;422;377;120;257
60;335;396;144;252
60;248;371;129;242
60;161;380;133;247
60;74;373;128;245
60;1554;242;79;163
60;1467;234;82;152
60;1380;254;86;168
60;1293;251;83;168
60;1206;263;73;190
60;1119;289;95;194
60;1032;247;90;157
60;945;273;93;180
60;858;319;126;193
60;771;306;111;195
60;684;328;124;204
60;597;351;96;255
60;510;366;112;254
60;423;380;135;245
60;336;361;124;237
60;249;361;124;237
60;162;368;122;246
60;75;374;122;252
60;1555;221;74;147
60;1468;244;80;164
60;1381;244;79;165
60;1294;249;64;185
60;1207;273;89;184
60;1120;230;81;149
60;1033;260;86;174
60;946;301;117;184
60;859;296;106;190
60;772;317;117;200
60;685;336;91;245
60;598;348;103;245
60;511;360;122;238
60;424;344;118;226
60;337;357;118;239
60;250;353;120;233
60;163;362;117;245
60;76;368;116;252
60;1556;235;75;160
60;1469;236;73;163
60;1382;233;56;177
60;1295;259;84;175
60;1208;216;75;141
60;1121;251;80;171
60;1034;293;110;183
60;947;271;91;180
60;860;301;113;188
60;773;310;82;228
60;686;337;100;237
60;599;341;115;226
60;512;329;109;220
60;425;341;115;226
60;338;330;110;220
60;251;354;113;241
60;164;353;112;241
60;77;300;80;220
60;1557;223;72;151
60;1470;223;51;172
60;1383;251;79;172
60;1296;199;66;133
60;1209;242;76;166
60;1122;277;101;176
60;1035;256;87;169
60;948;283;101;182
60;861;295;73;222
60;774;322;94;228
60;687;316;105;211
60;600;304;98;206
60;513;321;105;216
60;426;310;103;207
60;339;334;104;230
60;252;339;104;235
60;165;277;73;204
60;78;291;79;212
60;1558;208;44;164
60;1471;241;73;168
60;1384;189;65;124
60;1297;236;74;162
60;1210;264;93;171
60;1123;233;76;157
60;1036;269;94;175
60;949;271;66;205
60;862;303;87;216
60;775;296;93;203
60;688;284;86;198
60;601;301;97;204
60;514;297;100;197
60;427;316;94;222
60;340;327;98;229
60;253;264;68;196
60;166;281;76;205
60;79;237;62;175
60;1559;230;70;160
60;1472;169;52;117
60;1385;217;66;151
60;1298;243;83;160
60;1211;223;72;151
60;1124;254;89;165
60;1037;260;61;199
60;950;269;68;201
60;863;279;87;192
60;776;272;80;192
60;689;273;84;189
60;602;270;88;182
60;515;300;90;210
60;428;302;89;213
60;341;241;62;179
60;254;264;74;190
60;167;229;59;170
60;80;224;60;164
60;1560;153;45;108
60;1473;201;61;140
60;1386;225;76;149
60;1299;208;68;140
60;1212;243;86;157
60;1125;243;54;189
60;1038;242;53;189
60;951;249;78;171
60;864;256;72;184
60;777;247;74;173
60;690;244;75;169
60;603;285;81;204
60;516;281;80;201
60;429;221;54;167
60;342;243;66;177
60;255;214;55;159
60;168;215;56;159
60;81;183;47;136
60;1561;187;56;131
60;1474;201;64;137
60;1387;195;61;134
60;1300;223;74;149
60;1213;228;49;179
60;1126;220;51;169
60;1039;232;73;159
60;952;221;54;167
60;865;230;67;163
60;778;226;68;158
60;691;262;70;192
60;604;253;73;180
60;517;204;46;158
60;430;220;59;161
60;343;199;50;149
60;256;206;52;154
60;169;174;43;131
60;82;130;44;86
60;1562;186;56;130
60;1475;181;52;129
60;1388;209;66;143
60;1301;212;44;168
60;1214;195;44;151
60;1127;213;65;148
60;1040;206;50;156
60;953;206;56;150
60;866;199;54;145
60;779;243;59;184
60;692;235;62;173
60;605;183;38;145
60;518;198;51;147
60;431;179;46;133
60;344;178;40;138
60;257;159;37;122
60;170;120;43;77
60;83;86;27;59
60;1563;168;49;119
60;1476;187;57;130
60;1389;184;39;145
60;1302;176;40;136
60;1215;193;58;135
60;1128;183;44;139
60;1041;186;49;137
60;954;168;40;128
60;867;223;57;166
60;780;219;56;163
60;693;163;36;127
60;606;180;45;135
60;519;149;37;112
60;432;163;37;126
60;345;138;31;107
60;258;113;39;74
60;171;75;23;52
60;84;74;18;56
60;1564;166;53;113
60;1477;162;34;128
60;1390;159;33;126
60;1303;171;53;118
60;1216;157;33;124
60;1129;170;43;127
60;1042;147;34;113
60;955;188;44;144
60;868;193;50;143
60;781;150;32;118
60;694;155;43;112
60;607;134;32;102
60;520;142;29;113
60;433;124;24;100
60;346;97;33;64
60;259;72;25;47
60;172;67;15;52
60;85;68;17;51
60;1565;725;150;575
60;1478;716;170;546
60;1391;703;170;533
60;1304;709;153;556
60;1217;699;154;545
60;1130;696;151;545
60;1043;683;151;532
60;956;638;143;495
60;869;574;143;431
60;782;553;145;408
60;695;491;121;370
60;608;485;121;364
60;521;463;124;339
60;434;472;136;336
60;347;463;112;351
60;260;453;107;346
60;173;490;131;359
60;86;526;146;380
60;1566;23881;11280;12601
60;1479;24565;11584;12981
60;1392;25180;11885;13295
60;1305;25719;12110;13609
60;1218;26259;12357;13902
60;1131;26853;12621;14232
60;1044;27434;12852;14582
60;957;27961;13080;14881
60;870;28690;13414;15276
60;783;29218;13634;15584
60;696;29613;13767;15846
60;609;30148;14006;16142
60;522;30690;14281;16409
60;435;31436;14635;16801
60;348;32002;14894;17108
60;261;32428;15105;17323
60;174;32812;15308;17504
60;87;33221;15503;17718
61;1480;408;218;190
61;1393;430;217;213
61;1306;479;232;247
61;1219;447;221;226
61;1132;438;226;212
61;1045;393;213;180
61;958;403;202;201
61;871;362;196;166
61;784;389;188;201
61;697;438;207;231
61;610;459;229;230
61;523;406;214;192
61;436;378;216;162
61;349;412;216;196
61;262;458;240;218
61;175;431;212;219
61;88;458;224;234
61;1;524;279;245
61;1481;428;213;215
61;1394;479;232;247
61;1307;448;224;224
61;1220;443;229;214
61;1133;400;215;185
61;1046;397;195;202
61;959;357;194;163
61;872;354;164;190
61;785;431;202;229
61;698;454;228;226
61;611;395;210;185
61;524;373;211;162
61;437;405;214;191
61;350;445;234;211
61;263;425;209;216
61;176;465;230;235
61;89;513;271;242
61;2;559;291;268
61;1482;461;225;236
61;1395;434;213;221
61;1308;442;229;213
61;1221;388;207;181
61;1134;383;189;194
61;1047;347;187;160
61;960;342;156;186
61;873;400;188;212
61;786;444;220;224
61;699;389;208;181
61;612;369;209;160
61;525;405;213;192
61;438;432;226;206
61;351;421;207;214
61;264;454;222;232
61;177;512;270;242
61;90;555;288;267
61;3;566;300;266
61;1483;431;208;223
61;1396;438;226;212
61;1309;388;210;178
61;1222;382;189;193
61;1135;334;184;150
61;1048;341;154;187
61;961;391;185;206
61;874;420;223;197
61;787;382;207;175
61;700;371;208;163
61;613;401;211;190
61;526;432;227;205
61;439;414;203;211
61;352;449;219;230
61;265;506;267;239
61;178;553;286;267
61;91;561;295;266
61;4;590;311;279
61;1484;425;217;208
61;1397;375;208;167
61;1310;384;186;198
61;1223;328;177;151
61;1136;330;149;181
61;1049;388;180;208
61;962;411;215;196
61;875;365;199;166
61;788;370;210;160
61;701;392;208;184
61;614;426;224;202
61;527;413;202;211
61;440;439;215;224
61;353;498;263;235
61;266;548;285;263
61;179;560;293;267
61;92;581;308;273
61;5;658;315;343
61;1485;376;209;167
61;1398;375;180;195
61;1311;326;174;152
61;1224;327;145;182
61;1137;377;174;203
61;1050;403;212;191
61;963;356;196;160
61;876;349;199;150
61;789;383;203;180
61;702;417;222;195
61;615;410;201;209
61;528;438;215;223
61;441;488;254;234
61;354;537;281;256
61;267;555;292;263
61;180;579;307;272
61;93;659;318;341
61;6;721;380;341
61;1486;375;183;192
61;1399;325;172;153
61;1312;321;141;180
61;1225;365;170;195
61;1138;394;206;188
61;1051;348;193;155
61;964;348;199;149
61;877;391;213;178
61;790;413;218;195
61;703;403;199;204
61;616;438;217;221
61;529;485;249;236
61;442;529;277;252
61;355;549;291;258
61;268;571;305;266
61;181;654;314;340
61;94;715;376;339
61;7;717;362;355
61;1487;324;170;154
61;1400;325;148;177
61;1313;372;173;199
61;1226;388;203;185
61;1139;349;197;152
61;1052;340;195;145
61;965;390;209;181
61;878;426;217;209
61;791;397;193;204
61;704;433;214;219
61;617;476;243;233
61;530;524;273;251
61;443;542;286;256
61;356;568;304;264
61;269;654;314;340
61;182;712;373;339
61;95;713;361;352
61;8;775;392;383
61;1488;324;148;176
61;1401;360;167;193
61;1314;382;201;181
61;1227;344;193;151
61;1140;341;197;144
61;1053;387;208;179
61;966;427;219;208
61;879;402;189;213
61;792;429;215;214
61;705;476;244;232
61;618;520;274;246
61;531;541;287;254
61;444;560;297;263
61;357;646;312;334
61;270;709;371;338
61;183;716;361;355
61;96;773;392;381
61;9;905;448;457
61;1489;352;167;185
61;1402;379;201;178
61;1315;347;194;153
61;1228;335;193;142
61;1141;384;206;178
61;1054;423;214;209
61;967;402;188;214
61;880;442;217;225
61;793;474;242;232
61;706;518;273;245
61;619;536;283;253
61;532;552;293;259
61;445;639;308;331
61;358;708;372;336
61;271;706;358;348
61;184;771;390;381
61;97;898;444;454
61;10;880;456;424
61;1490;374;198;176
61;1403;337;187;150
61;1316;331;190;141
61;1229;381;203;178
61;1142;421;211;210
61;1055;395;185;210
61;968;439;217;222
61;881;485;256;229
61;794;510;270;240
61;707;539;284;255
61;620;544;289;255
61;533;630;301;329
61;446;705;367;338
61;359;699;356;343
61;272;759;384;375
61;185;895;441;454
61;98;874;451;423
61;11;983;481;502
61;1491;335;183;152
61;1404;326;189;137
61;1317;374;201;173
61;1230;421;213;208
61;1143;396;185;211
61;1056;436;217;219
61;969;487;256;231
61;882;513;278;235
61;795;539;281;258
61;708;535;285;250
61;621;620;297;323
61;534;703;369;334
61;447;688;348;340
61;360;749;380;369
61;273;888;438;450
61;186;871;449;422
61;99;972;475;497
61;12;889;464;425
61;1492;322;183;139
61;1405;368;196;172
61;1318;414;211;203
61;1231;394;182;212
61;1144;436;217;219
61;1057;487;253;234
61;970;505;276;229
61;883;518;267;251
61;796;527;281;246
61;709;618;294;324
61;622;698;364;334
61;535;684;344;340
61;448;739;377;362
61;361;877;433;444
61;274;855;442;413
61;187;959;469;490
61;100;872;454;418
61;13;956;452;504
61;1493;362;193;169
61;1406;403;205;198
61;1319;394;181;213
61;1232;432;213;219
61;1145;490;256;234
61;1058;499;274;225
61;971;512;264;248
61;884;543;281;262
61;797;615;293;322
61;710;691;361;330
61;623;673;338;335
61;536;736;376;360
61;449;855;422;433
61;362;842;434;408
61;275;947;464;483
61;188;863;447;416
61;101;940;441;499
61;14;951;474;477
61;1494;399;201;198
61;1407;387;183;204
61;1320;430;212;218
61;1233;484;252;232
61;1146;496;275;221
61;1059;514;265;249
61;972;537;278;259
61;885;600;292;308
61;798;682;355;327
61;711;674;342;332
61;624;735;376;359
61;537;849;419;430
61;450;824;421;403
61;363;933;457;476
61;276;848;439;409
61;189;927;433;494
61;102;935;463;472
61;15;940;479;461
61;1495;382;180;202
61;1408;424;209;215
61;1321;478;249;229
61;1234;495;273;222
61;1147;509;261;248
61;1060;537;277;260
61;973;603;291;312
61;886;678;345;333
61;799;669;339;330
61;712;730;373;357
61;625;841;415;426
61;538;814;412;402
61;451;902;441;461
61;364;834;433;401
61;277;914;431;483
61;190;922;454;468
61;103;924;470;454
61;16;942;461;481
61;1496;421;207;214
61;1409;472;243;229
61;1322;492;273;219
61;1235;507;262;245
61;1148;535;276;259
61;1061;598;289;309
61;974;673;344;329
61;887;663;323;340
61;800;724;369;355
61;713;838;414;424
61;626;803;409;394
61;539;890;434;456
61;452;802;416;386
61;365;890;423;467
61;278;910;450;460
61;191;912;461;451
61;104;932;455;477
61;17;874;452;422
61;1497;472;243;229
61;1410;492;272;220
61;1323;504;260;244
61;1236;534;276;258
61;1149;594;286;308
61;1062;673;345;328
61;975;662;324;338
61;888;716;363;353
61;801;837;413;424
61;714;794;403;391
61;627;877;431;446
61;540;797;411;386
61;453;852;403;449
61;366;892;446;446
61;279;897;454;443
61;192;919;447;472
61;105;856;440;416
61;18;851;442;409
61;1498;486;270;216
61;1411;502;256;246
61;1324;527;268;259
61;1237;581;280;301
61;1150;665;342;323
61;1063;645;318;327
61;976;705;355;350
61;889;800;395;405
61;802;785;400;385
61;715;874;428;446
61;628;781;404;377
61;541;832;389;443
61;454;852;422;430
61;367;871;440;431
61;280;895;436;459
61;193;849;435;414
61;106;828;431;397
61;19;639;329;310
61;1499;469;242;227
61;1412;500;252;248
61;1325;561;270;291
61;1238;654;335;319
61;1151;629;313;316
61;1064;680;342;338
61;977;757;382;375
61;890;636;350;286
61;803;860;421;439
61;716;776;401;375
61;629;821;386;435
61;542;833;411;422
61;455;824;412;412
61;368;872;428;444
61;281;824;423;401
61;194;824;429;395
61;107;617;320;297
61;20;565;330;235
61;1500;482;243;239
61;1413;559;268;291
61;1326;631;322;309
61;1239;609;300;309
61;1152;674;334;340
61;1065;748;375;373
61;978;614;335;279
61;891;658;342;316
61;804;755;389;366
61;717;810;381;429
61;630;811;404;407
61;543;796;394;402
61;456;819;398;421
61;369;792;409;383
61;282;805;418;387
61;195;616;321;295
61;108;550;317;233
61;21;528;285;243
61;1501;532;250;282
61;1414;614;305;309
61;1327;593;286;307
61;1240;657;327;330
61;1153;744;363;381
61;1066;604;335;269
61;979;636;330;306
61;892;560;288;272
61;805;794;374;420
61;718;792;396;396
61;631;777;385;392
61;544;794;386;408
61;457;738;380;358
61;370;783;406;377
61;283;602;315;287
61;196;547;315;232
61;109;519;280;239
61;22;613;310;303
61;1502;578;290;288
61;1415;572;283;289
61;1328;630;315;315
61;1241;714;349;365
61;1154;594;332;262
61;1067;610;322;288
61;980;533;276;257
61;893;587;279;308
61;806;770;380;390
61;719;753;371;382
61;632;768;376;392
61;545;719;365;354
61;458;734;378;356
61;371;571;299;272
61;284;535;308;227
61;197;523;281;242
61;110;615;303;312
61;23;610;314;296
61;1503;528;264;264
61;1416;596;301;295
61;1329;690;340;350
61;1242;580;329;251
61;1155;579;317;262
61;1068;522;281;241
61;981;524;250;274
61;894;604;300;304
61;807;719;355;364
61;720;754;371;383
61;633;705;361;344
61;546;717;364;353
61;459;548;283;265
61;372;514;298;216
61;285;526;278;248
61;198;619;302;317
61;111;605;306;299
61;24;597;333;264
61;1504;549;276;273
61;1417;662;323;339
61;1330;554;314;240
61;1243;552;307;245
61;1156;524;293;231
61;1069;503;246;257
61;982;563;285;278
61;895;519;269;250
61;808;736;362;374
61;721;687;356;331
61;634;691;349;342
61;547;537;274;263
61;460;479;282;197
61;373;505;276;229
61;286;619;299;320
61;199;610;306;304
61;112;597;326;271
61;25;673;346;327
61;1505;619;297;322
61;1418;517;300;217
61;1331;511;287;224
61;1244;501;276;225
61;1157;484;240;244
61;1070;549;280;269
61;983;484;256;228
61;896;500;262;238
61;809;664;340;324
61;722;680;342;338
61;635;513;265;248
61;548;453;269;184
61;461;469;255;214
61;374;611;297;314
61;287;590;299;291
61;200;600;329;271
61;113;661;338;323
61;26;702;347;355
61;1506;471;279;192
61;1419;469;272;197
61;1332;479;260;219
61;1245;479;236;243
61;1158;534;281;253
61;1071;472;250;222
61;984;450;245;205
61;897;482;251;231
61;810;635;322;313
61;723;488;256;232
61;636;432;255;177
61;549;444;238;206
61;462;586;281;305
61;375;574;290;284
61;288;595;324;271
61;201;661;334;327
61;114;695;342;353
61;27;709;370;339
61;1507;431;255;176
61;1420;436;243;193
61;1333;458;232;226
61;1246;504;260;244
61;1159;453;238;215
61;1072;426;230;196
61;985;442;220;222
61;898;475;253;222
61;811;462;242;220
61;724;421;250;171
61;637;429;234;195
61;550;564;268;296
61;463;533;269;264
61;376;571;312;259
61;289;653;330;323
61;202;683;335;348
61;115;697;357;340
61;28;694;307;387
61;1508;393;217;176
61;1421;437;222;215
61;1334;488;248;240
61;1247;452;239;213
61;1160;413;231;182
61;1073;412;206;206
61;986;450;245;205
61;899;399;196;203
61;812;400;237;163
61;725;424;227;197
61;638;549;264;285
61;551;519;259;260
61;464;552;303;249
61;377;625;315;310
61;290;669;324;345
61;203;690;350;340
61;116;676;293;383
61;29;792;405;387
61;1509;405;210;195
61;1422;458;239;219
61;1335;432;228;204
61;1248;398;218;180
61;1161;387;192;195
61;1074;443;244;199
61;987;368;178;190
61;900;426;217;209
61;813;409;223;186
61;726;535;255;280
61;639;499;251;248
61;552;541;293;248
61;465;610;309;301
61;378;643;312;331
61;291;683;347;336
61;204;675;294;381
61;117;779;398;381
61;30;761;382;379
61;1510;421;215;206
61;1423;393;206;187
61;1336;383;214;169
61;1249;389;195;194
61;1162;424;235;189
61;1075;351;169;182
61;988;406;204;202
61;901;415;206;209
61;814;518;248;270
61;727;483;238;245
61;640;523;280;243
61;553;596;302;294
61;466;623;302;321
61;379;666;338;328
61;292;662;290;372
61;205;777;399;378
61;118;752;375;377
61;31;777;408;369
61;1511;359;195;164
61;1424;362;198;164
61;1337;389;192;197
61;1250;427;242;185
61;1163;343;169;174
61;1076;387;194;193
61;989;402;200;202
61;902;484;227;257
61;815;475;232;243
61;728;509;276;233
61;641;581;292;289
61;554;614;297;317
61;467;639;324;315
61;380;647;280;367
61;293;761;389;372
61;206;739;370;369
61;119;763;402;361
61;32;725;383;342
61;1512;339;186;153
61;1425;370;187;183
61;1338;412;230;182
61;1251;328;161;167
61;1164;377;185;192
61;1077;393;194;199
61;990;464;211;253
61;903;469;229;240
61;816;496;271;225
61;729;574;287;287
61;642;604;295;309
61;555;623;316;307
61;468;631;271;360
61;381;734;374;360
61;294;727;366;361
61;207;755;397;358
61;120;711;372;339
61;33;796;369;427
61;1513;341;173;168
61;1426;390;215;175
61;1339;329;159;170
61;1252;369;181;188
61;1165;388;194;194
61;1078;457;207;250
61;991;458;222;236
61;904;463;244;219
61;817;561;280;281
61;730;592;291;301
61;643;617;313;304
61;556;630;266;364
61;469;710;359;351
61;382;713;357;356
61;295;740;387;353
61;208;702;367;335
61;121;782;361;421
61;34;768;381;387
61;1514;376;205;171
61;1427;312;149;163
61;1340;363;180;183
61;1253;377;185;192
61;1166;437;188;249
61;1079;450;223;227
61;992;455;234;221
61;905;528;247;281
61;818;578;284;294
61;731;606;305;301
61;644;620;263;357
61;557;690;348;342
61;470;685;342;343
61;383;720;377;343
61;296;694;357;337
61;209;773;354;419
61;122;755;372;383
61;35;783;374;409
61;1515;295;138;157
61;1428;338;170;168
61;1341;373;184;189
61;1254;426;184;242
61;1167;432;210;222
61;1080;449;231;218
61;993;519;245;274
61;906;577;280;297
61;819;587;297;290
61;732;609;259;350
61;645;686;346;340
61;558;684;341;343
61;471;696;360;336
61;384;673;342;331
61;297;771;358;413
61;210;745;364;381
61;123;769;363;406
61;36;769;383;386
61;1516;317;154;163
61;1429;373;189;184
61;1342;415;177;238
61;1255;414;198;216
61;1168;449;230;219
61;1081;511;240;271
61;994;568;271;297
61;907;592;301;291
61;820;598;253;345
61;733;668;334;334
61;646;666;329;337
61;559;680;346;334
61;472;653;327;326
61;385;754;353;401
61;298;735;359;376
61;211;752;353;399
61;124;758;376;382
61;37;778;397;381
61;1517;362;180;182
61;1430;405;169;236
61;1343;405;193;212
61;1256;444;220;224
61;1169;503;235;268
61;1082;556;262;294
61;995;584;298;286
61;908;580;248;332
61;821;663;333;330
61;734;657;322;335
61;647;675;346;329
61;560;639;320;319
61;473;721;332;389
61;386;721;351;370
61;299;745;348;397
61;212;755;374;381
61;125;767;385;382
61;38;763;385;378
61;1518;393;161;232
61;1431;396;185;211
61;1344;437;216;221
61;1257;497;229;268
61;1170;549;255;294
61;1083;572;297;275
61;996;568;240;328
61;909;647;319;328
61;822;646;315;331
61;735;663;339;324
61;648;634;314;320
61;561;705;321;384
61;474;702;338;364
61;387;742;351;391
61;300;746;369;377
61;213;759;379;380
61;126;748;375;373
61;39;799;423;376
61;1519;383;179;204
61;1432;431;211;220
61;1345;494;227;267
61;1258;543;252;291
61;1171;564;289;275
61;1084;573;242;331
61;997;624;310;314
61;910;656;313;343
61;823;654;334;320
61;736;631;313;318
61;649;694;316;378
61;562;688;328;360
61;475;716;335;381
61;388;734;363;371
61;301;752;379;373
61;214;738;368;370
61;127;777;409;368
61;40;824;421;403
61;1520;422;204;218
61;1433;477;216;261
61;1346;536;248;288
61;1259;559;284;275
61;1172;567;241;326
61;1085;605;299;306
61;998;648;308;340
61;911;648;313;335
61;824;623;307;316
61;737;684;312;372
61;650;680;326;354
61;563;697;323;374
61;476;715;346;369
61;389;742;371;371
61;302;732;365;367
61;215;769;404;365
61;128;801;405;396
61;41;915;463;452
61;1521;469;215;254
61;1434;530;251;279
61;1347;554;280;274
61;1260;560;237;323
61;1173;595;290;305
61;1086;637;302;335
61;999;634;301;333
61;912;638;323;315
61;825;671;299;372
61;738;666;317;349
61;651;681;317;364
61;564;693;334;359
61;477;719;358;361
61;390;723;358;365
61;303;762;398;364
61;216;795;399;396
61;129;904;455;449
61;42;795;384;411
61;1522;520;248;272
61;1435;535;266;269
61;1348;551;232;319
61;1261;601;289;312
61;1174;628;297;331
61;1087;625;297;328
61;1000;628;318;310
61;913;681;309;372
61;826;658;309;349
61;739;671;314;357
61;652;677;326;351
61;565;706;349;357
61;478;704;345;359
61;391;741;390;351
61;304;785;394;391
61;217;902;456;446
61;130;784;377;407
61;43;791;404;387
61;1523;522;257;265
61;1436;535;225;310
61;1349;595;284;311
61;1262;627;299;328
61;1175;624;296;328
61;1088;623;315;308
61;1001;666;304;362
61;914;667;323;344
61;827;661;307;354
61;740;665;319;346
61;653;691;340;351
61;566;693;340;353
61;479;726;378;348
61;392;769;385;384
61;305;897;453;444
61;218;784;379;405
61;131;785;400;385
61;44;722;353;369
61;1524;532;225;307
61;1437;579;277;302
61;1350;631;301;330
61;1263;612;288;324
61;1176;615;312;303
61;1089;659;298;361
61;1002;657;320;337
61;915;674;319;355
61;828;654;314;340
61;741;688;337;351
61;654;679;333;346
61;567;711;371;340
61;480;749;372;377
61;393;884;448;436
61;306;772;370;402
61;219;782;397;385
61;132;709;345;364
61;45;666;331;335
61;1525;569;267;302
61;1438;627;300;327
61;1351;602;284;318
61;1264;616;311;305
61;1177;650;294;356
61;1090;649;317;332
61;1003;660;312;348
61;916;665;330;335
61;829;676;332;344
61;742;671;328;343
61;655;693;362;331
61;568;735;363;372
61;481;867;441;426
61;394;761;370;391
61;307;775;397;378
61;220;700;341;359
61;133;657;324;333
61;46;677;317;360
61;1526;613;295;318
61;1439;597;279;318
61;1352;613;306;307
61;1265;650;294;356
61;1178;643;313;330
61;1091;648;307;341
61;1004;653;321;332
61;917;667;331;336
61;830;664;323;341
61;743;690;359;331
61;656;715;350;365
61;569;862;436;426
61;482;743;358;385
61;395;765;393;372
61;308;692;334;358
61;221;644;315;329
61;134;663;311;352
61;47;634;306;328
61;1527;584;271;313
61;1440;605;303;302
61;1353;640;290;350
61;1266;640;313;327
61;1179;636;300;336
61;1092;650;320;330
61;1005;659;329;330
61;918;663;324;339
61;831;679;350;329
61;744;708;349;359
61;657;839;424;415
61;570;730;352;378
61;483;757;387;370
61;396;683;336;347
61;309;632;310;322
61;222;663;311;352
61;135;630;305;325
61;48;610;301;309
61;1528;596;295;301
61;1441;631;285;346
61;1354;629;308;321
61;1267;632;296;336
61;1180;637;313;324
61;1093;658;330;328
61;1006;651;319;332
61;919;693;354;339
61;832;703;345;358
61;745;830;416;414
61;658;711;340;371
61;571;748;378;370
61;484;666;324;342
61;397;623;305;318
61;310;645;299;346
61;223;620;297;323
61;136;597;293;304
61;49;575;276;299
61;1529;627;282;345
61;1442;624;306;318
61;1355;627;296;331
61;1268;635;310;325
61;1181;654;329;325
61;1094;648;316;332
61;1007;685;352;333
61;920;704;338;366
61;833;814;405;409
61;746;706;338;368
61;659;739;371;368
61;572;657;317;340
61;485;602;291;311
61;398;629;294;335
61;311;611;292;319
61;224;592;289;303
61;137;562;267;295
61;50;590;260;330
61;1530;615;298;317
61;1443;617;296;321
61;1356;636;307;329
61;1269;647;324;323
61;1182;634;308;326
61;1095;676;346;330
61;1008;690;334;356
61;921;800;399;401
61;834;697;331;366
61;747;733;365;368
61;660;646;309;337
61;573;588;286;302
61;486;618;284;334
61;399;599;284;315
61;312;579;279;300
61;225;555;261;294
61;138;579;250;329
61;51;598;288;310
61;1531;610;297;313
61;1444;627;301;326
61;1357;649;326;323
61;1270;625;306;319
61;1183;673;344;329
61;1096;686;331;355
61;1009;796;398;398
61;922;698;335;363
61;835;718;357;361
61;748;642;305;337
61;661;577;281;296
61;574;602;272;330
61;487;589;280;309
61;400;566;273;293
61;313;544;255;289
61;226;576;247;329
61;139;584;278;306
61;52;627;295;332
61;1532;617;297;320
61;1445;639;316;323
61;1358;622;303;319
61;1271;674;344;330
61;1184;681;326;355
61;1097;788;391;397
61;1010;695;335;360
61;923;692;349;343
61;836;628;295;333
61;749;562;277;285
61;662;593;268;325
61;575;574;274;300
61;488;546;258;288
61;401;535;248;287
61;314;566;245;321
61;227;578;276;302
61;140;615;287;328
61;53;593;270;323
61;1533;630;307;323
61;1446;611;293;318
61;1359;663;337;326
61;1272;683;327;356
61;1185;776;383;393
61;1098;686;330;356
61;1011;683;342;341
61;924;618;288;330
61;837;556;270;286
61;750;578;257;321
61;663;568;266;302
61;576;533;252;281
61;489;518;238;280
61;402;554;238;316
61;315;575;276;299
61;228;613;285;328
61;141;591;269;322
61;54;529;267;262
61;1534;605;289;316
61;1447;655;331;324
61;1360;681;324;357
61;1273;769;378;391
61;1186;681;326;355
61;1099;673;338;335
61;1012;609;285;324
61;925;576;280;296
61;838;566;249;317
61;751;557;260;297
61;664;525;247;278
61;577;505;229;276
61;490;536;226;310
61;403;559;269;290
61;316;611;285;326
61;229;584;268;316
61;142;520;262;258
61;55;501;222;279
61;1535;648;326;322
61;1448;671;319;352
61;1361;756;366;390
61;1274;672;315;357
61;1187;656;329;327
61;1100;599;277;322
61;1013;571;277;294
61;926;581;251;330
61;839;542;250;292
61;752;516;243;273
61;665;491;221;270
61;578;523;216;307
61;491;542;260;282
61;404;601;280;321
61;317;577;260;317
61;230;517;260;257
61;143;490;218;272
61;56;550;235;315
61;1536;663;312;351
61;1449;741;357;384
61;1362;665;312;353
61;1275;653;328;325
61;1188;599;278;321
61;1101;563;273;290
61;1014;572;246;326
61;927;553;258;295
61;840;509;237;272
61;753;481;215;266
61;666;508;207;301
61;579;534;253;281
61;492;590;270;320
61;405;568;256;312
61;318;515;257;258
61;231;478;208;270
61;144;535;227;308
61;57;436;183;253
61;1537;725;350;375
61;1450;654;302;352
61;1363;643;320;323
61;1276;593;271;322
61;1189;558;270;288
61;1102;565;240;325
61;1015;546;254;292
61;928;525;247;278
61;841;476;209;267
61;754;496;204;292
61;667;516;242;274
61;580;579;263;316
61;493;554;248;306
61;406;507;253;254
61;319;471;203;268
61;232;525;222;303
61;145;422;178;244
61;58;568;236;332
61;1538;639;293;346
61;1451;635;313;322
61;1364;587;266;321
61;1277;551;269;282
61;1190;555;231;324
61;1103;535;248;287
61;1016;519;243;276
61;929;487;213;274
61;842;495;204;291
61;755;502;234;268
61;668;572;258;314
61;581;543;241;302
61;494;488;242;246
61;407;451;191;260
61;320;517;214;303
61;233;414;172;242
61;146;548;223;325
61;59;640;308;332
61;1539;628;304;324
61;1452;576;262;314
61;1365;546;262;284
61;1278;549;228;321
61;1191;532;245;287
61;1104;513;237;276
61;1017;476;207;269
61;930;515;206;309
61;843;493;228;265
61;756;562;250;312
61;669;531;232;299
61;582;480;234;246
61;495;437;181;256
61;408;510;213;297
61;321;406;165;241
61;234;537;216;321
61;147;623;301;322
61;60;565;238;327
61;1540;568;254;314
61;1453;537;256;281
61;1366;534;215;319
61;1279;526;240;286
61;1192;504;233;271
61;1105;470;201;269
61;1018;506;199;307
61;931;492;222;270
61;844;538;233;305
61;757;526;226;300
61;670;469;226;243
61;583;426;173;253
61;496;491;200;291
61;409;396;159;237
61;322;523;210;313
61;235;612;293;319
61;148;555;232;323
61;61;537;226;311
61;1541;528;249;279
61;1454;527;211;316
61;1367;523;235;288
61;1280;490;221;269
61;1193;464;194;270
61;1106;497;193;304
61;1019;489;220;269
61;932;562;243;319
61;845;512;215;297
61;758;460;219;241
61;671;407;165;242
61;584;483;193;290
61;497;386;155;231
61;410;514;206;308
61;323;589;280;309
61;236;542;225;317
61;149;531;220;311
61;62;519;217;302
61;1542;517;204;313
61;1455;519;229;290
61;1368;483;215;268
61;1281;460;195;265
61;1194;481;183;298
61;1107;482;214;268
61;1020;552;239;313
61;933;529;224;305
61;846;452;212;240
61;759;402;161;241
61;672;470;185;285
61;585;375;152;223
61;498;496;195;301
61;411;574;271;303
61;324;523;218;305
61;237;521;215;306
61;150;517;212;305
61;63;547;222;325
61;1543;507;221;286
61;1456;472;208;264
61;1369;456;192;264
61;1282;475;180;295
61;1195;469;206;263
61;1108;539;231;308
61;1021;518;216;302
61;934;447;203;244
61;847;391;153;238
61;760;457;178;279
61;673;359;143;216
61;586;482;186;296
61;499;549;253;296
61;412;503;206;297
61;325;513;211;302
61;238;510;206;304
61;151;542;217;325
61;64;538;223;315
61;1544;462;200;262
61;1457;445;184;261
61;1370;468;176;292
61;1283;465;206;259
61;1196;521;217;304
61;1109;503;206;297
61;1022;438;199;239
61;935;396;157;239
61;848;450;176;274
61;761;357;143;214
61;674;472;183;289
61;587;536;248;288
61;500;490;196;294
61;413;499;205;294
61;326;496;195;301
61;239;529;209;320
61;152;530;218;312
61;65;544;204;340
61;1545;438;180;258
61;1458;456;166;290
61;1371;455;197;258
61;1284;513;211;302
61;1197;491;199;292
61;1110;435;197;238
61;1023;375;141;234
61;936;461;182;279
61;849;346;137;209
61;762;458;174;284
61;675;522;234;288
61;588;473;186;287
61;501;492;200;292
61;414;485;194;291
61;327;521;202;319
61;240;516;210;306
61;153;537;202;335
61;66;586;229;357
61;1546;447;162;285
61;1459;448;191;257
61;1372;506;206;300
61;1285;481;192;289
61;1198;426;188;238
61;1111;369;138;231
61;1024;447;175;272
61;937;352;137;215
61;850;442;161;281
61;763;503;223;280
61;676;466;180;286
61;589;490;198;292
61;502;475;191;284
61;415;506;197;309
61;328;505;201;304
61;241;528;195;333
61;154;579;225;354
61;67;554;221;333
61;1547;430;179;251
61;1460;493;198;295
61;1373;465;182;283
61;1286;420;187;233
61;1199;358;129;229
61;1112;442;169;273
61;1025;341;130;211
61;938;458;166;292
61;851;489;215;274
61;764;454;173;281
61;677;482;193;289
61;590;461;179;282
61;503;486;185;301
61;416;491;191;300
61;329;519;185;334
61;242;567;221;346
61;155;541;217;324
61;68;537;213;324
61;1548;480;189;291
61;1461;455;175;280
61;1374;408;178;230
61;1287;350;124;226
61;1200;426;160;266
61;1113;330;124;206
61;1026;443;158;285
61;939;485;196;289
61;852;447;169;278
61;765;460;180;280
61;678;447;172;275
61;591;468;175;293
61;504;475;181;294
61;417;498;175;323
61;330;560;219;341
61;243;528;204;324
61;156;521;202;319
61;69;553;193;360
61;1549;445;169;276
61;1462;396;171;225
61;1375;333;116;217
61;1288;419;156;263
61;1201;321;119;202
61;1114;427;151;276
61;1027;475;189;286
61;940;455;167;288
61;853;446;173;273
61;766;431;161;270
61;679;451;162;289
61;592;460;172;288
61;505;485;172;313
61;418;539;207;332
61;331;515;192;323
61;244;506;190;316
61;157;543;188;355
61;70;500;192;308
61;1550;385;165;220
61;1463;332;114;218
61;1376;407;148;259
61;1289;310;114;196
61;1202;416;144;272
61;1115;451;171;280
61;1028;441;160;281
61;941;444;171;273
61;854;419;155;264
61;767;439;156;283
61;680;443;164;279
61;593;472;162;310
61;506;520;190;330
61;419;502;187;315
61;332;500;188;312
61;245;535;183;352
61;158;486;181;305
61;71;485;178;307
61;1551;325;110;215
61;1464;389;138;251
61;1377;307;113;194
61;1290;406;136;270
61;1203;436;163;273
61;1116;426;157;269
61;1029;427;162;265
61;942;421;156;265
61;855;426;152;274
61;768;420;152;268
61;681;457;151;306
61;594;505;178;327
61;507;488;176;312
61;420;478;177;301
61;333;516;168;348
61;246;472;171;301
61;159;478;171;307
61;72;425;144;281
61;1552;377;132;245
61;1465;297;109;188
61;1378;397;130;267
61;1291;423;156;267
61;1204;413;150;263
61;1117;411;152;259
61;1030;412;149;263
61;943;424;150;274
61;856;403;142;261
61;769;445;148;297
61;682;487;168;319
61;595;467;166;301
61;508;469;169;300
61;421;504;164;340
61;334;461;164;297
61;247;463;161;302
61;160;415;140;275
61;73;463;147;316
61;1553;287;103;184
61;1466;389;128;261
61;1379;404;142;262
61;1292;396;142;254
61;1205;396;141;255
61;1118;405;144;261
61;1031;410;139;271
61;944;407;146;261
61;857;430;143;287
61;770;468;158;310
61;683;451;157;294
61;596;452;157;295
61;509;480;151;329
61;422;436;149;287
61;335;451;156;295
61;248;400;131;269
61;161;452;144;308
61;74;428;133;295
61;1554;378;122;256
61;1467;384;136;248
61;1380;383;137;246
61;1293;385;135;250
61;1206;388;133;255
61;1119;394;132;262
61;1032;389;134;255
61;945;412;135;277
61;858;447;147;300
61;771;432;148;284
61;684;431;146;285
61;597;451;136;315
61;510;421;140;281
61;423;426;144;282
61;336;388;126;262
61;249;437;139;298
61;162;418;132;286
61;75;381;133;248
61;1555;373;128;245
61;1468;370;129;241
61;1381;364;122;242
61;1294;373;126;247
61;1207;377;125;252
61;1120;384;131;253
61;1033;392;125;267
61;946;441;139;302
61;859;423;146;277
61;772;412;142;270
61;685;420;123;297
61;598;395;124;271
61;511;405;136;269
61;424;367;119;248
61;337;421;128;293
61;250;400;118;282
61;163;370;129;241
61;76;342;102;240
61;1556;358;122;236
61;1469;347;116;231
61;1382;361;125;236
61;1295;351;111;240
61;1208;370;124;246
61;1121;368;116;252
61;1034;423;131;292
61;947;396;138;258
61;860;384;130;254
61;773;398;117;281
61;686;378;114;264
61;599;387;131;256
61;512;345;108;237
61;425;397;119;278
61;338;382;114;268
61;251;350;123;227
61;164;329;96;233
61;77;307;101;206
61;1557;333;111;222
61;1470;349;120;229
61;1383;337;105;232
61;1296;352;111;241
61;1209;341;103;238
61;1122;407;123;284
61;1035;379;130;249
61;948;369;123;246
61;861;370;106;264
61;774;354;106;248
61;687;358;117;241
61;600;335;100;235
61;513;373;106;267
61;426;355;105;250
61;339;333;110;223
61;252;307;84;223
61;165;299;97;202
61;78;310;107;203
61;1558;339;115;224
61;1471;321;97;224
61;1384;344;104;240
61;1297;328;97;231
61;1210;387;116;271
61;1123;361;120;241
61;1036;346;111;235
61;949;363;113;250
61;862;334;99;235
61;775;341;104;237
61;688;309;87;222
61;601;355;99;256
61;514;320;94;226
61;427;316;100;216
61;340;303;80;223
61;253;278;91;187
61;166;294;101;193
61;79;241;70;171
61;1559;304;90;214
61;1472;333;99;234
61;1385;303;89;214
61;1298;364;106;258
61;1211;336;102;234
61;1124;330;101;229
61;1037;348;104;244
61;950;318;89;229
61;863;327;101;226
61;776;288;78;210
61;689;335;91;244
61;602;308;89;219
61;515;287;86;201
61;428;288;78;210
61;341;263;82;181
61;254;272;88;184
61;167;234;68;166
61;80;234;65;169
61;1560;308;89;219
61;1473;291;86;205
61;1386;344;99;245
61;1299;321;95;226
61;1212;304;90;214
61;1125;336;100;236
61;1038;293;81;212
61;951;316;102;214
61;864;275;74;201
61;777;309;80;229
61;690;292;86;206
61;603;271;81;190
61;516;265;66;199
61;429;242;77;165
61;342;246;81;165
61;255;216;60;156
61;168;229;65;164
61;81;196;46;150
61;1561;270;78;192
61;1474;323;88;235
61;1387;292;83;209
61;1300;283;86;197
61;1213;316;94;222
61;1126;273;73;200
61;1039;287;91;196
61;952;267;73;194
61;865;291;70;221
61;778;271;75;196
61;691;252;74;178
61;604;241;60;181
61;517;213;64;149
61;430;230;77;153
61;343;211;57;154
61;256;213;57;156
61;169;182;43;139
61;82;180;56;124
61;1562;299;78;221
61;1475;264;70;194
61;1388;260;74;186
61;1301;295;85;210
61;1214;245;60;185
61;1127;263;80;183
61;1040;236;64;172
61;953;265;59;206
61;866;250;65;185
61;779;231;62;169
61;692;227;58;169
61;605;196;57;139
61;518;211;70;141
61;431;192;49;143
61;344;201;55;146
61;257;170;42;128
61;170;161;49;112
61;83;97;28;69
61;1563;239;58;181
61;1476;232;64;168
61;1389;259;67;192
61;1302;221;56;165
61;1215;236;69;167
61;1128;210;56;154
61;1041;247;52;195
61;954;215;51;164
61;867;210;55;155
61;780;209;49;160
61;693;172;48;124
61;606;192;60;132
61;519;171;45;126
61;432;179;47;132
61;345;155;36;119
61;258;146;41;105
61;171;91;26;65
61;84;91;28;63
61;1564;215;61;154
61;1477;234;57;177
61;1390;196;49;147
61;1303;218;64;154
61;1216;186;50;136
61;1129;227;50;177
61;1042;189;41;148
61;955;199;53;146
61;868;188;43;145
61;781;155;40;115
61;694;175;54;121
61;607;148;31;117
61;520;156;35;121
61;433;138;33;105
61;346;135;34;101
61;259;82;22;60
61;172;79;25;54
61;85;96;31;65
61;1565;975;230;745
61;1478;933;224;709
61;1391;913;219;694
61;1304;878;206;672
61;1217;884;195;689
61;1130;849;192;657
61;1043;804;189;615
61;956;736;164;572
61;869;741;162;579
61;782;699;160;539
61;695;657;145;512
61;608;627;149;478
61;521;583;145;438
61;434;561;149;412
61;347;525;147;378
61;260;520;150;370
61;173;532;152;380
61;86;513;148;365
61;1566;38921;17856;21065
61;1479;39923;18353;21570
61;1392;40788;18753;22035
61;1305;41341;19053;22288
61;1218;41839;19288;22551
61;1131;42494;19578;22916
61;1044;43124;19839;23285
61;957;44059;20275;23784
61;870;45894;21146;24748
61;783;46683;21577;25106
61;696;47318;21894;25424
61;609;48119;22270;25849
61;522;48911;22749;26162
61;435;50371;23569;26802
61;348;51352;23958;27394
61;261;51861;24225;27636
61;174;52196;24454;27742
61;87;52732;24815;27917
62;1480;384;203;181
62;1393;408;189;219
62;1306;445;234;211
62;1219;457;236;221
62;1132;467;238;229
62;1045;458;216;242
62;958;458;229;229
62;871;404;225;179
62;784;459;214;245
62;697;508;255;253
62;610;429;239;190
62;523;499;251;248
62;436;516;252;264
62;349;524;250;274
62;262;527;272;255
62;175;512;268;244
62;88;562;287;275
62;1;625;332;293
62;1481;404;186;218
62;1394;430;223;207
62;1307;445;229;216
62;1220;471;238;233
62;1133;458;217;241
62;1046;461;230;231
62;959;405;225;180
62;872;447;204;243
62;785;496;246;250
62;698;422;233;189
62;611;494;249;245
62;524;510;248;262
62;437;510;241;269
62;350;518;270;248
62;263;510;264;246
62;176;561;289;272
62;89;618;327;291
62;2;625;335;290
62;1482;428;226;202
62;1395;444;230;214
62;1308;455;228;227
62;1221;442;203;239
62;1134;455;224;231
62;1047;390;219;171
62;960;441;203;238
62;873;456;230;226
62;786;406;224;182
62;699;482;245;237
62;612;499;242;257
62;525;503;239;264
62;438;505;260;245
62;351;505;264;241
62;264;557;286;271
62;177;620;330;290
62;90;619;330;289
62;3;670;339;331
62;1483;430;221;209
62;1396;447;222;225
62;1309;440;199;241
62;1222;449;219;230
62;1135;382;214;168
62;1048;432;197;235
62;961;443;228;215
62;874;376;214;162
62;787;473;239;234
62;700;487;235;252
62;613;496;235;261
62;526;498;257;241
62;439;492;257;235
62;352;553;284;269
62;265;614;327;287
62;178;611;328;283
62;91;667;338;329
62;4;649;349;300
62;1484;436;218;218
62;1397;433;195;238
62;1310;439;215;224
62;1223;379;211;168
62;1136;428;195;233
62;1049;439;223;216
62;962;370;213;157
62;875;464;228;236
62;788;469;227;242
62;701;489;233;256
62;614;490;254;236
62;527;485;251;234
62;440;536;274;262
62;353;605;321;284
62;266;601;322;279
62;179;667;337;330
62;92;644;346;298
62;5;686;362;324
62;1485;416;191;225
62;1398;433;212;221
62;1311;364;203;161
62;1224;430;194;236
62;1137;423;216;207
62;1050;361;206;155
62;963;456;221;235
62;876;437;223;214
62;789;480;226;254
62;702;488;251;237
62;615;473;240;233
62;528;526;269;257
62;441;594;314;280
62;354;589;316;273
62;267;655;333;322
62;180;641;343;298
62;93;682;359;323
62;6;755;382;373
62;1486;424;206;218
62;1399;358;196;162
62;1312;434;194;240
62;1225;410;213;197
62;1138;355;204;151
62;1051;444;215;229
62;964;433;220;213
62;877;444;208;236
62;790;470;244;226
62;703;473;241;232
62;616;516;264;252
62;529;581;309;272
62;442;574;307;267
62;355;643;325;318
62;268;635;339;296
62;181;674;355;319
62;94;742;375;367
62;7;848;404;444
62;1487;352;193;159
62;1400;435;196;239
62;1313;401;208;193
62;1226;351;203;148
62;1139;440;214;226
62;1052;424;214;210
62;965;439;203;236
62;878;459;242;217
62;791;463;233;230
62;704;504;259;245
62;617;575;304;271
62;530;567;299;268
62;443;633;318;315
62;356;626;334;292
62;269;659;344;315
62;182;737;372;365
62;95;848;404;444
62;8;879;439;440
62;1488;427;189;238
62;1401;389;201;188
62;1314;351;205;146
62;1227;428;208;220
62;1140;415;212;203
62;1053;435;197;238
62;966;457;241;216
62;879;460;228;232
62;792;496;254;242
62;705;565;297;268
62;618;566;300;266
62;531;621;311;310
62;444;616;327;289
62;357;656;344;312
62;270;731;370;361
62;183;841;399;442
62;96;871;434;437
62;9;1048;528;520
62;1489;384;198;186
62;1402;349;207;142
62;1315;422;207;215
62;1228;403;207;196
62;1141;432;197;235
62;1054;454;238;216
62;967;457;226;231
62;880;490;259;231
62;793;556;290;266
62;706;561;297;264
62;619;610;307;303
62;532;605;322;283
62;445;638;335;303
62;358;726;370;356
62;271;831;397;434
62;184;868;433;435
62;97;1043;524;519
62;10;1004;482;522
62;1490;342;205;137
62;1403;418;204;214
62;1316;394;206;188
62;1229;429;196;233
62;1142;450;236;214
62;1055;462;232;230
62;968;483;255;228
62;881;548;276;272
62;794;552;291;261
62;707;603;302;301
62;620;598;317;281
62;533;627;327;300
62;446;716;362;354
62;359;825;395;430
62;272;865;433;432
62;185;1034;520;514
62;98;1003;480;523
62;11;959;516;443
62;1491;412;203;209
62;1404;384;206;178
62;1317;416;190;226
62;1230;443;234;209
62;1143;450;226;224
62;1056;480;255;225
62;969;538;269;269
62;882;571;305;266
62;795;596;298;298
62;708;595;316;279
62;621;615;317;298
62;534;702;353;349
62;447;810;385;425
62;360;855;431;424
62;273;1023;515;508
62;186;995;480;515
62;99;946;507;439
62;12;962;516;446
62;1492;381;210;171
62;1405;410;191;219
62;1318;434;230;204
62;1231;440;220;220
62;1144;473;252;221
62;1057;535;270;265
62;970;566;302;264
62;883;587;297;290
62;796;585;312;273
62;709;608;316;292
62;622;692;349;343
62;535;804;379;425
62;448;840;419;421
62;361;1003;506;497
62;274;983;474;509
62;187;931;498;433
62;100;950;507;443
62;13;960;485;475
62;1493;408;189;219
62;1406;425;226;199
62;1319;435;218;217
62;1232;464;245;219
62;1145;523;264;259
62;1058;561;300;261
62;971;577;295;282
62;884;586;308;278
62;797;604;313;291
62;710;690;348;342
62;623;786;370;416
62;536;819;409;410
62;449;974;488;486
62;362;975;472;503
62;275;914;490;424
62;188;933;497;436
62;101;938;472;466
62;14;1029;508;521
62;1494;422;223;199
62;1407;432;215;217
62;1320;463;246;217
62;1233;515;258;257
62;1146;559;299;260
62;1059;569;290;279
62;972;586;309;277
62;885;619;320;299
62;798;678;342;336
62;711;776;364;412
62;624;809;404;405
62;537;959;479;480
62;450;954;462;492
62;363;899;481;418
62;276;910;488;422
62;189;925;464;461
62;102;1018;501;517
62;15;1079;562;517
62;1495;426;212;214
62;1408;461;244;217
62;1321;509;254;255
62;1234;556;299;257
62;1147;565;288;277
62;1060;582;307;275
62;973;616;318;298
62;886;688;358;330
62;799;769;363;406
62;712;805;402;403
62;625;948;475;473
62;538;939;452;487
62;451;868;461;407
62;364;895;480;415
62;277;909;458;451
62;190;1004;491;513
62;103;1062;549;513
62;16;992;514;478
62;1496;459;243;216
62;1409;502;249;253
62;1322;550;295;255
62;1235;561;286;275
62;1148;575;303;272
62;1061;611;318;293
62;974;685;357;328
62;887;753;367;386
62;800;798;399;399
62;713;935;470;465
62;626;924;447;477
62;539;850;448;402
62;452;860;458;402
62;365;888;447;441
62;278;982;484;498
62;191;1045;539;506
62;104;973;502;471
62;17;953;476;477
62;1497;489;243;246
62;1410;546;294;252
62;1323;552;282;270
62;1236;574;303;271
62;1149;604;313;291
62;1062;679;358;321
62;975;749;366;383
62;888;795;404;391
62;801;922;463;459
62;714;924;447;477
62;627;833;440;393
62;540;842;449;393
62;453;855;424;431
62;366;962;472;490
62;279;1023;531;492
62;192;954;489;465
62;105;929;463;466
62;18;977;498;479
62;1498;539;290;249
62;1411;539;278;261
62;1324;564;298;266
62;1237;597;305;292
62;1150;673;356;317
62;1063;745;367;378
62;976;790;400;390
62;889;912;465;447
62;802;909;441;468
62;715;825;433;392
62;628;821;441;380
62;541;834;413;421
62;454;917;447;470
62;367;997;515;482
62;280;929;480;449
62;193;913;454;459
62;106;949;477;472
62;19;819;432;387
62;1499;501;271;230
62;1412;547;293;254
62;1325;580;298;282
62;1238;651;343;308
62;1151;718;354;364
62;1064;768;392;376
62;977;884;452;432
62;890;769;372;397
62;803;801;420;381
62;716;804;431;373
62;629;813;402;411
62;542;884;429;455
62;455;940;478;462
62;368;900;465;435
62;281;887;442;445
62;194;935;466;469
62;107;794;418;376
62;20;698;334;364
62;1500;516;273;243
62;1413;568;292;276
62;1326;638;332;306
62;1239;708;353;355
62;1152;738;376;362
62;1065;850;437;413
62;978;749;366;383
62;891;698;391;307
62;804;786;422;364
62;717;799;395;404
62;630;860;422;438
62;543;905;463;442
62;456;849;439;410
62;369;857;430;427
62;282;908;453;455
62;195;781;411;370
62;108;688;327;361
62;21;722;373;349
62;1501;533;274;259
62;1414;612;318;294
62;1327;685;342;343
62;1240;735;368;367
62;1153;826;426;400
62;1066;735;356;379
62;979;674;376;298
62;892;647;350;297
62;805;784;390;394
62;718;840;413;427
62;631;870;449;421
62;544;805;416;389
62;457;798;398;400
62;370;881;438;443
62;283;755;400;355
62;196;689;326;363
62;109;703;364;339
62;22;726;381;345
62;1502;582;300;282
62;1415;668;331;337
62;1328;699;353;346
62;1241;818;428;390
62;1154;703;342;361
62;1067;645;359;286
62;980;614;332;282
62;893;643;326;317
62;806;811;401;410
62;719;854;440;414
62;632;776;403;373
62;545;765;378;387
62;458;834;416;418
62;371;735;392;343
62;284;668;318;350
62;197;694;359;335
62;110;728;380;348
62;23;699;364;335
62;1503;614;307;307
62;1416;667;343;324
62;1329;779;400;379
62;1242;663;328;335
62;1155;605;348;257
62;1068;583;317;266
62;981;621;312;309
62;894;647;347;300
62;807;813;416;397
62;720;759;395;364
62;633;734;367;367
62;546;794;392;402
62;459;688;368;320
62;372;632;309;323
62;285;682;353;329
62;198;722;373;349
62;111;692;357;335
62;24;689;352;337
62;1504;609;316;293
62;1417;731;371;360
62;1330;610;301;309
62;1243;581;340;241
62;1156;549;307;242
62;1069;596;302;294
62;982;612;342;270
62;895;621;335;286
62;808;730;386;344
62;721;712;360;352
62;634;766;379;387
62;547;658;352;306
62;460;581;279;302
62;373;640;334;306
62;286;716;372;344
62;199;687;355;332
62;112;667;335;332
62;25;730;353;377
62;1505;667;346;321
62;1418;569;283;286
62;1331;543;319;224
62;1244;528;296;232
62;1157;565;290;275
62;1070;576;332;244
62;983;584;316;268
62;896;537;297;240
62;809;678;346;332
62;722;732;366;366
62;635;623;332;291
62;548;549;255;294
62;461;591;311;280
62;374;676;353;323
62;287;644;340;304
62;200;656;331;325
62;113;717;342;375
62;26;712;363;349
62;1506;504;263;241
62;1419;496;297;199
62;1332;488;274;214
62;1245;527;284;243
62;1158;542;304;238
62;1071;544;299;245
62;984;484;274;210
62;897;478;239;239
62;810;691;350;341
62;723;588;315;273
62;636;537;251;286
62;549;558;292;266
62;462;636;335;301
62;375;623;332;291
62;288;631;311;320
62;201;712;336;376
62;114;700;354;346
62;27;711;362;349
62;1507;460;276;184
62;1420;452;262;190
62;1333;494;275;219
62;1246;530;302;228
62;1159;513;284;229
62;1072;450;262;188
62;985;439;221;218
62;898;476;246;230
62;811;558;293;265
62;724;515;240;275
62;637;538;281;257
62;550;607;323;284
62;463;590;314;276
62;376;591;294;297
62;289;687;322;365
62;202;694;347;347
62;115;692;351;341
62;28;700;340;360
62;1508;408;236;172
62;1421;435;254;181
62;1334;501;287;214
62;1247;483;270;213
62;1160;433;251;182
62;1073;412;211;201
62;986;450;236;214
62;899;475;255;220
62;812;480;220;260
62;725;523;273;250
62;638;595;317;278
62;551;563;303;260
62;464;567;280;287
62;377;657;308;349
62;290;670;334;336
62;203;674;340;334
62;116;679;328;351
62;29;816;385;431
62;1509;388;226;162
62;1422;462;266;196
62;1335;472;264;208
62;1248;414;242;172
62;1161;392;199;193
62;1074;410;220;190
62;987;461;239;222
62;900;456;213;243
62;813;500;262;238
62;726;571;303;268
62;639;551;295;256
62;552;539;261;278
62;465;639;301;338
62;378;656;327;329
62;291;650;326;324
62;204;671;322;349
62;117;799;370;429
62;30;871;449;422
62;1510;429;255;174
62;1423;443;250;193
62;1336;405;242;163
62;1249;374;190;184
62;1162;392;215;177
62;1075;445;233;212
62;988;420;188;232
62;901;485;227;258
62;814;554;292;262
62;727;537;288;249
62;640;527;257;270
62;553;608;283;325
62;466;631;309;322
62;379;622;311;311
62;292;644;314;330
62;205;786;360;426
62;118;841;437;404
62;31;805;400;405
62;1511;406;223;183
62;1424;372;224;148
62;1337;353;184;169
62;1250;364;198;166
62;1163;438;229;209
62;1076;395;186;209
62;989;471;225;246
62;902;501;248;253
62;815;510;271;239
62;728;504;247;257
62;641;593;275;318
62;554;611;296;315
62;467;594;295;299
62;380;617;295;322
62;293;759;347;412
62;206;840;437;403
62;119;789;391;398
62;32;765;418;347
62;1512;350;213;137
62;1425;318;164;154
62;1338;346;191;155
62;1251;415;216;199
62;1164;378;175;203
62;1077;453;209;244
62;990;482;239;243
62;903;503;256;247
62;816;489;242;247
62;729;582;271;311
62;642;601;291;310
62;555;572;280;292
62;468;599;283;316
62;381;730;330;400
62;294;820;427;393
62;207;772;385;387
62;120;753;408;345
62;33;767;386;381
62;1513;305;154;151
62;1426;326;177;149
62;1339;389;206;183
62;1252;369;169;200
62;1165;439;203;236
62;1078;462;224;238
62;991;477;242;235
62;904;497;241;256
62;817;557;259;298
62;730;587;282;305
62;643;563;279;284
62;556;574;271;303
62;469;690;303;387
62;382;806;419;387
62;295;755;378;377
62;208;738;404;334
62;121;755;375;380
62;34;804;389;415
62;1514;306;163;143
62;1427;364;198;166
62;1340;357;164;193
62;1253;433;195;238
62;1166;442;217;225
62;1079;464;233;231
62;992;492;236;256
62;905;563;253;310
62;818;572;276;296
62;731;556;277;279
62;644;566;273;293
62;557;678;293;385
62;470;772;396;376
62;383;726;362;364
62;296;724;392;332
62;209;744;371;373
62;122;791;382;409
62;35;817;422;395
62;1515;336;182;154
62;1428;335;152;183
62;1341;403;172;231
62;1254;426;207;219
62;1167;446;223;223
62;1080;486;230;256
62;993;557;251;306
62;906;537;264;273
62;819;540;270;270
62;732;555;266;289
62;645;661;282;379
62;558;750;382;368
62;471;700;346;354
62;384;708;381;327
62;297;726;363;363
62;210;774;375;399
62;123;806;413;393
62;36;813;410;403
62;1516;314;139;175
62;1429;381;169;212
62;1342;425;205;220
62;1255;432;211;221
62;1168;479;227;252
62;1081;547;248;299
62;994;522;257;265
62;907;567;290;277
62;820;538;256;282
62;733;648;277;371
62;646;729;370;359
62;559;677;327;350
62;472;672;360;312
62;385;710;354;356
62;298;753;366;387
62;211;797;412;385
62;124;807;405;402
62;37;888;447;441
62;1517;374;165;209
62;1430;402;194;208
62;1343;421;203;218
62;1256;472;224;248
62;1169;537;241;296
62;1082;514;254;260
62;995;558;284;274
62;908;554;263;291
62;821;635;273;362
62;734;714;361;353
62;647;669;324;345
62;560;650;346;304
62;473;687;339;348
62;386;731;355;376
62;299;787;408;379
62;212;793;397;396
62;125;871;433;438
62;38;830;405;425
62;1518;387;191;196
62;1431;416;198;218
62;1344;467;225;242
62;1257;527;235;292
62;1170;506;252;254
62;1083;547;277;270
62;996;546;257;289
62;909;658;298;360
62;822;706;356;350
62;735;659;318;341
62;648;634;338;296
62;561;666;328;338
62;474;703;336;367
62;387;771;398;373
62;300;781;392;389
62;213;860;430;430
62;126;812;392;420
62;39;864;433;431
62;1519;402;189;213
62;1432;458;217;241
62;1345;518;230;288
62;1258;500;253;247
62;1171;547;275;272
62;1084;534;252;282
62;997;646;292;354
62;910;710;354;356
62;823;644;308;336
62;736;624;334;290
62;649;651;319;332
62;562;685;324;361
62;475;743;378;365
62;388;764;383;381
62;301;839;419;420
62;214;797;387;410
62;127;839;417;422
62;40;880;409;471
62;1520;443;208;235
62;1433;505;223;282
62;1346;488;245;243
62;1259;540;275;265
62;1172;520;248;272
62;1085;644;295;349
62;998;693;345;348
62;911;661;311;350
62;824;609;324;285
62;737;643;315;328
62;650;666;315;351
62;563;726;369;357
62;476;737;364;373
62;389;824;415;409
62;302;780;378;402
62;215;824;413;411
62;128;865;400;465
62;41;930;473;457
62;1521;500;218;282
62;1434;479;243;236
62;1347;528;274;254
62;1260;509;241;268
62;1173;637;295;342
62;1086;680;334;346
62;999;653;306;347
62;912;610;322;288
62;825;631;309;322
62;738;655;310;345
62;651;715;366;349
62;564;721;352;369
62;477;794;398;396
62;390;768;372;396
62;303;808;407;401
62;216;850;390;460
62;129;910;460;450
62;42;909;465;444
62;1522;462;233;229
62;1435;516;264;252
62;1348;509;244;265
62;1261;630;290;340
62;1174;673;332;341
62;1087;649;305;344
62;1000;603;317;286
62;913;654;323;331
62;826;648;305;343
62;739;709;362;347
62;652;701;348;353
62;565;777;386;391
62;478;733;351;382
62;391;794;397;397
62;304;831;384;447
62;217;904;456;448
62;130;895;455;440
62;43;855;437;418
62;1523;509;263;246
62;1436;502;238;264
62;1349;622;282;340
62;1262;657;324;333
62;1175;639;300;339
62;1088;601;317;284
62;1001;641;314;327
62;914;653;302;351
62;827;697;356;341
62;740;692;342;350
62;653;761;379;382
62;566;706;336;370
62;479;771;381;390
62;392;822;380;442
62;305;892;450;442
62;218;881;448;433
62;131;852;440;412
62;44;793;394;399
62;1524;492;231;261
62;1437;614;276;338
62;1350;651;319;332
62;1263;627;298;329
62;1176;590;313;277
62;1089;638;313;325
62;1002;640;294;346
62;915;688;344;344
62;828;682;338;344
62;741;753;376;377
62;654;685;326;359
62;567;748;368;380
62;480;798;368;430
62;393;888;446;442
62;306;863;437;426
62;219;843;433;410
62;132;779;386;393
62;45;738;363;375
62;1525;595;264;331
62;1438;642;314;328
62;1351;612;290;322
62;1264;583;307;276
62;1177;629;311;318
62;1090;625;288;337
62;1003;680;338;342
62;916;670;333;337
62;829;735;365;370
62;742;680;319;361
62;655;739;366;373
62;568;781;360;421
62;481;860;426;434
62;394;849;427;422
62;307;827;425;402
62;220;772;380;392
62;133;720;349;371
62;46;772;371;401
62;1526;632;311;321
62;1439;600;282;318
62;1352;579;303;276
62;1265;617;304;313
62;1178;621;284;337
62;1091;671;332;339
62;1004;656;328;328
62;917;730;356;374
62;830;658;307;351
62;743;733;365;368
62;656;770;354;416
62;569;843;416;427
62;482;831;416;415
62;395;817;421;396
62;308;752;370;382
62;221;705;341;364
62;134;755;362;393
62;47;627;306;321
62;1527;589;277;312
62;1440;569;296;273
62;1353;607;298;309
62;1266;607;275;332
62;1179;664;330;334
62;1092;652;325;327
62;1005;717;348;369
62;918;666;314;352
62;831;716;355;361
62;744;759;351;408
62;657;829;409;420
62;570;810;404;406
62;483;796;402;394
62;396;746;365;381
62;309;692;333;359
62;222;746;355;391
62;135;617;300;317
62;48;633;273;360
62;1528;558;292;266
62;1441;600;293;307
62;1354;603;274;329
62;1267;661;325;336
62;1180;641;316;325
62;1093;703;340;363
62;1006;656;305;351
62;919;718;349;369
62;832;744;340;404
62;745;818;405;413
62;658;798;396;402
62;571;785;395;390
62;484;725;351;374
62;397;674;324;350
62;310;733;347;386
62;223;611;294;317
62;136;624;270;354
62;49;659;299;360
62;1529;587;283;304
62;1442;593;271;322
62;1355;656;325;331
62;1268;641;316;325
62;1181;686;336;350
62;1094;647;298;349
62;1007;706;343;363
62;920;750;339;411
62;833;806;399;407
62;746;788;391;397
62;659;782;394;388
62;572;717;343;374
62;485;654;312;342
62;398;711;334;377
62;311;599;285;314
62;224;619;268;351
62;137;645;288;357
62;50;627;321;306
62;1530;586;266;320
62;1443;649;319;330
62;1356;638;314;324
62;1269;682;337;345
62;1182;641;296;345
62;1095;699;334;365
62;1008;741;335;406
62;921;790;391;399
62;834;775;383;392
62;747;766;385;381
62;660;704;338;366
62;573;633;296;337
62;486;691;321;370
62;399;588;279;309
62;312;605;263;342
62;225;636;285;351
62;138;612;308;304
62;51;708;341;367
62;1531;639;313;326
62;1444;619;300;319
62;1357;669;329;340
62;1270;636;289;347
62;1183;701;334;367
62;1096;734;330;404
62;1009;781;387;394
62;922;782;383;399
62;835;754;376;378
62;748;695;333;362
62;661;625;292;333
62;574;675;313;362
62;487;578;269;309
62;400;595;259;336
62;313;623;276;347
62;226;602;302;300
62;139;687;325;362
62;52;685;310;375
62;1532;620;301;319
62;1445;655;318;337
62;1358;629;284;345
62;1271;693;329;364
62;1184;728;331;397
62;1097;769;382;387
62;1010;762;374;388
62;923;746;367;379
62;836;679;325;354
62;749;615;287;328
62;662;659;305;354
62;575;564;262;302
62;488;580;249;331
62;401;610;268;342
62;314;594;301;293
62;227;677;319;358
62;140;674;304;370
62;53;588;292;296
62;1533;643;309;334
62;1446;617;281;336
62;1359;688;329;359
62;1272;726;328;398
62;1185;754;373;381
62;1098;760;371;389
62;1011;733;354;379
62;924;686;337;349
62;837;597;276;321
62;750;651;300;351
62;663;556;255;301
62;576;561;235;326
62;489;593;257;336
62;402;583;294;289
62;315;670;316;354
62;228;668;303;365
62;141;575;285;290
62;54;544;254;290
62;1534;612;279;333
62;1447;678;323;355
62;1360;717;324;393
62;1273;740;363;377
62;1186;754;366;388
62;1099;721;342;379
62;1012;680;330;350
62;925;627;293;334
62;838;640;294;346
62;751;550;252;298
62;664;558;237;321
62;577;574;247;327
62;490;564;280;284
62;403;660;308;352
62;316;652;292;360
62;229;561;277;284
62;142;532;250;282
62;55;546;249;297
62;1535;673;320;353
62;1448;698;310;388
62;1361;729;355;374
62;1274;743;360;383
62;1187;717;340;377
62;1100;668;322;346
62;1013;618;287;331
62;926;661;305;356
62;839;537;246;291
62;752;549;231;318
62;665;567;244;323
62;578;548;267;281
62;491;642;298;344
62;404;641;285;356
62;317;554;270;284
62;230;523;244;279
62;143;531;237;294
62;56;589;266;323
62;1536;689;305;384
62;1449;714;346;368
62;1362;725;347;378
62;1275;720;340;380
62;1188;658;313;345
62;1101;614;284;330
62;1014;652;300;352
62;927;535;241;294
62;840;536;225;311
62;753;553;234;319
62;666;540;263;277
62;579;626;288;338
62;492;626;273;353
62;405;538;263;275
62;318;509;235;274
62;231;525;233;292
62;144;575;260;315
62;57;508;231;277
62;1537;705;339;366
62;1450;712;338;374
62;1363;709;336;373
62;1276;641;303;338
62;1189;607;280;327
62;1102;641;295;346
62;1015;523;234;289
62;928;545;225;320
62;841;541;230;311
62;754;527;255;272
62;667;608;275;333
62;580;607;259;348
62;493;523;251;272
62;406;497;228;269
62;319;510;226;284
62;232;560;250;310
62;145;498;225;273
62;58;610;249;361
62;1538;701;335;366
62;1451;701;330;371
62;1364;640;300;340
62;1277;602;278;324
62;1190;634;290;344
62;1103;514;227;287
62;1016;529;213;316
62;929;560;231;329
62;842;510;241;269
62;755;587;263;324
62;668;591;247;344
62;581;507;239;268
62;494;485;218;267
62;407;499;220;279
62;320;547;246;301
62;233;492;218;274
62;146;590;240;350
62;59;623;276;347
62;1539;697;328;369
62;1452;627;292;335
62;1365;594;271;323
62;1278;624;284;340
62;1191;503;219;284
62;1104;522;208;314
62;1017;549;225;324
62;930;523;251;272
62;843;567;252;315
62;756;579;241;338
62;669;498;234;264
62;582;469;211;258
62;495;483;210;273
62;408;538;241;297
62;321;489;217;272
62;234;588;241;347
62;147;612;271;341
62;60;623;292;331
62;1540;617;283;334
62;1453;586;266;320
62;1366;621;279;342
62;1279;497;213;284
62;1192;509;201;308
62;1105;546;223;323
62;1018;510;241;269
62;931;573;250;323
62;844;563;232;331
62;757;492;231;261
62;670;457;202;255
62;583;463;197;266
62;496;528;232;296
62;409;483;212;271
62;322;573;233;340
62;235;601;266;335
62;148;613;286;327
62;61;605;252;353
62;1541;572;258;314
62;1454;608;276;332
62;1367;491;212;279
62;1280;503;198;305
62;1193;536;220;316
62;1106;499;232;267
62;1019;569;247;322
62;932;574;240;334
62;845;483;226;257
62;758;446;196;250
62;671;455;192;263
62;584;507;221;286
62;497;460;196;264
62;410;563;226;337
62;323;585;256;329
62;236;603;281;322
62;149;603;252;351
62;62;595;261;334
62;1542;596;266;330
62;1455;483;209;274
62;1368;502;198;304
62;1281;521;210;311
62;1194;494;231;263
62;1107;561;242;319
62;1020;563;232;331
62;933;517;227;290
62;846;429;182;247
62;759;440;181;259
62;672;490;213;277
62;585;447;189;258
62;498;542;211;331
62;411;574;248;326
62;324;585;272;313
62;237;595;248;347
62;150;593;260;333
62;63;571;231;340
62;1543;468;201;267
62;1456;492;191;301
62;1369;512;203;309
62;1282;488;227;261
62;1195;550;236;314
62;1108;552;225;327
62;1021;504;216;288
62;934;447;195;252
62;847;429;175;254
62;760;482;210;272
62;673;434;183;251
62;586;520;200;320
62;499;560;237;323
62;412;568;263;305
62;325;576;239;337
62;238;578;247;331
62;151;563;224;339
62;64;584;227;357
62;1544;489;188;301
62;1457;501;195;306
62;1370;480;220;260
62;1283;544;229;315
62;1196;539;216;323
62;1109;490;208;282
62;1022;439;191;248
62;935;441;180;261
62;848;470;207;263
62;761;416;175;241
62;674;499;188;311
62;587;539;228;311
62;500;551;252;299
62;413;556;228;328
62;326;565;236;329
62;239;556;220;336
62;152;580;225;355
62;65;639;269;370
62;1545;495;193;302
62;1458;470;214;256
62;1371;530;223;307
62;1284;533;213;320
62;1197;482;202;280
62;1110;426;180;246
62;1023;437;179;258
62;936;479;201;278
62;849;407;168;239
62;762;485;182;303
62;675;528;222;306
62;588;530;239;291
62;501;539;213;326
62;414;547;226;321
62;327;547;213;334
62;240;570;222;348
62;153;625;257;368
62;66;600;242;358
62;1546;461;206;255
62;1459;519;215;304
62;1372;520;206;314
62;1285;477;197;280
62;1198;414;171;243
62;1111;429;177;252
62;1024;471;194;277
62;937;407;162;245
62;850;478;179;299
62;763;517;218;299
62;676;509;225;284
62;589;520;201;319
62;502;534;217;317
62;415;536;209;327
62;328;558;212;346
62;241;614;248;366
62;154;587;230;357
62;67;520;203;317
62;1547;513;210;303
62;1460;501;196;305
62;1373;464;186;278
62;1286;406;167;239
62;1199;427;175;252
62;1112;463;189;274
62;1025;400;159;241
62;938;492;186;306
62;851;493;203;290
62;764;489;213;276
62;677;507;195;312
62;590;518;206;312
62;503;524;198;326
62;416;542;202;340
62;329;600;237;363
62;242;577;223;354
62;155;516;200;316
62;68;572;211;361
62;1548;489;187;302
62;1461;452;179;273
62;1374;396;161;235
62;1287;419;170;249
62;1200;447;175;272
62;1113;386;152;234
62;1026;482;180;302
62;939;500;200;300
62;852;475;208;267
62;765;499;189;310
62;678;504;200;304
62;591;505;187;318
62;504;519;188;331
62;417;584;227;357
62;330;567;213;354
62;243;499;187;312
62;156;570;206;364
62;69;544;217;327
62;1549;440;172;268
62;1462;384;156;228
62;1375;410;164;246
62;1288;435;167;268
62;1201;379;147;232
62;1114;469;170;299
62;1027;482;186;296
62;940;485;207;278
62;853;481;180;301
62;766;482;188;294
62;679;496;181;315
62;592;501;178;323
62;505;558;208;350
62;418;553;206;347
62;331;489;179;310
62;244;552;196;356
62;157;538;211;327
62;70;573;219;354
62;1550;368;142;226
62;1463;399;158;241
62;1376;421;160;261
62;1289;366;138;228
62;1202;459;165;294
62;1115;468;177;291
62;1028;469;193;276
62;941;485;176;309
62;854;464;179;285
62;767;486;176;310
62;680;485;168;317
62;593;554;203;351
62;506;536;190;346
62;419;477;172;305
62;332;539;187;352
62;245;525;203;322
62;158;570;219;351
62;71;510;187;323
62;1551;390;155;235
62;1464;409;151;258
62;1377;354;132;222
62;1290;447;161;286
62;1203;449;171;278
62;1116;459;189;270
62;1029;471;164;307
62;942;467;179;288
62;855;468;166;302
62;768;468;157;311
62;681;532;196;336
62;594;513;180;333
62;507;451;160;291
62;420;524;177;347
62;333;499;192;307
62;246;545;211;334
62;159;498;178;320
62;72;482;196;286
62;1552;399;146;253
62;1465;346;128;218
62;1378;437;158;279
62;1291;442;164;278
62;1204;453;187;266
62;1117;459;156;303
62;1030;452;169;283
62;943;453;161;292
62;856;448;147;301
62;769;521;191;330
62;682;489;167;322
62;595;439;154;285
62;508;505;165;340
62;421;474;179;295
62;334;526;201;325
62;247;483;174;309
62;160;473;190;283
62;73;536;193;343
62;1553;330;120;210
62;1466;419;151;268
62;1379;425;152;273
62;1292;433;175;258
62;1205;431;147;284
62;1118;447;168;279
62;1031;444;156;288
62;944;438;151;287
62;857;505;185;320
62;770;475;163;312
62;683;424;144;280
62;596;483;156;327
62;509;450;171;279
62;422;510;194;316
62;335;459;158;301
62;248;458;179;279
62;161;523;185;338
62;74;471;157;314
62;1554;404;142;262
62;1467;413;146;267
62;1380;416;162;254
62;1293;416;137;279
62;1206;433;154;279
62;1119;429;148;281
62;1032;422;147;275
62;945;501;182;319
62;858;453;154;299
62;771;402;132;270
62;684;461;147;314
62;597;426;159;267
62;510;485;178;307
62;423;446;152;294
62;336;445;168;277
62;249;504;176;328
62;162;456;152;304
62;75;412;127;285
62;1555;392;130;262
62;1468;402;154;248
62;1381;400;131;269
62;1294;422;150;272
62;1207;405;134;271
62;1120;407;139;268
62;1033;474;162;312
62;946;447;148;299
62;859;389;126;263
62;772;426;134;292
62;685;412;155;257
62;598;456;162;294
62;511;425;140;285
62;424;425;153;272
62;337;492;169;323
62;250;429;135;294
62;163;401;122;279
62;76;429;127;302
62;1556;385;148;237
62;1469;384;122;262
62;1382;404;142;262
62;1295;387;126;261
62;1208;393;132;261
62;1121;451;150;301
62;1034;429;137;292
62;947;377;125;252
62;860;408;126;282
62;773;395;146;249
62;686;428;144;284
62;599;406;132;274
62;512;401;140;261
62;425;471;161;310
62;338;412;123;289
62;251;388;117;271
62;164;405;116;289
62;77;381;121;260
62;1557;365;110;255
62;1470;383;130;253
62;1383;369;119;250
62;1296;381;127;254
62;1209;428;137;291
62;1122;411;131;280
62;1035;354;116;238
62;948;404;122;282
62;861;367;130;237
62;774;400;135;265
62;687;388;123;265
62;600;370;125;245
62;513;434;141;293
62;426;396;121;275
62;339;367;106;261
62;252;387;107;280
62;165;371;116;255
62;78;328;114;214
62;1558;369;120;249
62;1471;350;111;239
62;1384;362;115;247
62;1297;406;126;280
62;1210;389;129;260
62;1123;338;106;232
62;1036;389;116;273
62;949;355;124;231
62;862;376;121;255
62;775;362;114;248
62;688;345;114;231
62;601;396;123;273
62;514;370;112;258
62;427;347;101;246
62;340;368;102;266
62;253;350;108;242
62;166;313;108;205
62;79;320;115;205
62;1559;333;105;228
62;1472;348;107;241
62;1385;394;122;272
62;1298;370;124;246
62;1211;320;97;223
62;1124;369;107;262
62;1037;338;114;224
62;950;345;108;237
62;863;332;103;229
62;776;322;100;222
62;689;369;117;252
62;602;348;102;246
62;515;324;90;234
62;428;345;94;251
62;341;331;95;236
62;254;288;99;189
62;167;303;106;197
62;80;296;89;207
62;1560;328;99;229
62;1473;362;110;252
62;1386;351;117;234
62;1299;299;88;211
62;1212;348;97;251
62;1125;319;104;215
62;1038;321;100;221
62;951;332;110;222
62;864;291;89;202
62;777;341;104;237
62;690;322;90;232
62;603;306;85;221
62;516;327;85;242
62;429;300;85;215
62;342;263;90;173
62;255;289;102;187
62;168;284;81;203
62;81;226;76;150
62;1561;331;92;239
62;1474;326;105;221
62;1387;283;82;201
62;1300;328;90;238
62;1213;296;97;199
62;1126;290;85;205
62;1039;313;104;209
62;952;273;82;191
62;865;304;86;218
62;778;301;85;216
62;691;286;81;205
62;604;284;72;212
62;517;263;66;197
62;430;246;81;165
62;343;256;91;165
62;256;266;73;193
62;169;206;69;137
62;82;193;63;130
62;1562;295;95;200
62;1475;268;78;190
62;1388;312;81;231
62;1301;274;86;188
62;1214;264;75;189
62;1127;296;96;200
62;1040;247;69;178
62;953;288;77;211
62;866;278;76;202
62;779;262;72;190
62;692;262;66;196
62;605;246;65;181
62;518;219;67;152
62;431;239;86;153
62;344;242;59;183
62;257;189;59;130
62;170;177;59;118
62;83;119;33;86
62;1563;237;65;172
62;1476;279;68;211
62;1389;255;77;178
62;1302;236;67;169
62;1215;267;86;181
62;1128;223;60;163
62;1041;261;67;194
62;954;261;70;191
62;867;234;61;173
62;780;230;61;169
62;693;223;58;165
62;606;191;54;137
62;519;213;73;140
62;432;224;61;163
62;345;175;54;121
62;258;149;49;100
62;171;108;28;80
62;84;97;34;63
62;1564;246;57;189
62;1477;230;69;161
62;1390;210;59;151
62;1303;245;76;169
62;1216;194;55;139
62;1129;239;59;180
62;1042;227;58;169
62;955;207;41;166
62;868;211;57;154
62;781;199;48;151
62;694;174;48;126
62;607;190;64;126
62;520;198;50;148
62;433;162;50;112
62;346;132;42;90
62;259;100;23;77
62;172;84;28;56
62;85;130;41;89
62;1565;1084;297;787
62;1478;1056;278;778
62;1391;1061;266;795
62;1304;1019;240;779
62;1217;992;227;765
62;1130;958;231;727
62;1043;900;202;698
62;956;850;212;638
62;869;799;209;590
62;782;746;206;540
62;695;727;210;517
62;608;687;196;491
62;521;590;161;429
62;434;550;142;408
62;347;562;144;418
62;260;577;158;419
62;173;624;167;457
62;86;617;168;449
62;1566;40682;18873;21809
62;1479;41925;19451;22474
62;1392;43059;19978;23081
62;1305;43922;20362;23560
62;1218;44610;20677;23933
62;1131;45474;21031;24443
62;1044;46273;21393;24880
62;957;47171;21859;25312
62;870;48655;22549;26106
62;783;49789;23120;26669
62;696;50589;23472;27117
62;609;51592;23883;27709
62;522;52882;24591;28291
62;435;54561;25629;28932
62;348;55587;26113;29474
62;261;56541;26571;29970
62;174;57119;26851;30268
62;87;57743;27269;30474
63;1480;354;191;163
63;1393;338;181;157
63;1306;338;183;155
63;1219;363;190;173
63;1132;378;212;166
63;1045;348;189;159
63;958;347;184;163
63;871;369;190;179
63;784;352;189;163
63;697;321;183;138
63;610;328;182;146
63;523;305;172;133
63;436;322;159;163
63;349;321;172;149
63;262;316;156;160
63;175;322;172;150
63;88;338;159;179
63;1;398;203;195
63;1481;343;184;159
63;1394;326;180;146
63;1307;355;190;165
63;1220;373;214;159
63;1133;334;187;147
63;1046;346;186;160
63;959;368;187;181
63;872;379;200;179
63;785;315;181;134
63;698;327;179;148
63;611;307;173;134
63;524;321;157;164
63;437;325;177;148
63;350;310;149;161
63;263;322;173;149
63;176;343;162;181
63;89;393;202;191
63;2;385;189;196
63;1482;328;177;151
63;1395;338;182;156
63;1308;364;206;158
63;1221;330;189;141
63;1134;332;178;154
63;1047;350;178;172
63;960;377;195;182
63;873;353;202;151
63;786;316;175;141
63;699;313;177;136
63;612;322;157;165
63;525;322;177;145
63;438;310;149;161
63;351;324;173;151
63;264;346;165;181
63;177;399;204;195
63;90;387;192;195
63;3;397;206;191
63;1483;335;186;149
63;1396;364;207;157
63;1309;318;182;136
63;1222;324;175;149
63;1135;344;176;168
63;1048;368;188;180
63;961;352;203;149
63;874;324;171;153
63;787;308;178;130
63;700;321;155;166
63;613;324;180;144
63;526;313;148;165
63;439;321;174;147
63;352;347;167;180
63;265;399;205;194
63;178;385;191;194
63;91;400;209;191
63;4;374;172;202
63;1484;366;208;158
63;1397;319;185;134
63;1310;317;173;144
63;1223;349;178;171
63;1136;356;184;172
63;1049;334;193;141
63;962;322;166;156
63;875;305;178;127
63;788;314;151;163
63;701;329;186;143
63;614;310;146;164
63;527;319;174;145
63;440;342;167;175
63;353;397;204;193
63;266;388;193;195
63;179;402;211;191
63;92;372;171;201
63;5;419;213;206
63;1485;314;181;133
63;1398;326;180;146
63;1311;342;175;167
63;1224;358;183;175
63;1137;328;187;141
63;1050;309;165;144
63;963;303;174;129
63;876;323;163;160
63;789;331;189;142
63;702;309;145;164
63;615;317;174;143
63;528;336;163;173
63;441;395;202;193
63;354;389;195;194
63;267;406;211;195
63;180;374;173;201
63;93;421;218;203
63;6;425;207;218
63;1486;320;172;148
63;1399;337;177;160
63;1312;356;181;175
63;1225;328;188;140
63;1138;305;160;145
63;1051;297;174;123
63;964;320;165;155
63;877;335;183;152
63;790;316;147;169
63;703;320;176;144
63;616;334;162;172
63;529;396;201;195
63;442;393;196;197
63;355;403;209;194
63;268;376;174;202
63;181;423;219;204
63;94;427;209;218
63;7;429;225;204
63;1487;332;172;160
63;1400;354;174;180
63;1313;331;193;138
63;1226;301;155;146
63;1139;288;167;121
63;1052;316;163;153
63;965;337;184;153
63;878;307;150;157
63;791;320;175;145
63;704;335;164;171
63;617;390;196;194
63;530;388;193;195
63;443;401;208;193
63;356;375;173;202
63;269;424;220;204
63;182;430;211;219
63;95;425;220;205
63;8;537;259;278
63;1488;358;181;177
63;1401;332;193;139
63;1314;311;158;153
63;1227;291;169;122
63;1140;317;163;154
63;1053;340;185;155
63;966;311;150;161
63;879;309;162;147
63;792;333;166;167
63;705;396;201;195
63;618;386;193;193
63;531;398;207;191
63;444;377;175;202
63;357;423;221;202
63;270;431;210;221
63;183;427;223;204
63;96;542;266;276
63;9;542;283;259
63;1489;333;189;144
63;1402;317;161;156
63;1315;291;170;121
63;1228;316;159;157
63;1141;338;182;156
63;1054;314;155;159
63;967;309;161;148
63;880;331;162;169
63;793;398;203;195
63;706;389;195;194
63;619;400;208;192
63;532;376;174;202
63;445;424;223;201
63;358;431;208;223
63;271;426;223;203
63;184;547;271;276
63;97;540;282;258
63;10;567;310;257
63;1490;318;161;157
63;1403;286;167;119
63;1316;317;158;159
63;1229;336;178;158
63;1142;313;153;160
63;1055;305;158;147
63;968;333;164;169
63;881;378;199;179
63;794;387;193;194
63;707;404;212;192
63;620;384;178;206
63;533;424;223;201
63;446;433;210;223
63;359;426;224;202
63;272;545;272;273
63;185;543;287;256
63;98;568;312;256
63;11;594;322;272
63;1491;286;167;119
63;1404;311;158;153
63;1317;326;171;155
63;1230;313;151;162
63;1143;307;155;152
63;1056;334;167;167
63;969;376;196;180
63;882;391;208;183
63;795;401;210;191
63;708;386;180;206
63;621;428;226;202
63;534;438;212;226
63;447;431;227;204
63;360;550;269;281
63;273;545;288;257
63;186;572;315;257
63;99;589;322;267
63;12;585;298;287
63;1492;312;156;156
63;1405;328;173;155
63;1318;312;150;162
63;1231;297;153;144
63;1144;332;167;165
63;1057;377;200;177
63;970;390;207;183
63;883;380;198;182
63;796;392;184;208
63;709;436;232;204
63;622;440;216;224
63;535;426;224;202
63;448;554;271;283
63;361;546;290;256
63;274;572;316;256
63;187;585;318;267
63;100;580;296;284
63;13;560;297;263
63;1493;327;171;156
63;1406;311;152;159
63;1319;298;155;143
63;1232;338;173;165
63;1145;379;201;178
63;1058;387;206;181
63;971;375;197;178
63;884;384;179;205
63;797;438;232;206
63;710;434;211;223
63;623;431;226;205
63;536;555;275;280
63;449;543;288;255
63;362;576;319;257
63;275;585;317;268
63;188;573;291;282
63;101;552;294;258
63;14;674;355;319
63;1494;306;152;154
63;1407;303;162;141
63;1320;341;177;164
63;1233;373;201;172
63;1146;384;204;180
63;1059;369;189;180
63;972;378;174;204
63;885;422;214;208
63;798;438;215;223
63;711;433;230;203
63;624;556;275;281
63;537;543;289;254
63;450;581;322;259
63;363;583;316;267
63;276;568;288;280
63;189;552;291;261
63;102;667;352;315
63;15;618;295;323
63;1495;295;156;139
63;1408;332;173;159
63;1321;371;200;171
63;1234;394;211;183
63;1147;367;188;179
63;1060;369;171;198
63;973;424;215;209
63;886;416;208;208
63;799;434;230;204
63;712;560;277;283
63;625;547;294;253
63;538;579;321;258
63;451;573;311;262
63;364;566;287;279
63;277;550;291;259
63;190;662;347;315
63;103;614;290;324
63;16;586;286;300
63;1496;339;178;161
63;1409;372;200;172
63;1322;399;213;186
63;1235;367;187;180
63;1148;373;171;202
63;1061;420;215;205
63;974;418;209;209
63;887;413;220;193
63;800;564;280;284
63;713;545;294;251
63;626;581;322;259
63;539;567;306;261
63;452;554;280;274
63;365;541;284;257
63;278;656;347;309
63;191;610;289;321
63;104;584;285;299
63;17;564;309;255
63;1497;375;200;175
63;1410;402;212;190
63;1323;363;186;177
63;1236;378;176;202
63;1149;417;214;203
63;1062;417;209;208
63;975;413;220;193
63;888;548;263;285
63;801;541;292;249
63;714;583;325;258
63;627;567;305;262
63;540;548;278;270
63;453;530;281;249
63;366;643;340;303
63;279;603;287;316
63;192;574;280;294
63;105;554;304;250
63;18;572;322;250
63;1498;402;214;188
63;1411;369;190;179
63;1324;372;174;198
63;1237;406;210;196
63;1150;413;207;206
63;1063;409;216;193
63;976;544;261;283
63;889;511;276;235
63;802;584;324;260
63;715;567;306;261
63;628;544;276;268
63;541;525;278;247
63;454;628;333;295
63;367;593;280;313
63;280;576;280;296
63;193;544;297;247
63;106;562;314;248
63;19;512;269;243
63;1499;368;189;179
63;1412;363;169;194
63;1325;398;205;193
63;1238;408;206;202
63;1151;401;215;186
63;1064;524;252;272
63;977;508;275;233
63;890;533;291;242
63;803;561;302;259
63;716;539;276;263
63;629;513;275;238
63;542;617;325;292
63;455;572;268;304
63;368;567;276;291
63;281;542;297;245
63;194;561;311;250
63;107;502;263;239
63;20;463;244;219
63;1500;350;164;186
63;1413;394;204;190
63;1326;411;205;206
63;1239;399;213;186
63;1152;522;252;270
63;1065;502;271;231
63;978;530;289;241
63;891;495;275;220
63;804;534;275;259
63;717;515;274;241
63;630;601;320;281
63;543;563;265;298
63;456;540;262;278
63;369;536;292;244
63;282;560;312;248
63;195;486;256;230
63;108;452;239;213
63;21;466;239;227
63;1501;383;200;183
63;1414;405;204;201
63;1327;390;209;181
63;1240;519;249;270
63;1153;495;268;227
63;1066;520;283;237
63;979;492;270;222
63;892;479;249;230
63;805;505;269;236
63;718;593;312;281
63;631;545;255;290
63;544;533;259;274
63;457;518;280;238
63;370;553;305;248
63;283;480;251;229
63;196;447;239;208
63;109;454;235;219
63;22;434;215;219
63;1502;397;195;202
63;1415;379;203;176
63;1328;501;241;260
63;1241;487;263;224
63;1154;511;278;233
63;1067;487;262;225
63;980;471;244;227
63;893;471;241;230
63;806;569;298;271
63;719;546;259;287
63;632;521;255;266
63;545;502;271;231
63;458;531;298;233
63;371;476;248;228
63;284;452;238;214
63;197;453;237;216
63;110;434;212;222
63;23;428;201;227
63;1503;369;196;173
63;1416;482;235;247
63;1329;471;252;219
63;1242;505;276;229
63;1155;474;255;219
63;1068;460;241;219
63;981;459;239;220
63;894;517;271;246
63;807;534;253;281
63;720;515;252;263
63;633;494;265;229
63;546;517;289;228
63;459;461;241;220
63;372;438;230;208
63;285;453;234;219
63;198;432;213;219
63;111;425;198;227
63;24;435;215;220
63;1504;472;233;239
63;1417;462;249;213
63;1330;491;266;225
63;1243;450;247;203
63;1156;451;235;216
63;1069;448;242;206
63;982;508;267;241
63;895;493;244;249
63;808;495;243;252
63;721;485;262;223
63;634;510;288;222
63;547;452;235;217
63;460;423;221;202
63;373;458;235;223
63;286;433;211;222
63;199;423;197;226
63;112;434;214;220
63;25;495;258;237
63;1505;447;241;206
63;1418;482;265;217
63;1331;426;238;188
63;1244;455;236;219
63;1157;451;242;209
63;1070;489;264;225
63;983;487;239;248
63;896;460;219;241
63;809;467;252;215
63;722;505;288;217
63;635;448;235;213
63;548;412;217;195
63;461;451;229;222
63;374;429;206;223
63;287;428;198;230
63;200;436;213;223
63;113;484;256;228
63;26;449;232;217
63;1506;463;254;209
63;1419;410;224;186
63;1332;440;226;214
63;1245;431;234;197
63;1158;463;246;217
63;1071;478;240;238
63;984;447;211;236
63;897;443;245;198
63;810;486;280;206
63;723;444;233;211
63;636;404;209;195
63;549;442;222;220
63;462;418;202;216
63;375;427;199;228
63;288;436;212;224
63;201;488;253;235
63;114;448;229;219
63;27;467;236;231
63;1507;404;225;179
63;1420;411;218;193
63;1333;426;226;200
63;1246;465;245;220
63;1159;472;238;234
63;1072;434;206;228
63;985;444;254;190
63;898;462;252;210
63;811;431;227;204
63;724;406;213;193
63;637;433;216;217
63;550;415;198;217
63;463;423;197;226
63;376;423;198;225
63;289;491;257;234
63;202;447;226;221
63;115;459;232;227
63;28;462;242;220
63;1508;399;211;188
63;1421;414;220;194
63;1334;459;248;211
63;1247;463;238;225
63;1160;425;196;229
63;1073;441;257;184
63;986;452;248;204
63;899;400;213;187
63;812;393;203;190
63;725;427;209;218
63;638;413;200;213
63;551;426;197;229
63;464;418;197;221
63;377;486;252;234
63;290;446;227;219
63;203;458;237;221
63;116;458;237;221
63;29;519;264;255
63;1509;414;222;192
63;1422;450;243;207
63;1335;449;229;220
63;1248;436;205;231
63;1161;441;253;188
63;1074;455;251;204
63;987;404;212;192
63;900;439;238;201
63;813;419;206;213
63;726;405;195;210
63;639;411;189;222
63;552;405;189;216
63;465;481;249;232
63;378;442;225;217
63;291;456;239;217
63;204;455;237;218
63;117;517;263;254
63;30;506;241;265
63;1510;444;241;203
63;1423;433;222;211
63;1336;421;203;218
63;1249;456;260;196
63;1162;453;249;204
63;1075;402;208;194
63;988;439;240;199
63;901;425;204;221
63;814;404;197;207
63;727;406;193;213
63;640;396;184;212
63;553;476;249;227
63;466;436;225;211
63;379;456;238;218
63;292;452;233;219
63;205;514;262;252
63;118;502;239;263
63;31;516;262;254
63;1511;434;229;205
63;1424;400;193;207
63;1337;434;248;186
63;1250;451;245;206
63;1163;379;198;181
63;1076;439;249;190
63;989;428;207;221
63;902;423;192;231
63;815;401;189;212
63;728;397;189;208
63;641;477;246;231
63;554;436;224;212
63;467;460;238;222
63;380;455;238;217
63;293;506;259;247
63;206;499;239;260
63;119;503;256;247
63;32;515;259;256
63;1512;399;198;201
63;1425;424;240;184
63;1338;440;238;202
63;1251;372;197;175
63;1164;431;245;186
63;1077;421;205;216
63;990;424;186;238
63;903;421;187;234
63;816;395;187;208
63;729;471;246;225
63;642;427;221;206
63;555;446;229;217
63;468;451;231;220
63;381;504;262;242
63;294;498;235;263
63;207;496;252;244
63;120;510;255;255
63;33;558;268;290
63;1513;422;232;190
63;1426;451;244;207
63;1339;366;196;170
63;1252;433;245;188
63;1165;422;210;212
63;1078;416;181;235
63;991;420;187;233
63;904;437;217;220
63;817;473;247;226
63;730;421;219;202
63;643;442;228;214
63;556;451;232;219
63;469;492;254;238
63;382;503;233;270
63;295;498;256;242
63;208;508;258;250
63;121;553;264;289
63;34;536;270;266
63;1514;448;242;206
63;1427;364;198;166
63;1340;434;246;188
63;1253;426;213;213
63;1166;421;188;233
63;1079;420;192;228
63;992;443;223;220
63;905;501;249;252
63;818;413;215;198
63;731;445;232;213
63;644;447;229;218
63;557;491;251;240
63;470;493;230;263
63;383;495;256;239
63;296;504;257;247
63;209;556;265;291
63;122;532;268;264
63;35;500;261;239
63;1515;365;197;168
63;1428;426;239;187
63;1341;419;210;209
63;1254;423;194;229
63;1167;411;186;225
63;1080;447;218;229
63;993;502;252;250
63;906;417;223;194
63;819;441;227;214
63;732;450;229;221
63;645;496;252;244
63;558;491;229;262
63;471;493;256;237
63;384;507;256;251
63;297;559;267;292
63;210;524;263;261
63;123;487;254;233
63;36;558;290;268
63;1516;423;233;190
63;1429;415;206;209
63;1342;416;193;223
63;1255;413;180;233
63;1168;445;220;225
63;1081;498;244;254
63;994;405;220;185
63;907;441;216;225
63;820;440;223;217
63;733;488;247;241
63;646;495;232;263
63;559;492;255;237
63;472;493;247;246
63;385;559;264;295
63;298;520;258;262
63;211;488;253;235
63;124;553;287;266
63;37;582;292;290
63;1517;418;207;211
63;1430;404;183;221
63;1343;411;179;232
63;1256;444;220;224
63;1169;494;242;252
63;1082;393;219;174
63;995;435;210;225
63;908;441;219;222
63;821;472;236;236
63;734;486;225;261
63;647;496;255;241
63;560;485;241;244
63;473;553;257;296
63;386;517;256;261
63;299;486;246;240
63;212;548;285;263
63;125;579;288;291
63;38;605;315;290
63;1518;394;176;218
63;1431;415;178;237
63;1344;444;216;228
63;1257;499;246;253
63;1170;382;215;167
63;1083;423;200;223
63;996;437;215;222
63;909;483;238;245
63;822;480;222;258
63;735;496;256;240
63;648;485;240;245
63;561;545;253;292
63;474;513;255;258
63;387;493;247;246
63;300;547;285;262
63;213;578;289;289
63;126;599;310;289
63;39;578;293;285
63;1519;410;178;232
63;1432;441;218;223
63;1345;499;245;254
63;1258;388;216;172
63;1171;422;198;224
63;1084;434;215;219
63;997;482;236;246
63;910;505;239;266
63;823;488;249;239
63;736;483;237;246
63;649;546;256;290
63;562;507;252;255
63;475;484;237;247
63;388;544;287;257
63;301;570;286;284
63;214;598;310;288
63;127;574;290;284
63;40;594;297;297
63;1520;439;218;221
63;1433;494;243;251
63;1346;384;213;171
63;1259;426;199;227
63;1172;417;205;212
63;1085;487;237;250
63;998;501;238;263
63;911;486;235;251
63;824;480;239;241
63;737;546;256;290
63;650;502;248;254
63;563;480;234;246
63;476;528;276;252
63;389;556;275;281
63;302;600;311;289
63;215;564;286;278
63;128;586;292;294
63;41;594;316;278
63;1521;493;243;250
63;1434;377;211;166
63;1347;433;205;228
63;1260;426;208;218
63;1173;472;224;248
63;1086;511;244;267
63;999;483;231;252
63;912;517;261;256
63;825;547;256;291
63;738;500;250;250
63;651;467;228;239
63;564;522;270;252
63;477;552;273;279
63;390;598;308;290
63;303;564;285;279
63;216;581;290;291
63;129;590;313;277
63;42;592;283;309
63;1522;377;208;169
63;1435;436;204;232
63;1348;418;204;214
63;1261;456;217;239
63;1174;509;240;269
63;1087;481;229;252
63;1000;510;252;258
63;913;531;251;280
63;826;501;251;250
63;739;470;230;240
63;652;522;273;249
63;565;556;275;281
63;478;593;305;288
63;391;563;284;279
63;304;583;294;289
63;217;592;312;280
63;130;584;280;304
63;43;560;267;293
63;1523;436;208;228
63;1436;421;203;218
63;1349;446;211;235
63;1262;498;235;263
63;1175;477;224;253
63;1088;512;253;259
63;1001;527;246;281
63;914;508;253;255
63;827;464;226;238
63;740;529;277;252
63;653;548;271;277
63;566;592;304;288
63;479;545;271;274
63;392;585;287;298
63;305;589;310;279
63;218;575;278;297
63;131;559;264;295
63;44;520;254;266
63;1524;419;201;218
63;1437;449;209;240
63;1350;497;233;264
63;1263;476;228;248
63;1176;500;241;259
63;1089;527;244;283
63;1002;499;245;254
63;915;498;260;238
63;828;524;276;248
63;741;549;271;278
63;654;586;297;289
63;567;539;270;269
63;480;586;286;300
63;393;591;312;279
63;306;575;275;300
63;219;556;266;290
63;132;521;254;267
63;45;484;242;242
63;1525;442;204;238
63;1438;494;232;262
63;1351;469;220;249
63;1264;487;236;251
63;1177;530;247;283
63;1090;493;240;253
63;1003;494;258;236
63;916;539;278;261
63;829;545;272;273
63;742;587;294;293
63;655;530;262;268
63;568;576;281;295
63;481;591;313;278
63;394;576;276;300
63;307;564;271;293
63;220;515;250;265
63;133;475;237;238
63;46;471;232;239
63;1526;486;226;260
63;1439;464;221;243
63;1352;492;241;251
63;1265;531;248;283
63;1178;497;245;252
63;1091;489;254;235
63;1004;525;266;259
63;917;547;271;276
63;830;579;287;292
63;743;525;256;269
63;656;570;279;291
63;569;581;305;276
63;482;573;270;303
63;395;565;269;296
63;308;517;249;268
63;221;473;233;240
63;134;462;230;232
63;47;489;231;258
63;1527;460;220;240
63;1440;489;239;250
63;1353;522;246;276
63;1266;497;245;252
63;1179;479;251;228
63;1092;516;265;251
63;1005;542;268;274
63;918;566;290;276
63;831;520;253;267
63;744;569;278;291
63;657;575;305;270
63;570;572;265;307
63;483;570;276;294
63;396;507;242;265
63;309;474;232;242
63;222;461;225;236
63;135;487;229;258
63;48;448;212;236
63;1528;493;244;249
63;1441;513;239;274
63;1354;483;237;246
63;1267;476;247;229
63;1180;511;259;252
63;1093;531;257;274
63;1006;564;288;276
63;919;527;255;272
63;832;561;272;289
63;745;575;306;269
63;658;569;261;308
63;571;565;274;291
63;484;502;235;267
63;397;471;231;240
63;310;464;230;234
63;223;486;228;258
63;136;442;209;233
63;49;454;229;225
63;1529;511;238;273
63;1442;494;246;248
63;1355;465;237;228
63;1268;514;261;253
63;1181;528;255;273
63;1094;560;286;274
63;1007;532;257;275
63;920;561;278;283
63;833;570;299;271
63;746;565;257;308
63;659;554;260;294
63;572;497;229;268
63;485;459;230;229
63;398;472;232;240
63;311;483;226;257
63;224;442;208;234
63;137;446;224;222
63;50;437;213;224
63;1530;492;242;250
63;1443;466;236;230
63;1356;508;257;251
63;1269;533;259;274
63;1182;559;285;274
63;1095;529;254;275
63;1008;560;277;283
63;921;546;268;278
63;834;560;252;308
63;747;553;261;292
63;660;498;226;272
63;573;450;224;226
63;486;464;229;235
63;399;474;219;255
63;312;446;211;235
63;225;445;224;221
63;138;442;217;225
63;51;449;222;227
63;1531;466;238;228
63;1444;512;258;254
63;1357;525;257;268
63;1270;561;286;275
63;1183;534;251;283
63;1096;556;276;280
63;1009;524;249;275
63;922;554;253;301
63;835;547;257;290
63;748;494;222;272
63;661;447;221;226
63;574;463;229;234
63;487;472;216;256
63;400;441;207;234
63;313;442;221;221
63;226;438;215;223
63;139;437;212;225
63;52;465;226;239
63;1532;511;262;249
63;1445;518;255;263
63;1358;554;282;272
63;1271;529;248;281
63;1184;545;270;275
63;1097;517;242;275
63;1010;546;247;299
63;923;520;232;288
63;836;490;217;273
63;749;444;219;225
63;662;455;223;232
63;575;463;208;255
63;488;428;199;229
63;401;435;220;215
63;314;440;214;226
63;227;433;207;226
63;140;459;222;237
63;53;423;205;218
63;1533;510;248;262
63;1446;550;275;275
63;1359;530;240;290
63;1272;542;265;277
63;1185;515;242;273
63;1098;529;240;289
63;1011;516;230;286
63;924;487;222;265
63;837;439;214;225
63;750;442;218;224
63;663;455;203;252
63;576;421;193;228
63;489;431;216;215
63;402;438;211;227
63;315;433;204;229
63;228;458;221;237
63;141;420;205;215
63;54;418;185;233
63;1534;544;268;276
63;1447;527;237;290
63;1360;533;265;268
63;1273;508;237;271
63;1186;515;233;282
63;1099;513;226;287
63;1012;479;218;261
63;925;468;229;239
63;838;445;219;226
63;751;445;197;248
63;664;409;189;220
63;577;431;212;219
63;490;426;202;224
63;403;431;203;228
63;316;469;226;243
63;229;413;201;212
63;142;408;180;228
63;55;372;156;216
63;1535;532;243;289
63;1448;533;269;264
63;1361;497;228;269
63;1274;507;223;284
63;1187;508;224;284
63;1100;476;218;258
63;1013;463;225;238
63;926;456;217;239
63;839;437;192;245
63;752;399;178;221
63;665;433;212;221
63;578;417;200;217
63;491;430;203;227
63;404;467;221;246
63;317;408;198;210
63;230;399;174;225
63;143;365;155;210
63;56;400;177;223
63;1536;525;264;261
63;1449;503;231;272
63;1362;495;218;277
63;1275;507;222;285
63;1188;468;212;256
63;1101;458;218;240
63;1014;454;214;240
63;927;429;189;240
63;840;392;172;220
63;753;429;207;222
63;666;411;198;213
63;579;419;195;224
63;492;456;214;242
63;405;395;189;206
63;318;396;171;225
63;231;362;151;211
63;144;388;170;218
63;57;314;148;166
63;1537;496;226;270
63;1450;496;218;278
63;1363;503;222;281
63;1276;473;213;260
63;1189;448;214;234
63;1102;452;211;241
63;1015;424;185;239
63;928;391;179;212
63;841;416;200;216
63;754;401;192;209
63;667;419;193;226
63;580;449;208;241
63;493;395;186;209
63;406;389;169;220
63;319;360;151;209
63;232;381;166;215
63;145;299;140;159
63;58;353;154;199
63;1538;490;214;276
63;1451;491;215;276
63;1364;468;210;258
63;1277;446;213;233
63;1190;440;203;237
63;1103;422;183;239
63;1016;390;177;213
63;929;407;201;206
63;842;395;188;207
63;755;414;192;222
63;668;435;200;235
63;581;378;176;202
63;494;385;164;221
63;407;347;140;207
63;320;376;164;212
63;233;295;136;159
63;146;346;150;196
63;59;431;199;232
63;1539;490;211;279
63;1452;454;203;251
63;1365;438;206;232
63;1278;436;202;234
63;1191;421;179;242
63;1104;382;175;207
63;1017;398;194;204
63;930;398;188;210
63;843;407;187;220
63;756;421;189;232
63;669;370;172;198
63;582;377;162;215
63;495;342;136;206
63;408;373;162;211
63;321;293;135;158
63;234;337;145;192
63;147;423;193;230
63;60;427;171;256
63;1540;452;201;251
63;1453;438;207;231
63;1366;434;201;233
63;1279;418;176;242
63;1192;378;169;209
63;1105;388;185;203
63;1018;392;186;206
63;931;387;179;208
63;844;409;181;228
63;757;361;164;197
63;670;359;145;214
63;583;337;130;207
63;496;368;159;209
63;409;284;130;154
63;322;327;142;185
63;235;408;181;227
63;148;425;171;254
63;61;384;144;240
63;1541;439;205;234
63;1454;425;197;228
63;1367;405;167;238
63;1280;368;161;207
63;1193;378;179;199
63;1106;387;180;207
63;1019;382;176;206
63;932;393;162;231
63;845;355;163;192
63;758;352;139;213
63;671;331;126;205
63;584;364;158;206
63;497;278;125;153
63;410;315;136;179
63;323;399;177;222
63;236;419;165;254
63;149;384;144;240
63;62;387;168;219
63;1542;413;187;226
63;1455;401;163;238
63;1368;360;155;205
63;1281;374;175;199
63;1194;381;177;204
63;1107;374;174;200
63;1020;384;155;229
63;933;342;160;182
63;846;344;134;210
63;759;327;124;203
63;672;355;152;203
63;585;270;119;151
63;498;304;128;176
63;411;391;175;216
63;324;408;162;246
63;237;371;136;235
63;150;382;164;218
63;63;457;176;281
63;1543;396;161;235
63;1456;349;149;200
63;1369;367;165;202
63;1282;375;172;203
63;1195;373;172;201
63;1108;383;156;227
63;1021;332;151;181
63;934;338;124;214
63;847;319;120;199
63;760;346;143;203
63;673;260;115;145
63;586;292;119;173
63;499;381;166;215
63;412;407;160;247
63;325;367;132;235
63;238;375;163;212
63;151;455;175;280
63;64;445;179;266
63;1544;346;149;197
63;1457;358;159;199
63;1370;374;174;200
63;1283;371;172;199
63;1196;374;151;223
63;1109;325;143;182
63;1022;336;121;215
63;935;301;117;184
63;848;336;135;201
63;761;252;110;142
63;674;286;114;172
63;587;367;158;209
63;500;405;157;248
63;413;360;128;232
63;326;369;159;210
63;239;446;172;274
63;152;440;175;265
63;65;486;202;284
63;1545;347;151;196
63;1458;367;168;199
63;1371;358;165;193
63;1284;365;146;219
63;1197;321;140;181
63;1110;328;117;211
63;1023;295;113;182
63;936;318;129;189
63;849;248;104;144
63;762;280;107;173
63;675;356;152;204
63;588;383;142;241
63;501;349;124;225
63;414;363;155;208
63;327;440;165;275
63;240;441;170;271
63;153;478;199;279
63;66;442;184;258
63;1546;364;166;198
63;1459;347;156;191
63;1372;357;140;217
63;1285;312;132;180
63;1198;322;113;209
63;1111;293;111;182
63;1024;316;129;187
63;937;249;104;145
63;850;273;103;170
63;763;349;150;199
63;676;371;136;235
63;589;341;118;223
63;502;351;147;204
63;415;437;163;274
63;328;425;161;264
63;241;472;193;279
63;154;427;174;253
63;67;396;170;226
63;1547;341;154;187
63;1460;355;137;218
63;1373;303;123;180
63;1286;315;110;205
63;1199;294;110;184
63;1112;307;124;183
63;1025;244;101;143
63;938;265;96;169
63;851;337;144;193
63;764;359;128;231
63;677;328;111;217
63;590;340;143;197
63;503;432;160;272
63;416;407;153;254
63;329;460;184;276
63;242;423;169;254
63;155;382;163;219
63;68;374;161;213
63;1548;342;134;208
63;1461;298;118;180
63;1374;308;108;200
63;1287;284;106;178
63;1200;301;121;180
63;1113;238;100;138
63;1026;252;88;164
63;939;310;128;182
63;852;347;122;225
63;765;317;103;214
63;678;333;140;193
63;591;418;150;268
63;504;396;147;249
63;417;443;176;267
63;330;413;158;255
63;243;373;156;217
63;156;364;154;210
63;69;420;158;262
63;1549;291;112;179
63;1462;299;101;198
63;1375;275;100;175
63;1288;286;112;174
63;1201;234;97;137
63;1114;249;86;163
63;1027;298;123;175
63;940;327;118;209
63;853;312;100;212
63;766;327;136;191
63;679;398;139;259
63;592;384;141;243
63;505;433;170;263
63;418;398;147;251
63;331;361;145;216
63;244;354;146;208
63;157;414;153;261
63;70;406;156;250
63;1550;294;98;196
63;1463;268;95;173
63;1376;278;107;171
63;1289;224;90;134
63;1202;242;82;160
63;1115;289;117;172
63;1028;320;115;205
63;941;292;95;197
63;854;314;128;186
63;767;388;136;252
63;680;367;137;230
63;593;426;163;263
63;506;388;142;246
63;419;354;140;214
63;332;349;145;204
63;245;405;146;259
63;158;396;149;247
63;71;390;146;244
63;1551;254;87;167
63;1464;262;96;166
63;1377;219;86;133
63;1290;241;81;160
63;1203;286;115;171
63;1116;309;110;199
63;1029;282;89;193
63;942;304;116;188
63;855;380;127;253
63;768;351;133;218
63;681;412;153;259
63;594;376;135;241
63;507;343;133;210
63;420;340;137;203
63;333;395;143;252
63;246;383;134;249
63;159;385;143;242
63;72;355;123;232
63;1552;259;97;162
63;1465;209;82;127
63;1378;233;75;158
63;1291;270;103;167
63;1204;299;105;194
63;1117;281;85;196
63;1030;298;111;187
63;943;347;118;229
63;856;337;123;214
63;769;394;142;252
63;682;360;126;234
63;595;322;116;206
63;508;330;132;198
63;421;379;133;246
63;334;372;123;249
63;247;374;136;238
63;160;344;113;231
63;73;371;121;250
63;1553;198;76;122
63;1466;225;70;155
63;1379;256;97;159
63;1292;290;102;188
63;1205;271;81;190
63;1118;283;103;180
63;1031;333;112;221
63;944;314;108;206
63;857;380;137;243
63;770;349;124;225
63;683;307;105;202
63;596;314;125;189
63;509;372;133;239
63;422;357;115;242
63;335;359;125;234
63;248;333;107;226
63;161;362;119;243
63;74;325;102;223
63;1554;220;66;154
63;1467;249;94;155
63;1380;280;94;186
63;1293;259;74;185
63;1206;274;98;176
63;1119;323;109;214
63;1032;298;98;200
63;945;351;122;229
63;858;337;118;219
63;771;290;99;191
63;684;304;118;186
63;597;355;123;232
63;510;340;109;231
63;423;343;115;228
63;336;327;104;223
63;249;342;112;230
63;162;319;100;219
63;75;283;90;193
63;1555;244;91;153
63;1468;265;87;178
63;1381;252;70;182
63;1294;264;91;173
63;1207;310;102;208
63;1120;290;92;198
63;1033;343;117;226
63;946;300;105;195
63;859;285;95;190
63;772;297;117;180
63;685;338;110;228
63;598;331;105;226
63;511;329;109;220
63;424;308;93;215
63;337;321;101;220
63;250;299;88;211
63;163;264;84;180
63;76;283;69;214
63;1556;245;76;169
63;1469;249;71;178
63;1382;253;87;166
63;1295;294;94;200
63;1208;269;85;184
63;1121;331;107;224
63;1034;290;98;192
63;947;262;87;175
63;860;289;111;178
63;773;320;105;215
63;686;316;98;218
63;599;307;100;207
63;512;306;91;215
63;425;307;100;207
63;338;291;84;207
63;251;245;74;171
63;164;260;60;200
63;77;217;48;169
63;1557;238;64;174
63;1470;242;84;158
63;1383;279;88;191
63;1296;256;79;177
63;1209;317;98;219
63;1122;275;92;183
63;1035;252;82;170
63;948;257;96;161
63;861;307;99;208
63;774;299;85;214
63;687;281;90;191
63;600;289;83;206
63;513;290;90;200
63;426;279;78;201
63;339;242;72;170
63;252;250;55;195
63;165;209;48;161
63;78;222;73;149
63;1558;230;80;150
63;1471;255;75;180
63;1384;251;76;175
63;1297;307;91;216
63;1210;263;85;178
63;1123;237;76;161
63;1036;243;87;156
63;949;289;86;203
63;862;282;78;204
63;775;267;88;179
63;688;274;76;198
63;601;277;82;195
63;514;258;69;189
63;427;239;69;170
63;340;235;50;185
63;253;195;44;151
63;166;201;65;136
63;79;231;52;179
63;1559;238;67;171
63;1472;240;74;166
63;1385;293;83;210
63;1298;247;79;168
63;1211;231;73;158
63;1124;229;81;148
63;1037;273;80;193
63;950;242;68;174
63;863;249;79;170
63;776;260;72;188
63;689;257;73;184
63;602;244;65;179
63;515;229;67;162
63;428;224;46;178
63;341;185;42;143
63;254;184;57;127
63;167;224;48;176
63;80;159;43;116
63;1560;225;70;155
63;1473;275;76;199
63;1386;229;73;156
63;1299;219;63;156
63;1212;210;76;134
63;1125;257;74;183
63;1038;230;61;169
63;951;226;64;162
63;864;230;57;173
63;777;241;67;174
63;690;229;59;170
63;603;215;62;153
63;516;212;43;169
63;429;171;37;134
63;342;167;51;116
63;255;207;40;167
63;168;150;41;109
63;81;151;41;110
63;1561;256;68;188
63;1474;214;66;148
63;1387;203;58;145
63;1300;201;72;129
63;1213;240;67;173
63;1126;216;58;158
63;1039;211;57;154
63;952;191;48;143
63;865;231;65;166
63;778;216;59;157
63;691;199;53;146
63;604;198;42;156
63;517;165;36;129
63;430;149;40;109
63;343;193;39;154
63;256;146;40;106
63;169;144;38;106
63;82;111;35;76
63;1562;202;58;144
63;1475;196;56;140
63;1388;185;63;122
63;1301;223;62;161
63;1214;196;50;146
63;1127;196;51;145
63;1040;176;44;132
63;953;198;53;145
63;866;201;54;147
63;779;185;47;138
63;692;180;37;143
63;605;145;26;119
63;518;134;37;97
63;431;182;36;146
63;344;134;32;102
63;257;131;36;95
63;170;102;30;72
63;83;71;20;51
63;1563;183;52;131
63;1476;173;59;114
63;1389;196;54;142
63;1302;168;42;126
63;1215;180;48;132
63;1128;154;35;119
63;1041;180;49;131
63;954;181;44;137
63;867;171;43;128
63;780;163;35;128
63;693;135;23;112
63;606;121;32;89
63;519;160;29;131
63;432;122;28;94
63;345;118;31;87
63;258;95;25;70
63;171;67;18;49
63;84;52;14;38
63;1564;155;51;104
63;1477;171;45;126
63;1390;154;35;119
63;1303;161;44;117
63;1216;136;31;105
63;1129;163;42;121
63;1042;160;37;123
63;955;147;36;111
63;868;149;30;119
63;781;115;19;96
63;694;107;29;78
63;607;142;24;118
63;520;117;24;93
63;433;108;27;81
63;346;89;23;66
63;259;61;17;44
63;172;45;10;35
63;85;67;21;46
63;1565;742;158;584
63;1478;700;148;552
63;1391;690;147;543
63;1304;658;137;521
63;1217;632;134;498
63;1130;613;134;479
63;1043;565;116;449
63;956;522;104;418
63;869;482;114;368
63;782;468;120;348
63;695;456;106;350
63;608;418;114;304
63;521;389;97;292
63;434;359;92;267
63;347;343;83;260
63;260;353;81;272
63;173;382;89;293
63;86;398;94;304
63;1566;32492;15364;17128
63;1479;32701;15439;17262
63;1392;33020;15537;17483
63;1305;33437;15726;17711
63;1218;33556;15748;17808
63;1131;33899;15901;17998
63;1044;34230;15997;18233
63;957;34453;16125;18328
63;870;35006;16407;18599
63;783;35361;16576;18785
63;696;35550;16583;18967
63;609;35907;16743;19164
63;522;36328;16951;19377
63;435;36712;17149;19563
63;348;36916;17285;19631
63;261;36953;17306;19647
63;174;37118;17389;19729
63;87;37388;17526;19862
64;1480;309;159;150
64;1393;316;169;147
64;1306;339;175;164
64;1219;326;174;152
64;1132;317;154;163
64;1045;313;145;168
64;958;305;156;149
64;871;293;139;154
64;784;370;182;188
64;697;377;177;200
64;610;350;181;169
64;523;324;160;164
64;436;356;190;166
64;349;347;184;163
64;262;354;198;156
64;175;354;183;171
64;88;414;200;214
64;1;408;210;198
64;1481;311;168;143
64;1394;330;165;165
64;1307;325;170;155
64;1220;317;152;165
64;1133;307;143;164
64;1046;299;154;145
64;959;297;137;160
64;872;337;166;171
64;785;367;170;197
64;698;342;176;166
64;611;319;156;163
64;524;351;189;162
64;437;344;185;159
64;350;354;197;157
64;263;357;185;172
64;176;413;199;214
64;89;399;204;195
64;2;448;228;220
64;1482;327;165;162
64;1395;326;169;157
64;1308;319;155;164
64;1221;310;142;168
64;1134;291;150;141
64;1047;291;134;157
64;960;325;157;168
64;873;345;159;186
64;786;334;173;161
64;699;316;155;161
64;612;355;189;166
64;525;338;180;158
64;438;343;194;149
64;351;354;183;171
64;264;418;204;214
64;177;393;197;196
64;90;450;228;222
64;3;467;252;215
64;1483;325;171;154
64;1396;306;144;162
64;1309;305;143;162
64;1222;296;147;149
64;1135;273;123;150
64;1048;318;151;167
64;961;330;152;178
64;874;312;163;149
64;787;314;154;160
64;700;354;187;167
64;613;345;183;162
64;526;341;193;148
64;439;348;179;169
64;352;417;202;215
64;265;397;196;201
64;178;449;228;221
64;91;461;252;209
64;4;492;264;228
64;1484;300;145;155
64;1397;302;141;161
64;1310;293;149;144
64;1223;274;123;151
64;1136;316;157;159
64;1049;325;154;171
64;962;296;152;144
64;875;285;141;144
64;788;349;185;164
64;701;337;177;160
64;614;342;197;145
64;527;345;178;167
64;440;408;199;209
64;353;397;197;200
64;266;450;228;222
64;179;463;252;211
64;92;485;263;222
64;5;462;229;233
64;1485;299;140;159
64;1398;288;149;139
64;1311;271;123;148
64;1224;306;151;155
64;1137;322;152;170
64;1050;295;153;142
64;963;270;134;136
64;876;331;172;159
64;789;329;174;155
64;702;335;193;142
64;615;340;175;165
64;528;404;193;211
64;441;393;196;197
64;354;446;225;221
64;267;468;257;211
64;180;483;263;220
64;93;457;228;229
64;6;529;272;257
64;1486;281;147;134
64;1399;271;123;148
64;1312;299;145;154
64;1225;314;149;165
64;1138;291;153;138
64;1051;258;127;131
64;964;327;168;159
64;877;301;154;147
64;790;329;189;140
64;703;337;176;161
64;616;397;189;208
64;529;390;190;200
64;442;441;225;216
64;355;463;254;209
64;268;482;261;221
64;181;454;227;227
64;94;521;269;252
64;7;548;284;264
64;1487;272;125;147
64;1400;295;145;150
64;1313;309;144;165
64;1226;282;150;132
64;1139;252;124;128
64;1052;319;161;158
64;965;298;154;144
64;878;320;182;138
64;791;335;175;160
64;704;399;191;208
64;617;393;190;203
64;530;433;222;211
64;443;461;253;208
64;356;477;257;220
64;269;458;228;230
64;182;523;269;254
64;95;546;281;265
64;8;606;324;282
64;1488;293;144;149
64;1401;306;144;162
64;1314;282;150;132
64;1227;253;125;128
64;1140;315;160;155
64;1053;301;157;144
64;966;316;179;137
64;879;316;175;141
64;792;397;191;206
64;705;392;190;202
64;618;439;226;213
64;531;457;250;207
64;444;473;256;217
64;357;450;220;230
64;270;520;267;253
64;183;541;278;263
64;96;606;324;282
64;9;693;350;343
64;1489;300;142;158
64;1402;279;148;131
64;1315;249;121;128
64;1228;321;163;158
64;1141;293;155;138
64;1054;313;178;135
64;967;317;175;142
64;880;375;191;184
64;793;391;190;201
64;706;434;225;209
64;619;457;251;206
64;532;471;254;217
64;445;445;219;226
64;358;516;262;254
64;271;546;279;267
64;184;611;327;284
64;97;684;343;341
64;10;729;369;360
64;1490;271;143;128
64;1403;253;120;133
64;1316;314;164;150
64;1229;291;154;137
64;1142;308;176;132
64;1055;306;172;134
64;968;379;194;185
64;881;386;200;186
64;794;427;220;207
64;707;457;251;206
64;620;468;253;215
64;533;448;220;228
64;446;517;262;255
64;359;544;279;265
64;272;610;324;286
64;185;689;347;342
64;98;723;366;357
64;11;728;386;342
64;1491;249;119;130
64;1404;313;164;149
64;1317;284;149;135
64;1230;308;175;133
64;1143;297;168;129
64;1056;376;194;182
64;969;381;198;183
64;882;427;220;207
64;795;455;249;206
64;708;467;251;216
64;621;444;217;227
64;534;514;261;253
64;447;541;279;262
64;360;613;327;286
64;273;687;341;346
64;186;727;370;357
64;99;714;375;339
64;12;733;381;352
64;1492;311;161;150
64;1405;283;152;131
64;1318;307;172;135
64;1231;298;167;131
64;1144;368;188;180
64;1057;373;191;182
64;970;414;217;197
64;883;434;227;207
64;796;462;249;213
64;709;439;217;222
64;622;513;260;253
64;535;538;277;261
64;448;612;326;286
64;361;677;337;340
64;274;722;367;355
64;187;710;372;338
64;100;722;375;347
64;13;747;367;380
64;1493;280;150;130
64;1406;310;175;135
64;1319;295;167;128
64;1232;369;186;183
64;1145;372;192;180
64;1058;412;216;196
64;971;430;224;206
64;884;465;253;212
64;797;438;214;224
64;710;508;258;250
64;623;539;280;259
64;536;612;327;285
64;449;665;330;335
64;362;715;360;355
64;275;701;371;330
64;188;714;371;343
64;101;734;357;377
64;14;824;427;397
64;1494;305;171;134
64;1407;297;168;129
64;1320;367;186;181
64;1233;374;194;180
64;1146;403;211;192
64;1059;424;221;203
64;972;466;253;213
64;885;435;218;217
64;798;504;256;248
64;711;537;277;260
64;624;609;326;283
64;537;662;330;332
64;450;703;355;348
64;363;693;370;323
64;276;703;366;337
64;189;723;350;373
64;102;814;421;393
64;15;796;409;387
64;1495;295;167;128
64;1408;361;182;179
64;1321;370;190;180
64;1234;403;210;193
64;1147;418;216;202
64;1060;463;249;214
64;973;427;213;214
64;886;500;259;241
64;799;529;274;255
64;712;602;319;283
64;625;662;331;331
64;538;702;352;350
64;451;671;357;314
64;364;691;360;331
64;277;711;349;362
64;190;806;415;391
64;103;783;402;381
64;16;725;389;336
64;1496;356;181;175
64;1409;371;191;180
64;1322;404;210;194
64;1235;414;215;199
64;1148;460;247;213
64;1061;426;214;212
64;974;501;262;239
64;887;521;271;250
64;800;596;314;282
64;713;665;334;331
64;626;702;351;351
64;539;662;353;309
64;452;673;349;324
64;365;700;345;355
64;278;789;405;384
64;191;774;396;378
64;104;717;383;334
64;17;758;375;383
64;1497;372;194;178
64;1410;402;209;193
64;1323;408;214;194
64;1236;456;244;212
64;1149;425;212;213
64;1062;494;258;236
64;975;520;270;250
64;888;585;312;273
64;801;656;326;330
64;714;698;349;349
64;627;654;351;303
64;540;662;344;318
64;453;683;336;347
64;366;778;397;381
64;279;753;386;367
64;192;705;376;329
64;105;743;369;374
64;18;750;393;357
64;1498;396;206;190
64;1411;407;211;196
64;1324;439;236;203
64;1237;418;210;208
64;1150;490;255;235
64;1063;513;267;246
64;976;572;304;268
64;889;625;317;308
64;802;694;349;345
64;715;654;353;301
64;628;650;339;311
64;541;677;333;344
64;454;748;382;366
64;367;736;376;360
64;280;688;368;320
64;193;740;369;371
64;106;735;384;351
64;19;581;296;285
64;1499;380;194;186
64;1412;430;232;198
64;1325;402;206;196
64;1238;484;253;231
64;1151;489;256;233
64;1064;562;298;264
64;977;604;309;295
64;890;555;299;256
64;803;643;345;298
64;716;642;335;307
64;629;661;327;334
64;542;736;376;360
64;455;702;360;342
64;368;669;359;310
64;281;728;361;367
64;194;718;376;342
64;107;566;288;278
64;20;505;274;231
64;1500;421;223;198
64;1413;394;202;192
64;1326;468;245;223
64;1239;480;248;232
64;1152;537;285;252
64;1065;590;303;287
64;978;530;287;243
64;891;526;303;223
64;804;628;328;300
64;717;648;320;328
64;630;723;372;351
64;543;681;348;333
64;456;631;341;290
64;369;707;350;357
64;282;711;370;341
64;195;562;286;276
64;108;499;268;231
64;21;484;247;237
64;1501;384;198;186
64;1414;446;233;213
64;1327;471;241;230
64;1240;530;282;248
64;1153;579;294;285
64;1066;511;280;231
64;979;491;290;201
64;892;540;283;257
64;805;631;314;317
64;718;708;368;340
64;631;667;343;324
64;544;616;334;282
64;457;665;335;330
64;370;685;356;329
64;283;547;281;266
64;196;496;265;231
64;109;471;240;231
64;22;501;287;214
64;1502;416;214;202
64;1415;448;231;217
64;1328;519;273;246
64;1241;555;283;272
64;1154;502;275;227
64;1067;456;274;182
64;980;506;265;241
64;893;511;261;250
64;806;683;352;331
64;719;657;338;319
64;632;599;322;277
64;545;652;329;323
64;458;650;340;310
64;371;524;271;253
64;284;487;257;230
64;197;472;237;235
64;110;492;281;211
64;23;502;261;241
64;1503;414;213;201
64;1416;486;260;226
64;1329;516;262;254
64;1242;481;260;221
64;1155;448;274;174
64;1068;491;258;233
64;981;468;241;227
64;894;571;324;247
64;807;633;326;307
64;720;586;317;269
64;633;648;324;324
64;546;634;330;304
64;459;506;260;246
64;372;464;246;218
64;285;472;232;240
64;198;494;280;214
64;111;486;252;234
64;24;502;266;236
64;1504;461;255;206
64;1417;498;261;237
64;1330;452;244;208
64;1243;442;270;172
64;1156;460;242;218
64;1069;447;233;214
64;982;545;311;234
64;895;497;274;223
64;808;555;296;259
64;721;630;318;312
64;634;616;323;293
64;547;486;249;237
64;460;429;226;203
64;373;458;227;231
64;286;491;277;214
64;199;489;255;234
64;112;491;259;232
64;25;521;267;254
64;1505;466;240;226
64;1418;416;224;192
64;1331;417;252;165
64;1244;439;230;209
64;1157;418;218;200
64;1070;524;302;222
64;983;449;248;201
64;896;400;218;182
64;809;596;304;292
64;722;596;314;282
64;635;478;246;232
64;548;404;215;189
64;461;438;218;220
64;374;460;259;201
64;287;474;246;228
64;200;489;254;235
64;113;513;261;252
64;26;564;306;258
64;1506;380;212;168
64;1419;377;234;143
64;1332;424;220;204
64;1245;394;212;182
64;1158;499;288;211
64;1071;424;243;181
64;984;345;188;157
64;897;421;225;196
64;810;567;298;269
64;723;453;230;223
64;636;406;215;191
64;549;415;204;211
64;462;434;247;187
64;375;455;239;216
64;288;469;244;225
64;201;510;259;251
64;114;549;301;248
64;27;555;271;284
64;1507;365;229;136
64;1420;378;202;176
64;1333;378;205;173
64;1246;481;280;201
64;1159;408;237;171
64;1072;329;185;144
64;985;384;203;181
64;898;396;211;185
64;811;426;220;206
64;724;384;210;174
64;637;396;196;200
64;550;420;239;181
64;463;437;231;206
64;376;454;233;221
64;289;500;257;243
64;202;537;295;242
64;115;542;263;279
64;28;639;344;295
64;1508;351;189;162
64;1421;357;199;158
64;1334;464;268;196
64;1247;392;227;165
64;1160;313;174;139
64;1073;360;191;169
64;986;363;189;174
64;899;371;190;181
64;812;360;196;164
64;725;384;189;195
64;638;412;235;177
64;551;415;222;193
64;464;434;226;208
64;377;487;248;239
64;290;520;283;237
64;203;540;264;276
64;116;626;335;291
64;29;614;301;313
64;1509;320;180;140
64;1422;431;247;184
64;1335;388;218;170
64;1248;301;173;128
64;1161;338;191;147
64;1074;347;186;161
64;987;364;185;179
64;900;351;176;175
64;813;365;178;187
64;726;396;229;167
64;639;408;214;194
64;552;431;218;213
64;465;475;241;234
64;378;505;272;233
64;291;521;255;266
64;204;611;327;284
64;117;596;292;304
64;30;685;344;341
64;1510;409;236;173
64;1423;360;208;152
64;1336;307;177;130
64;1249;320;182;138
64;1162;337;181;156
64;1075;349;176;173
64;988;333;170;163
64;901;354;174;180
64;814;381;223;158
64;727;395;212;183
64;640;429;219;210
64;553;470;236;234
64;466;498;270;228
64;379;502;255;247
64;292;595;321;274
64;205;587;286;301
64;118;669;338;331
64;31;688;365;323
64;1511;339;196;143
64;1424;291;165;126
64;1337;305;174;131
64;1250;330;175;155
64;1163;334;167;167
64;1076;315;160;155
64;989;346;172;174
64;902;373;202;171
64;815;375;200;175
64;728;419;216;203
64;641;460;233;227
64;554;488;267;221
64;467;492;249;243
64;380;588;315;273
64;293;563;267;296
64;206;657;332;325
64;119;672;355;317
64;32;705;359;346
64;1512;272;151;121
64;1425;285;165;120
64;1338;314;168;146
64;1251;320;157;163
64;1164;301;160;141
64;1077;328;163;165
64;990;353;189;164
64;903;384;183;201
64;816;406;211;195
64;729;456;231;225
64;642;479;260;219
64;555;478;240;238
64;468;566;305;261
64;381;546;261;285
64;294;642;323;319
64;207;669;349;320
64;120;694;354;340
64;33;605;326;279
64;1513;276;153;123
64;1426;292;160;132
64;1339;308;157;151
64;1252;286;152;134
64;1165;324;165;159
64;1078;338;183;155
64;991;343;168;175
64;904;404;203;201
64;817;444;224;220
64;730;467;253;214
64;643;479;239;240
64;556;555;298;257
64;469;532;251;281
64;382;627;316;311
64;295;661;343;318
64;208;689;350;339
64;121;591;315;276
64;34;663;313;350
64;1514;267;142;125
64;1427;287;149;138
64;1340;280;147;133
64;1253;310;157;153
64;1166;331;180;151
64;1079;327;161;166
64;992;394;194;200
64;905;413;207;206
64;818;454;242;212
64;731;468;236;232
64;644;545;291;254
64;557;528;246;282
64;470;615;313;302
64;383;649;339;310
64;296;675;345;330
64;209;580;308;272
64;122;656;307;349
64;35;734;363;371
64;1515;261;132;129
64;1428;264;138;126
64;1341;304;157;147
64;1254;328;178;150
64;1167;319;160;159
64;1080;383;191;192
64;993;394;199;195
64;906;439;227;212
64;819;456;231;225
64;732;532;280;252
64;645;529;249;280
64;558;610;308;302
64;471;628;329;299
64;384;676;348;328
64;297;576;309;267
64;210;651;308;343
64;123;719;352;367
64;36;713;355;358
64;1516;263;134;129
64;1429;285;144;141
64;1342;311;173;138
64;1255;312;152;160
64;1168;385;197;188
64;1081;383;197;186
64;994;432;224;208
64;907;455;219;236
64;820;520;275;245
64;733;524;242;282
64;646;603;306;297
64;559;621;325;296
64;472;662;334;328
64;385;559;299;260
64;298;637;300;337
64;211;714;353;361
64;124;705;348;357
64;37;714;352;362
64;1517;275;139;136
64;1430;298;163;135
64;1343;310;150;160
64;1256;378;194;184
64;1169;381;200;181
64;1082;423;219;204
64;995;443;206;237
64;908;538;274;264
64;821;521;239;282
64;734;592;300;292
64;647;614;320;294
64;560;653;332;321
64;473;553;294;259
64;386;628;297;331
64;299;697;346;351
64;212;702;347;355
64;125;701;343;358
64;38;721;364;357
64;1518;299;162;137
64;1431;299;143;156
64;1344;373;190;183
64;1257;380;199;181
64;1170;409;212;197
64;1083;425;193;232
64;996;521;265;256
64;909;531;245;286
64;822;579;288;291
64;735;609;313;296
64;648;640;326;314
64;561;543;287;256
64;474;616;291;325
64;387;696;342;354
64;300;690;339;351
64;213;688;336;352
64;126;709;354;355
64;39;746;362;384
64;1519;292;137;155
64;1432;369;186;183
64;1345;369;197;172
64;1258;403;210;193
64;1171;422;188;234
64;1084;510;255;255
64;997;519;235;284
64;910;586;294;292
64;823;594;302;292
64;736;638;321;317
64;649;538;286;252
64;562;607;288;319
64;475;681;336;345
64;388;679;334;345
64;301;684;335;349
64;214;698;347;351
64;127;733;352;381
64;40;765;386;379
64;1520;366;185;181
64;1433;364;196;168
64;1346;395;203;192
64;1259;422;185;237
64;1172;508;255;253
64;1085;516;231;285
64;998;567;283;284
64;911;609;304;305
64;824;627;315;312
64;737;538;288;250
64;650;601;282;319
64;563;661;323;338
64;476;668;328;340
64;389;672;326;346
64;302;691;341;350
64;215;728;349;379
64;128;750;376;374
64;41;727;364;363
64;1521;356;187;169
64;1434;391;201;190
64;1347;417;187;230
64;1260;501;254;247
64;1173;511;234;277
64;1086;559;276;283
64;999;603;298;305
64;912;649;322;327
64;825;535;287;248
64;738;592;277;315
64;651;656;322;334
64;564;664;324;340
64;477;655;318;337
64;390;677;332;345
64;303;716;343;373
64;216;738;372;366
64;129;716;358;358
64;42;713;354;359
64;1522;383;195;188
64;1435;408;179;229
64;1348;504;257;247
64;1261;505;232;273
64;1174;554;274;280
64;1087;599;294;305
64;1000;636;315;321
64;913;553;297;256
64;826;587;272;315
64;739;644;316;328
64;652;653;316;337
64;565;648;314;334
64;478;664;329;335
64;391;712;341;371
64;304;733;368;365
64;217;711;355;356
64;130;705;350;355
64;43;703;338;365
64;1523;396;169;227
64;1436;497;254;243
64;1349;492;228;264
64;1262;540;268;272
64;1175;594;292;302
64;1088;627;306;321
64;1001;543;290;253
64;914;615;291;324
64;827;630;307;323
64;740;644;306;338
64;653;629;305;324
64;566;658;325;333
64;479;696;335;361
64;392;725;363;362
64;305;702;348;354
64;218;698;346;352
64;131;700;338;362
64;44;649;319;330
64;1524;488;247;241
64;1437;491;231;260
64;1350;528;260;268
64;1263;583;290;293
64;1176;627;304;323
64;1089;534;287;247
64;1002;607;286;321
64;915;619;305;314
64;828;635;300;335
64;741;617;297;320
64;654;650;319;331
64;567;689;330;359
64;480;712;353;359
64;393;697;345;352
64;306;688;338;350
64;219;694;337;357
64;132;636;313;323
64;45;584;299;285
64;1525;489;228;261
64;1438;528;259;269
64;1351;572;287;285
64;1264;621;301;320
64;1177;525;281;244
64;1090;595;277;318
64;1003;609;301;308
64;916;632;309;323
64;829;610;296;314
64;742;645;313;332
64;655;684;325;359
64;568;707;347;360
64;481;689;341;348
64;394;682;336;346
64;307;700;342;358
64;220;635;311;324
64;133;576;291;285
64;46;609;324;285
64;1526;517;253;264
64;1439;572;286;286
64;1352;617;300;317
64;1265;521;280;241
64;1178;594;276;318
64;1091;597;296;301
64;1004;626;308;318
64;917;632;307;325
64;830;639;308;331
64;743;669;314;355
64;656;689;335;354
64;569;687;341;346
64;482;669;327;342
64;395;695;345;350
64;308;627;304;323
64;221;571;289;282
64;134;600;320;280
64;47;518;264;254
64;1527;559;276;283
64;1440;607;292;315
64;1353;514;272;242
64;1266;583;269;314
64;1179;582;290;292
64;1092;609;291;318
64;1005;620;301;319
64;918;640;322;318
64;831;660;309;351
64;744;682;331;351
64;657;688;343;345
64;570;663;324;339
64;483;688;341;347
64;396;622;302;320
64;309;560;280;280
64;222;590;316;274
64;135;511;258;253
64;48;483;239;244
64;1528;591;287;304
64;1441;517;276;241
64;1354;580;272;308
64;1267;582;291;291
64;1180;605;286;319
64;1093;611;293;318
64;1006;635;315;320
64;919;639;302;337
64;832;679;328;351
64;745;680;337;343
64;658;654;316;338
64;571;681;337;344
64;484;622;304;318
64;397;552;277;275
64;310;584;312;272
64;223;506;256;250
64;136;472;232;240
64;49;574;273;301
64;1529;517;278;239
64;1442;570;266;304
64;1355;573;289;284
64;1268;604;288;316
64;1181;608;286;322
64;1094;625;309;316
64;1007;627;297;330
64;920;691;339;352
64;833;664;327;337
64;746;648;313;335
64;659;677;335;342
64;572;619;302;317
64;485;543;269;274
64;398;584;308;276
64;311;497;247;250
64;224;458;223;235
64;137;570;271;299
64;50;548;258;290
64;1530;565;263;302
64;1443;565;283;282
64;1356;603;287;316
64;1269;600;278;322
64;1182;622;309;313
64;1095;619;289;330
64;1008;677;331;346
64;921;645;322;323
64;834;642;307;335
64;747;666;330;336
64;660;615;302;313
64;573;539;263;276
64;486;574;305;269
64;399;499;248;251
64;312;457;223;234
64;225;563;270;293
64;138;545;254;291
64;51;595;284;311
64;1531;556;277;279
64;1444;593;283;310
64;1357;598;277;321
64;1270;616;305;311
64;1183;609;281;328
64;1096;678;329;349
64;1009;626;309;317
64;922;658;319;339
64;835;657;327;330
64;748;606;292;314
64;661;531;257;274
64;574;564;299;265
64;487;494;247;247
64;400;450;217;233
64;313;554;263;291
64;226;535;248;287
64;139;582;276;306
64;52;627;286;341
64;1532;585;278;307
64;1445;591;273;318
64;1358;608;300;308
64;1271;606;274;332
64;1184;672;324;348
64;1097;628;308;320
64;1010;653;315;338
64;923;636;300;336
64;836;602;290;312
64;749;525;251;274
64;662;548;290;258
64;575;489;243;246
64;488;439;210;229
64;401;547;260;287
64;314;520;241;279
64;227;573;270;303
64;140;625;281;344
64;53;567;239;328
64;1533;588;273;315
64;1446;597;295;302
64;1359;597;271;326
64;1272;666;323;343
64;1185;624;303;321
64;1098;642;311;331
64;1011;631;298;333
64;924;582;277;305
64;837;520;248;272
64;750;535;282;253
64;663;478;236;242
64;576;439;210;229
64;489;533;253;280
64;402;518;240;278
64;315;568;266;302
64;228;621;281;340
64;141;559;240;319
64;54;511;242;269
64;1534;592;290;302
64;1447;588;264;324
64;1360;665;318;347
64;1273;616;300;316
64;1186;623;302;321
64;1099;620;290;330
64;1012;571;270;301
64;925;533;260;273
64;838;525;275;250
64;751;474;235;239
64;664;432;202;230
64;577;527;247;280
64;490;507;232;275
64;403;561;262;299
64;316;611;275;336
64;229;552;234;318
64;142;501;237;264
64;55;500;240;260
64;1535;582;260;322
64;1448;651;314;337
64;1361;603;291;312
64;1274;620;299;321
64;1187;613;284;329
64;1100;561;263;298
64;1013;522;254;268
64;926;530;282;248
64;839;464;226;238
64;752;417;190;227
64;665;514;238;276
64;578;500;225;275
64;491;551;259;292
64;404;603;272;331
64;317;541;224;317
64;230;488;228;260
64;143;491;234;257
64;56;594;278;316
64;1536;646;313;333
64;1449;596;287;309
64;1362;615;293;322
64;1275;606;278;328
64;1188;558;257;301
64;1101;519;252;267
64;1014;524;279;245
64;927;441;204;237
64;840;408;183;225
64;753;504;229;275
64;666;494;220;274
64;579;539;251;288
64;492;594;264;330
64;405;542;223;319
64;318;476;222;254
64;231;485;229;256
64;144;576;268;308
64;57;527;232;295
64;1537;589;285;304
64;1450;604;284;320
64;1363;599;272;327
64;1276;553;252;301
64;1189;515;250;265
64;1102;518;274;244
64;1015;438;200;238
64;928;422;196;226
64;841;500;224;276
64;754;487;217;270
64;667;529;242;287
64;580;590;260;330
64;493;533;221;312
64;406;470;217;253
64;319;478;227;251
64;232;566;259;307
64;145;518;229;289
64;58;631;277;354
64;1538;591;275;316
64;1451;595;266;329
64;1364;543;246;297
64;1277;507;247;260
64;1190;507;268;239
64;1103;433;194;239
64;1016;416;193;223
64;929;501;218;283
64;842;481;210;271
64;755;517;236;281
64;668;579;252;327
64;581;524;215;309
64;494;467;216;251
64;407;473;225;248
64;320;553;252;301
64;233;512;222;290
64;146;622;275;347
64;59;661;260;401
64;1539;580;257;323
64;1452;533;238;295
64;1365;502;245;257
64;1278;500;265;235
64;1191;423;189;234
64;1104;411;187;224
64;1017;492;211;281
64;930;506;223;283
64;843;508;233;275
64;756;564;240;324
64;669;515;209;306
64;582;456;206;250
64;495;460;218;242
64;408;545;247;298
64;321;505;217;288
64;234;612;267;345
64;147;650;256;394
64;60;638;298;340
64;1540;530;236;294
64;1453;492;241;251
64;1366;496;265;231
64;1279;416;181;235
64;1192;405;182;223
64;1105;487;208;279
64;1018;494;216;278
64;931;505;222;283
64;844;551;229;322
64;757;509;205;304
64;670;447;197;250
64;583;452;212;240
64;496;528;241;287
64;409;501;214;287
64;322;605;263;342
64;235;632;244;388
64;148;630;290;340
64;61;607;256;351
64;1541;480;233;247
64;1454;489;258;231
64;1367;405;171;234
64;1280;404;179;225
64;1193;488;206;282
64;1106;482;209;273
64;1019;497;219;278
64;932;535;215;320
64;845;497;198;299
64;758;435;192;243
64;671;434;197;237
64;584;513;236;277
64;497;491;208;283
64;410;596;258;338
64;323;615;234;381
64;236;618;281;337
64;149;600;253;347
64;62;562;270;292
64;1542;477;246;231
64;1455;397;169;228
64;1368;393;172;221
64;1281;485;203;282
64;1194;470;199;271
64;1107;486;213;273
64;1020;530;211;319
64;933;475;182;293
64;846;421;182;239
64;759;427;193;234
64;672;497;224;273
64;585;478;199;279
64;498;579;248;331
64;411;602;226;376
64;324;604;271;333
64;237;592;247;345
64;150;559;266;293
64;63;606;255;351
64;1543;392;166;226
64;1456;388;169;219
64;1369;479;198;281
64;1282;463;194;269
64;1195;481;208;273
64;1108;511;198;313
64;1021;469;178;291
64;934;409;176;233
64;847;418;188;230
64;760;480;211;269
64;673;465;188;277
64;586;569;239;330
64;499;591;220;371
64;412;588;265;323
64;325;580;241;339
64;238;546;260;286
64;151;595;244;351
64;64;583;239;344
64;1544;385;168;217
64;1457;471;194;277
64;1370;454;189;265
64;1283;478;207;271
64;1196;497;192;305
64;1109;459;172;287
64;1022;403;171;232
64;935;423;182;241
64;848;469;202;267
64;761;451;181;270
64;674;553;232;321
64;587;576;210;366
64;500;579;260;319
64;413;570;236;334
64;326;536;248;288
64;239;585;234;351
64;152;580;238;342
64;65;596;264;332
64;1545;468;193;275
64;1458;446;187;259
64;1371;473;206;267
64;1284;486;185;301
64;1197;440;160;280
64;1110;388;161;227
64;1023;416;174;242
64;936;465;188;277
64;849;443;175;268
64;762;537;223;314
64;675;561;202;359
64;588;567;255;312
64;501;552;223;329
64;414;530;242;288
64;327;575;230;345
64;240;570;232;338
64;153;588;260;328
64;66;613;250;363
64;1546;439;182;257
64;1459;465;199;266
64;1372;473;175;298
64;1285;435;158;277
64;1198;379;154;225
64;1111;406;164;242
64;1024;455;180;275
64;937;441;175;266
64;850;518;211;307
64;763;538;185;353
64;676;556;249;307
64;589;535;206;329
64;502;517;236;281
64;415;556;216;340
64;328;569;229;340
64;241;579;253;326
64;154;599;241;358
64;67;556;220;336
64;1547;452;187;265
64;1460;447;159;288
64;1373;425;153;272
64;1286;364;147;217
64;1199;400;162;238
64;1112;441;172;269
64;1025;428;168;260
64;938;508;202;306
64;851;516;167;349
64;764;544;239;305
64;677;525;202;323
64;590;493;224;269
64;503;550;210;340
64;416;560;223;337
64;329;564;243;321
64;242;592;235;357
64;155;537;209;328
64;68;561;232;329
64;1548;439;156;283
64;1461;412;144;268
64;1374;350;137;213
64;1287;390;155;235
64;1200;428;167;261
64;1113;412;159;253
64;1026;496;197;299
64;939;525;172;353
64;852;524;225;299
64;765;518;199;319
64;678;473;208;265
64;591;533;197;336
64;504;547;214;333
64;417;547;231;316
64;330;588;231;357
64;243;523;197;326
64;156;558;228;330
64;69;614;222;392
64;1549;406;143;263
64;1462;340;130;210
64;1375;373;143;230
64;1288;419;160;259
64;1201;398;148;250
64;1114;487;191;296
64;1027;509;163;346
64;940;499;207;292
64;853;507;192;315
64;766;463;206;257
64;679;521;188;333
64;592;532;212;320
64;505;531;224;307
64;418;566;221;345
64;331;514;190;324
64;244;547;221;326
64;157;606;220;386
64;70;480;168;312
64;1550;327;123;204
64;1463;363;137;226
64;1376;402;150;252
64;1289;386;139;247
64;1202;470;181;289
64;1115;503;160;343
64;1028;481;198;283
64;941;480;183;297
64;854;449;197;252
64;767;505;177;328
64;680;509;193;316
64;593;525;221;304
64;506;544;208;336
64;419;498;180;318
64;332;530;209;321
64;245;591;208;383
64;158;473;163;310
64;71;541;203;338
64;1551;360;132;228
64;1464;393;143;250
64;1377;373;133;240
64;1290;452;170;282
64;1203;486;153;333
64;1116;465;186;279
64;1029;470;177;293
64;942;445;191;254
64;855;489;166;323
64;768;493;183;310
64;681;510;211;299
64;594;522;196;326
64;507;489;174;315
64;420;516;202;314
64;333;581;203;378
64;246;462;156;306
64;159;534;197;337
64;72;516;183;333
64;1552;383;140;243
64;1465;360;127;233
64;1378;437;159;278
64;1291;474;148;326
64;1204;448;176;272
64;1117;452;164;288
64;1030;435;183;252
64;943;468;154;314
64;856;479;172;307
64;769;481;188;293
64;682;508;188;320
64;595;475;162;313
64;508;495;190;305
64;421;556;187;369
64;334;449;151;298
64;247;517;190;327
64;160;505;172;333
64;73;505;197;308
64;1553;353;124;229
64;1466;422;151;271
64;1379;459;143;316
64;1292;428;164;264
64;1205;435;154;281
64;1118;413;167;246
64;1031;452;144;308
64;944;444;152;292
64;857;467;182;285
64;770;491;176;315
64;683;464;158;306
64;596;472;180;292
64;509;529;176;353
64;422;438;146;292
64;335;505;183;322
64;248;484;162;322
64;161;491;186;305
64;74;482;156;326
64;1554;403;138;265
64;1467;438;132;306
64;1380;410;154;256
64;1293;421;145;276
64;1206;400;161;239
64;1119;433;131;302
64;1032;422;142;280
64;945;447;167;280
64;858;484;172;312
64;771;441;148;293
64;684;443;163;280
64;597;504;163;341
64;510;417;137;280
64;423;477;167;310
64;336;463;150;313
64;249;476;176;300
64;162;465;147;318
64;75;421;127;294
64;1555;416;119;297
64;1468;394;147;247
64;1381;411;141;270
64;1294;384;155;229
64;1207;415;119;296
64;1120;407;134;273
64;1033;429;160;269
64;946;451;156;295
64;859;419;135;284
64;772;424;154;270
64;685;487;157;330
64;598;400;128;272
64;511;457;155;302
64;424;439;137;302
64;337;458;164;294
64;250;443;133;310
64;163;419;122;297
64;76;400;118;282
64;1556;375;136;239
64;1469;396;134;262
64;1382;358;139;219
64;1295;396;110;286
64;1208;386;123;263
64;1121;402;146;256
64;1034;433;150;283
64;947;407;128;279
64;860;404;144;260
64;773;464;148;316
64;686;386;119;267
64;599;426;138;288
64;512;417;128;289
64;425;438;151;287
64;338;425;120;305
64;251;402;121;281
64;164;389;114;275
64;77;406;119;287
64;1557;375;124;251
64;1470;337;129;208
64;1383;370;95;275
64;1296;369;113;256
64;1209;383;137;246
64;1122;410;137;273
64;1035;392;122;270
64;948;392;137;255
64;861;431;129;302
64;774;371;107;264
64;687;405;130;275
64;600;390;113;277
64;513;416;144;272
64;426;405;110;295
64;339;383;114;269
64;252;375;105;270
64;165;385;111;274
64;78;345;106;239
64;1558;321;122;199
64;1471;349;86;263
64;1384;349;106;243
64;1297;362;124;238
64;1210;390;129;261
64;1123;374;115;259
64;1036;371;128;243
64;949;407;114;293
64;862;351;98;253
64;775;376;123;253
64;688;373;108;265
64;601;387;128;259
64;514;395;106;289
64;427;363;104;259
64;340;357;94;263
64;253;357;97;260
64;166;325;99;226
64;79;335;106;229
64;1559;330;76;254
64;1472;339;100;239
64;1385;336;112;224
64;1298;360;110;250
64;1211;361;109;252
64;1124;355;122;233
64;1037;382;105;277
64;950;322;85;237
64;863;361;117;244
64;776;350;101;249
64;689;351;110;241
64;602;368;102;266
64;515;336;99;237
64;428;340;86;254
64;341;336;88;248
64;254;306;88;218
64;167;320;99;221
64;80;315;83;232
64;1560;317;89;228
64;1473;303;100;203
64;1386;336;98;238
64;1299;345;100;245
64;1212;339;110;229
64;1125;355;92;263
64;1038;306;80;226
64;951;338;104;234
64;864;330;97;233
64;777;325;100;225
64;690;346;95;251
64;603;311;88;223
64;516;318;77;241
64;429;320;80;240
64;342;286;78;208
64;255;297;89;208
64;168;297;76;221
64;81;275;93;182
64;1561;285;89;196
64;1474;323;92;231
64;1387;325;96;229
64;1300;315;98;217
64;1213;337;84;253
64;1126;287;74;213
64;1039;313;95;218
64;952;316;87;229
64;865;296;88;208
64;778;320;83;237
64;691;281;73;208
64;604;293;70;223
64;517;307;74;233
64;430;263;70;193
64;343;275;79;196
64;256;268;70;198
64;169;252;82;170
64;82;204;51;153
64;1562;304;84;220
64;1475;305;92;213
64;1388;293;89;204
64;1301;313;79;234
64;1214;265;64;201
64;1127;287;86;201
64;1040;298;81;217
64;953;269;75;194
64;866;297;77;220
64;779;265;66;199
64;692;264;59;205
64;605;284;67;217
64;518;244;63;181
64;431;259;72;187
64;344;248;60;188
64;257;232;72;160
64;170;183;48;135
64;83;126;45;81
64;1563;275;82;193
64;1476;266;81;185
64;1389;288;69;219
64;1302;247;58;189
64;1215;262;74;188
64;1128;272;74;198
64;1041;245;67;178
64;954;269;75;194
64;867;244;59;185
64;780;233;50;183
64;693;254;62;192
64;606;228;51;177
64;519;239;69;170
64;432;227;54;173
64;345;204;60;144
64;258;166;38;128
64;171;115;36;79
64;84;100;37;63
64;1564;240;76;164
64;1477;261;58;203
64;1390;222;49;173
64;1303;233;65;168
64;1216;242;66;176
64;1129;225;57;168
64;1042;246;70;176
64;955;217;49;168
64;868;210;41;169
64;781;223;55;168
64;694;197;42;155
64;607;216;65;151
64;520;203;48;155
64;433;182;52;130
64;346;149;35;114
64;259;98;34;64
64;172;88;30;58
64;85;112;33;79
64;1565;1145;241;904
64;1478;1104;247;857
64;1391;1086;250;836
64;1304;1066;243;823
64;1217;1017;232;785
64;1130;1014;224;790
64;1043;929;192;737
64;956;871;179;692
64;869;801;179;622
64;782;741;168;573
64;695;709;171;538
64;608;683;166;517
64;521;644;168;476
64;434;605;143;462
64;347;606;153;453
64;260;637;159;478
64;173;685;174;511
64;86;733;183;550
64;1566;34376;15808;18568
64;1479;35265;16248;19017
64;1392;36160;16634;19526
64;1305;36919;16974;19945
64;1218;37548;17275;20273
64;1131;38355;17620;20735
64;1044;39222;18062;21160
64;957;40270;18567;21703
64;870;42042;19420;22622
64;783;42893;19883;23010
64;696;43643;20263;23380
64;609;44350;20611;23739
64;522;45142;21039;24103
64;435;46154;21457;24697
64;348;46920;21825;25095
64;261;47556;22167;25389
64;174;48071;22444;25627
64;87;48703;22802;25901
65;1480;278;156;122
65;1393;315;156;159
65;1306;321;168;153
65;1219;295;162;133
65;1132;303;166;137
65;1045;318;154;164
65;958;317;171;146
65;871;305;158;147
65;784;360;187;173
65;697;376;189;187
65;610;358;181;177
65;523;348;179;169
65;436;317;161;156
65;349;325;165;160
65;262;345;179;166
65;175;326;165;161
65;88;400;192;208
65;1;401;210;191
65;1481;316;155;161
65;1394;315;166;149
65;1307;295;160;135
65;1220;305;166;139
65;1133;315;152;163
65;1046;317;168;149
65;959;298;152;146
65;872;364;183;181
65;785;366;182;184
65;698;346;175;171
65;611;343;175;168
65;524;321;164;157
65;437;322;164;158
65;350;346;180;166
65;263;328;165;163
65;176;408;196;212
65;89;405;211;194
65;2;482;238;244
65;1482;314;163;151
65;1395;287;156;131
65;1308;301;164;137
65;1221;302;145;157
65;1134;316;164;152
65;1047;286;150;136
65;960;349;175;174
65;873;356;182;174
65;786;340;171;169
65;699;337;173;164
65;612;318;163;155
65;525;319;164;155
65;438;342;174;168
65;351;322;161;161
65;264;405;193;212
65;177;410;214;196
65;90;489;238;251
65;3;446;222;224
65;1483;287;151;136
65;1396;310;165;145
65;1309;300;143;157
65;1222;321;168;153
65;1135;283;148;135
65;1048;340;171;169
65;961;343;175;168
65;874;329;165;164
65;787;329;168;161
65;700;312;160;152
65;613;320;166;154
65;526;349;178;171
65;439;318;160;158
65;352;402;193;209
65;265;412;215;197
65;178;490;241;249
65;91;446;223;223
65;4;493;252;241
65;1484;314;165;149
65;1397;294;134;160
65;1310;307;159;148
65;1223;274;145;129
65;1136;331;164;167
65;1049;338;173;165
65;962;320;165;155
65;875;322;165;157
65;788;308;159;149
65;701;322;165;157
65;614;339;173;166
65;527;315;159;156
65;440;398;191;207
65;353;409;213;196
65;266;486;241;245
65;179;451;222;229
65;92;496;255;241
65;5;504;235;269
65;1485;296;137;159
65;1398;302;157;145
65;1311;274;146;128
65;1224;329;165;164
65;1137;337;170;167
65;1050;316;163;153
65;963;314;163;151
65;876;302;152;150
65;789;321;164;157
65;702;334;171;163
65;615;313;155;158
65;528;402;193;209
65;441;409;213;196
65;354;478;237;241
65;267;449;223;226
65;180;499;257;242
65;93;506;234;272
65;6;549;275;274
65;1486;297;154;143
65;1399;267;140;127
65;1312;325;164;161
65;1225;334;168;166
65;1138;313;161;152
65;1051;310;158;152
65;964;298;149;149
65;877;321;163;158
65;790;328;169;159
65;703;310;153;157
65;616;392;189;203
65;529;412;214;198
65;442;478;238;240
65;355;448;222;226
65;268;503;260;243
65;181;510;236;274
65;94;548;274;274
65;7;539;291;248
65;1487;268;143;125
65;1400;323;165;158
65;1313;322;158;164
65;1226;312;161;151
65;1139;312;159;153
65;1052;298;151;147
65;965;318;164;154
65;878;330;172;158
65;791;310;155;155
65;704;392;188;204
65;617;415;217;198
65;530;474;235;239
65;443;445;219;226
65;356;498;256;242
65;269;506;234;272
65;182;549;277;272
65;95;539;293;246
65;8;663;332;331
65;1488;318;161;157
65;1401;315;154;161
65;1314;309;156;153
65;1227;313;161;152
65;1140;293;148;145
65;1053;317;163;154
65;966;325;169;156
65;879;312;150;162
65;792;392;190;202
65;705;407;212;195
65;618;471;233;238
65;531;442;216;226
65;444;497;258;239
65;357;504;234;270
65;270;545;275;270
65;183;541;294;247
65;96;660;331;329
65;9;758;379;379
65;1489;308;150;158
65;1402;308;157;151
65;1315;311;161;150
65;1228;291;147;144
65;1141;312;161;151
65;1054;320;166;154
65;967;308;151;157
65;880;377;187;190
65;793;408;214;194
65;706;465;231;234
65;619;441;216;225
65;532;491;256;235
65;445;503;235;268
65;358;543;273;270
65;271;537;291;246
65;184;662;333;329
65;97;754;379;375
65;10;761;376;385
65;1490;303;157;146
65;1403;305;161;144
65;1316;291;147;144
65;1229;311;161;150
65;1142;321;168;153
65;1055;306;150;156
65;968;378;188;190
65;881;386;204;182
65;794;460;228;232
65;707;434;210;224
65;620;488;255;233
65;533;501;235;266
65;446;543;272;271
65;359;537;292;245
65;272;662;333;329
65;185;749;376;373
65;98;760;376;384
65;11;776;411;365
65;1491;299;158;141
65;1404;288;144;144
65;1317;304;157;147
65;1230;319;167;152
65;1143;302;148;154
65;1056;371;184;187
65;969;378;199;179
65;882;466;226;240
65;795;428;209;219
65;708;489;256;233
65;621;496;234;262
65;534;546;272;274
65;447;534;289;245
65;360;660;333;327
65;273;742;375;367
65;186;762;378;384
65;99;772;405;367
65;12;697;364;333
65;1492;285;144;141
65;1405;302;156;146
65;1318;315;164;151
65;1231;299;148;151
65;1144;369;184;185
65;1057;371;198;173
65;970;463;224;239
65;883;441;216;225
65;796;490;257;233
65;709;493;232;261
65;622;549;275;274
65;535;536;288;248
65;448;659;333;326
65;361;735;369;366
65;274;764;379;385
65;187;771;404;367
65;100;688;360;328
65;13;777;380;397
65;1493;298;154;144
65;1406;309;159;150
65;1319;297;148;149
65;1232;363;180;183
65;1145;369;194;175
65;1058;460;218;242
65;971;436;211;225
65;884;475;249;226
65;797;494;235;259
65;710;545;273;272
65;623;533;284;249
65;536;661;335;326
65;449;725;363;362
65;362;760;379;381
65;275;762;400;362
65;188;680;357;323
65;101;765;373;392
65;14;787;407;380
65;1494;310;160;150
65;1407;291;145;146
65;1320;356;177;179
65;1233;367;193;174
65;1146;456;215;241
65;1059;426;208;218
65;972;466;244;222
65;885;499;238;261
65;798;541;271;270
65;711;531;283;248
65;624;661;335;326
65;537;721;360;361
65;450;757;378;379
65;363;750;396;354
65;276;667;351;316
65;189;759;367;392
65;102;783;404;379
65;15;803;377;426
65;1495;288;144;144
65;1408;353;176;177
65;1321;355;190;165
65;1234;457;215;242
65;1147;425;209;216
65;1060;461;239;222
65;973;499;240;259
65;886;531;264;267
65;799;537;287;250
65;712;657;333;324
65;625;721;363;358
65;538;753;378;375
65;451;736;390;346
65;364;658;348;310
65;277;754;367;387
65;190;777;399;378
65;103;792;368;424
65;16;814;437;377
65;1496;350;175;175
65;1409;350;184;166
65;1322;451;213;238
65;1235;421;207;214
65;1148;454;234;220
65;1061;499;241;258
65;974;524;260;264
65;887;528;279;249
65;800;654;330;324
65;713;725;363;362
65;626;748;377;371
65;539;731;386;345
65;452;639;336;303
65;365;744;362;382
65;278;766;396;370
65;191;782;364;418
65;104;803;431;372
65;17;806;386;420
65;1497;347;180;167
65;1410;451;211;240
65;1323;420;206;214
65;1236;451;233;218
65;1149;496;240;256
65;1062;519;258;261
65;975;526;278;248
65;888;663;336;327
65;801;720;360;360
65;714;745;372;373
65;627;720;383;337
65;540;636;334;302
65;453;726;350;376
65;366;756;391;365
65;279;767;359;408
65;192;794;425;369
65;105;790;376;414
65;18;767;386;381
65;1498;450;209;241
65;1411;415;206;209
65;1324;452;234;218
65;1237;487;237;250
65;1150;514;256;258
65;1063;522;275;247
65;976;661;334;327
65;889;713;355;358
65;802;741;370;371
65;715;718;383;335
65;628;623;327;296
65;541;715;344;371
65;454;733;378;355
65;367;750;351;399
65;280;776;415;361
65;193;778;371;407
65;106;746;377;369
65;19;697;326;371
65;1499;394;196;198
65;1412;437;227;210
65;1325;478;230;248
65;1238;500;253;247
65;1151;498;266;232
65;1064;638;324;314
65;977;691;345;346
65;890;657;332;325
65;803;704;376;328
65;716;621;325;296
65;629;705;339;366
65;542;719;371;348
65;455;711;333;378
65;368;754;405;349
65;281;761;361;400
65;194;739;375;364
65;107;672;314;358
65;20;640;330;310
65;1500;427;222;205
65;1413;461;222;239
65;1326;486;242;244
65;1239;497;265;232
65;1152;628;320;308
65;1065;676;337;339
65;978;652;323;329
65;891;640;343;297
65;804;610;320;290
65;717;699;338;361
65;630;704;364;340
65;543;702;326;376
65;456;724;384;340
65;369;740;348;392
65;282;718;364;354
65;195;662;310;352
65;108;635;326;309
65;21;592;284;308
65;1501;433;207;226
65;1414;467;231;236
65;1327;490;262;228
65;1240;625;319;306
65;1153;672;333;339
65;1066;634;307;327
65;979;628;338;290
65;892;538;291;247
65;805;684;333;351
65;718;689;357;332
65;631;685;320;365
65;544;710;373;337
65;457;699;329;370
65;370;692;352;340
65;283;643;303;340
65;196;629;324;305
65;109;579;276;303
65;22;547;272;275
65;1502;446;222;224
65;1415;474;254;220
65;1328;603;313;290
65;1241;664;327;337
65;1154;619;300;319
65;1067;613;327;286
65;980;522;284;238
65;893;549;287;262
65;806;672;345;327
65;719;673;315;358
65;632;697;366;331
65;545;680;319;361
65;458;663;337;326
65;371;632;297;335
65;284;611;311;300
65;197;564;272;292
65;110;537;264;273
65;23;570;285;285
65;1503;438;235;203
65;1416;575;301;274
65;1329;636;319;317
65;1242;582;290;292
65;1155;586;322;264
65;1068;503;277;226
65;981;504;264;240
65;894;582;297;285
65;807;653;304;349
65;720;683;363;320
65;633;665;315;350
65;546;649;327;322
65;459;614;288;326
65;372;586;299;287
65;285;539;266;273
65;198;538;263;275
65;111;564;282;282
65;24;560;302;258
65;1504;539;293;246
65;1417;599;303;296
65;1330;557;278;279
65;1243;555;306;249
65;1156;481;267;214
65;1069;485;262;223
65;982;556;285;271
65;895;548;278;270
65;808;656;350;306
65;721;645;309;336
65;634;636;323;313
65;547;606;279;327
65;460;566;288;278
65;373;520;255;265
65;286;537;259;278
65;199;568;286;282
65;112;552;295;257
65;25;583;309;274
65;1505;562;289;273
65;1418;519;261;258
65;1331;527;302;225
65;1244;465;260;205
65;1157;460;259;201
65;1070;525;281;244
65;983;533;273;260
65;896;558;315;243
65;809;622;301;321
65;722;622;312;310
65;635;595;276;319
65;548;544;280;264
65;461;483;238;245
65;374;516;254;262
65;287;558;276;282
65;200;553;293;260
65;113;578;302;276
65;26;612;279;333
65;1506;470;238;232
65;1419;495;280;215
65;1332;452;256;196
65;1245;441;246;195
65;1158;504;273;231
65;1071;499;262;237
65;984;520;298;222
65;897;499;262;237
65;810;583;296;287
65;723;574;272;302
65;636;522;269;253
65;549;479;238;241
65;462;493;239;254
65;375;538;265;273
65;288;532;282;250
65;201;576;301;275
65;114;598;273;325
65;27;606;304;302
65;1507;442;244;198
65;1420;425;246;179
65;1333;429;233;196
65;1246;484;264;220
65;1159;480;256;224
65;1072;481;280;201
65;985;449;245;204
65;898;456;234;222
65;811;541;255;286
65;724;509;260;249
65;637;465;233;232
65;550;476;233;243
65;463;510;249;261
65;376;501;266;235
65;289;560;287;273
65;202;589;270;319
65;115;604;301;303
65;28;630;314;316
65;1508;386;225;161
65;1421;411;228;183
65;1334;473;262;211
65;1247;469;254;215
65;1160;474;273;201
65;1073;437;240;197
65;986;421;218;203
65;899;446;227;219
65;812;476;241;235
65;725;457;229;228
65;638;455;225;230
65;551;504;250;254
65;464;481;252;229
65;377;542;275;267
65;290;575;264;311
65;203;597;300;297
65;116;621;306;315
65;29;681;348;333
65;1509;361;200;161
65;1422;437;243;194
65;1335;438;247;191
65;1248;467;273;194
65;1161;424;232;192
65;1074;397;213;184
65;987;434;224;210
65;900;459;250;209
65;813;434;221;213
65;726;447;228;219
65;639;486;243;243
65;552;478;250;228
65;465;524;267;257
65;378;564;259;305
65;291;583;293;290
65;204;610;303;307
65;117;674;343;331
65;30;712;347;365
65;1510;415;230;185
65;1423;403;226;177
65;1336;451;271;180
65;1249;410;227;183
65;1162;373;200;173
65;1075;430;223;207
65;988;444;244;200
65;901;414;214;200
65;814;423;213;210
65;727;469;234;235
65;640;462;243;219
65;553;517;261;256
65;466;554;252;302
65;379;572;287;285
65;292;591;293;298
65;205;666;338;328
65;118;703;341;362
65;31;730;366;364
65;1511;381;220;161
65;1424;423;257;166
65;1337;392;219;173
65;1250;378;203;175
65;1163;412;222;190
65;1076;423;234;189
65;989;382;204;178
65;902;440;230;210
65;815;448;217;231
65;728;446;235;211
65;641;510;258;252
65;554;551;250;301
65;467;567;284;283
65;380;582;290;292
65;293;653;331;322
65;206;696;336;360
65;119;708;355;353
65;32;777;398;379
65;1512;393;238;155
65;1425;365;203;162
65;1338;369;199;170
65;1251;396;213;183
65;1164;415;228;187
65;1077;362;189;173
65;990;428;220;208
65;903;478;241;237
65;816;430;227;203
65;729;503;252;251
65;642;537;246;291
65;555;570;284;286
65;468;570;277;293
65;381;642;327;315
65;294;678;324;354
65;207;708;355;353
65;120;764;389;375
65;33;760;371;389
65;1513;355;199;156
65;1426;346;186;160
65;1339;392;213;179
65;1252;415;228;187
65;1165;356;186;170
65;1078;420;214;206
65;991;465;236;229
65;904;441;215;226
65;817;489;241;248
65;730;523;241;282
65;643;557;276;281
65;556;565;272;293
65;469;628;317;311
65;382;668;316;352
65;295;690;349;341
65;208;763;391;372
65;121;750;368;382
65;34;746;369;377
65;1514;342;187;155
65;1427;373;197;176
65;1340;397;219;178
65;1253;357;185;172
65;1166;416;213;203
65;1079;448;225;223
65;992;424;208;216
65;905;486;247;239
65;818;502;230;272
65;731;539;267;272
65;644;561;270;291
65;557;625;315;310
65;470;656;310;346
65;383;679;342;337
65;296;748;384;364
65;209;747;367;380
65;122;739;365;374
65;35;734;367;367
65;1515;371;195;176
65;1428;373;208;165
65;1341;341;181;160
65;1254;413;211;202
65;1167;427;216;211
65;1080;412;201;211
65;993;480;247;233
65;906;526;245;281
65;819;522;253;269
65;732;553;265;288
65;645;624;315;309
65;558;650;303;347
65;471;663;333;330
65;384;729;374;355
65;297;734;362;372
65;210;721;355;366
65;123;726;360;366
65;36;744;378;366
65;1516;364;204;160
65;1429;326;174;152
65;1342;413;215;198
65;1255;422;212;210
65;1168;405;199;206
65;1081;471;239;232
65;994;519;243;276
65;907;531;256;275
65;820;541;257;284
65;733;612;308;304
65;646;639;298;341
65;559;657;327;330
65;472;713;362;351
65;385;723;357;366
65;298;709;348;361
65;211;726;361;365
65;124;738;375;363
65;37;793;393;400
65;1517;319;171;148
65;1430;399;206;193
65;1343;416;207;209
65;1256;401;194;207
65;1169;461;235;226
65;1082;517;243;274
65;995;523;251;272
65;908;536;259;277
65;821;599;302;297
65;734;637;300;337
65;647;650;322;328
65;560;706;358;348
65;473;706;348;358
65;386;708;344;364
65;299;713;358;355
65;212;731;369;362
65;125;782;388;394
65;38;839;440;399
65;1518;396;206;190
65;1431;405;198;207
65;1344;402;197;205
65;1257;452;233;219
65;1170;512;237;275
65;1083;518;246;272
65;996;515;250;265
65;909;618;317;301
65;822;622;289;333
65;735;650;323;327
65;648;698;353;345
65;561;699;343;356
65;474;690;331;359
65;387;708;357;351
65;300;716;362;354
65;213;775;386;389
65;126;827;432;395
65;39;753;379;374
65;1519;395;191;204
65;1432;392;190;202
65;1345;444;228;216
65;1258;509;236;273
65;1171;506;243;263
65;1084;513;247;266
65;997;613;316;297
65;910;626;300;326
65;823;638;313;325
65;736;692;346;346
65;649;687;336;351
65;562;682;325;357
65;475;697;349;348
65;388;704;354;350
65;301;768;384;384
65;214;816;426;390
65;127;739;370;369
65;40;856;455;401
65;1520;388;186;202
65;1433;435;224;211
65;1346;512;237;275
65;1259;505;240;265
65;1172;504;243;261
65;1085;614;315;299
65;998;616;293;323
65;911;627;293;334
65;824;681;338;343
65;737;677;333;344
65;650;673;318;355
65;563;688;345;343
65;476;692;350;342
65;389;755;379;376
65;302;801;418;383
65;215;736;369;367
65;128;844;447;397
65;41;833;424;409
65;1521;421;213;208
65;1434;505;233;272
65;1347;504;240;264
65;1260;502;238;264
65;1173;602;308;294
65;1086;607;288;319
65;999;622;294;328
65;912;702;344;358
65;825;665;322;343
65;738;667;316;351
65;651;678;340;338
65;564;688;348;340
65;477;743;374;369
65;390;791;412;379
65;303;727;365;362
65;216;836;445;391
65;129;825;419;406
65;42;831;374;457
65;1522;496;229;267
65;1435;499;241;258
65;1348;501;238;263
65;1261;600;309;291
65;1174;606;289;317
65;1087;613;291;322
65;1000;698;342;356
65;913;684;324;360
65;826;651;304;347
65;739;673;336;337
65;652;674;338;336
65;565;729;363;366
65;478;773;400;373
65;391;720;361;359
65;304;823;438;385
65;217;822;417;405
65;130;830;374;456
65;43;723;338;385
65;1523;492;235;257
65;1436;496;238;258
65;1349;596;309;287
65;1262;611;294;317
65;1175;606;286;320
65;1088;691;339;352
65;1001;681;323;358
65;914;679;325;354
65;827;660;326;334
65;740;666;335;331
65;653;717;358;359
65;566;761;393;368
65;479;707;353;354
65;392;822;432;390
65;305;817;418;399
65;218;829;375;454
65;131;719;338;381
65;44;703;358;345
65;1524;492;236;256
65;1437;577;296;281
65;1350;610;295;315
65;1263;604;286;318
65;1176;684;338;346
65;1089;673;318;355
65;1002;673;323;350
65;915;666;328;338
65;828;654;323;331
65;741;708;352;356
65;654;748;384;364
65;567;697;346;351
65;480;807;422;385
65;393;810;414;396
65;306;815;366;449
65;219;713;337;376
65;132;693;351;342
65;45;688;326;362
65;1525;567;289;278
65;1438;600;292;308
65;1351;600;284;316
65;1264;678;337;341
65;1177;662;309;353
65;1090;662;316;346
65;1003;659;324;335
65;916;672;335;337
65;829;694;343;351
65;742;741;380;361
65;655;687;341;346
65;568;800;419;381
65;481;802;413;389
65;394;805;361;444
65;307;716;341;375
65;220;689;350;339
65;133;671;317;354
65;46;698;347;351
65;1526;592;290;302
65;1439;590;278;312
65;1352;683;340;343
65;1265;656;307;349
65;1178;646;312;334
65;1091;654;322;332
65;1004;660;329;331
65;917;718;348;370
65;830;730;369;361
65;743;680;338;342
65;656;795;417;378
65;569;802;414;388
65;482;796;357;439
65;395;713;341;372
65;308;672;339;333
65;221;666;315;351
65;134;689;342;347
65;47;647;308;339
65;1527;585;280;305
65;1440;670;332;338
65;1353;655;304;351
65;1266;647;309;338
65;1179;649;320;329
65;1092;656;327;329
65;1005;710;346;364
65;918;775;391;384
65;831;679;334;345
65;744;783;412;371
65;657;789;406;383
65;570;786;350;436
65;483;711;337;374
65;396;668;336;332
65;309;655;310;345
65;222;681;336;345
65;135;646;312;334
65;48;608;302;306
65;1528;669;330;339
65;1441;648;298;350
65;1354;632;299;333
65;1267;640;317;323
65;1180;650;324;326
65;1093;706;341;365
65;1006;766;383;383
65;919;698;343;355
65;832;764;396;368
65;745;791;407;384
65;658;778;347;431
65;571;706;335;371
65;484;669;338;331
65;397;648;304;344
65;310;673;331;342
65;223;645;309;336
65;136;601;299;302
65;49;606;272;334
65;1529;644;297;347
65;1442;623;296;327
65;1355;635;315;320
65;1268;643;319;324
65;1181;704;339;365
65;1094;761;380;381
65;1007;688;337;351
65;920;782;405;377
65;833;772;392;380
65;746;778;349;429
65;659;696;329;367
65;572;664;333;331
65;485;635;297;338
65;398;668;326;342
65;311;637;306;331
65;224;601;299;302
65;137;592;263;329
65;50;636;282;354
65;1530;610;290;320
65;1443;621;307;314
65;1356;633;309;324
65;1269;704;339;365
65;1182;758;377;381
65;1095;688;337;351
65;1008;777;402;375
65;921;761;378;383
65;834;761;336;425
65;747;692;329;363
65;660;654;325;329
65;573;624;291;333
65;486;655;322;333
65;399;631;304;327
65;312;588;295;293
65;225;585;259;326
65;138;630;276;354
65;51;628;305;323
65;1531;624;308;316
65;1444;623;302;321
65;1357;699;334;365
65;1270;753;375;378
65;1183;682;333;349
65;1096;768;394;374
65;1009;751;370;381
65;922;770;338;432
65;835;676;316;360
65;748;652;324;328
65;661;614;285;329
65;574;643;312;331
65;487;623;299;324
65;400;582;290;292
65;313;586;266;320
65;226;620;275;345
65;139;611;294;317
65;52;641;310;331
65;1532;623;302;321
65;1445;694;333;361
65;1358;751;376;375
65;1271;675;327;348
65;1184;753;382;371
65;1097;746;368;378
65;1010;759;331;428
65;923;683;317;366
65;836;642;316;326
65;749;611;282;329
65;662;633;305;328
65;575;619;298;321
65;488;575;285;290
65;401;576;260;316
65;314;609;270;339
65;227;606;290;316
65;140;637;310;327
65;53;568;264;304
65;1533;688;328;360
65;1446;735;365;370
65;1359;669;320;349
65;1272;748;376;372
65;1185;728;359;369
65;1098;751;324;427
65;1011;675;313;362
65;924;648;309;339
65;837;594;271;323
65;750;634;304;330
65;663;614;293;321
65;576;561;275;286
65;489;570;256;314
65;402;600;262;338
65;315;589;281;308
65;228;634;310;324
65;141;566;265;301
65;54;476;221;255
65;1534;724;358;366
65;1447;662;317;345
65;1360;744;373;371
65;1273;718;353;365
65;1186;747;318;429
65;1099;667;308;359
65;1012;642;304;338
65;925;603;285;318
65;838;620;294;326
65;751;597;282;315
65;664;556;272;284
65;577;564;252;312
65;490;590;255;335
65;403;580;278;302
65;316;631;309;322
65;229;554;258;296
65;142;462;213;249
65;55;498;229;269
65;1535;653;308;345
65;1448;733;368;365
65;1361;706;346;360
65;1274;739;313;426
65;1187;664;305;359
65;1100;631;293;338
65;1013;597;279;318
65;926;616;289;327
65;839;592;280;312
65;752;549;265;284
65;665;556;247;309
65;578;584;253;331
65;491;575;274;301
65;404;626;305;321
65;317;554;259;295
65;230;449;205;244
65;143;488;224;264
65;56;617;297;320
65;1536;723;361;362
65;1449;686;334;352
65;1362;731;307;424
65;1275;659;300;359
65;1188;627;288;339
65;1101;590;274;316
65;1014;606;279;327
65;927;587;270;317
65;840;531;251;280
65;753;549;241;308
65;666;581;249;332
65;579;564;270;294
65;492;620;301;319
65;405;546;250;296
65;318;449;203;246
65;231;482;218;264
65;144;605;291;314
65;57;500;252;248
65;1537;674;328;346
65;1450;724;302;422
65;1363;655;297;358
65;1276;619;281;338
65;1189;576;267;309
65;1102;596;269;327
65;1015;574;261;313
65;928;538;246;292
65;841;540;238;302
65;754;570;241;329
65;667;554;264;290
65;580;608;295;313
65;493;540;246;294
65;406;441;198;243
65;319;476;215;261
65;232;599;288;311
65;145;494;251;243
65;58;624;312;312
65;1538;714;297;417
65;1451;638;288;350
65;1364;619;280;339
65;1277;573;264;309
65;1190;589;262;327
65;1103;562;253;309
65;1016;534;242;292
65;929;544;236;308
65;842;559;235;324
65;755;544;256;288
65;668;603;292;311
65;581;526;234;292
65;494;433;194;239
65;407;467;207;260
65;320;588;278;310
65;233;489;248;241
65;146;611;305;306
65;59;639;287;352
65;1539;627;282;345
65;1452;613;278;335
65;1365;571;265;306
65;1278;584;255;329
65;1191;551;242;309
65;1104;520;232;288
65;1017;542;235;307
65;930;545;219;326
65;843;537;253;284
65;756;596;287;309
65;669;514;225;289
65;582;430;192;238
65;495;461;205;256
65;408;588;273;315
65;321;480;242;238
65;234;601;298;303
65;147;622;279;343
65;60;567;275;292
65;1540;605;269;336
65;1453;565;262;303
65;1366;570;245;325
65;1279;538;235;303
65;1192;519;230;289
65;1105;535;229;306
65;1018;532;210;322
65;931;524;230;294
65;844;590;280;310
65;757;512;223;289
65;670;420;185;235
65;583;446;193;253
65;496;573;265;308
65;409;472;236;236
65;322;583;288;295
65;235;613;273;340
65;148;567;277;290
65;61;533;247;286
65;1541;559;257;302
65;1454;566;244;322
65;1367;524;225;299
65;1280;512;225;287
65;1193;526;222;304
65;1106;520;202;318
65;1019;523;226;297
65;932;579;267;312
65;845;496;214;282
65;758;413;181;232
65;671;439;189;250
65;584;555;253;302
65;497;461;228;233
65;410;568;274;294
65;323;599;264;335
65;236;557;268;289
65;149;532;242;290
65;62;556;259;297
65;1542;554;237;317
65;1455;516;219;297
65;1368;506;221;285
65;1281;517;215;302
65;1194;505;195;310
65;1107;514;218;296
65;1020;571;264;307
65;933;478;204;274
65;846;407;179;228
65;759;437;189;248
65;672;544;244;300
65;585;448;221;227
65;498;559;265;294
65;411;587;255;332
65;324;537;254;283
65;237;526;240;286
65;150;551;256;295
65;63;531;213;318
65;1543;510;214;296
65;1456;502;217;285
65;1369;512;212;300
65;1282;499;193;306
65;1195;498;206;292
65;1108;559;257;302
65;1021;469;197;272
65;934;402;172;230
65;847;428;183;245
65;760;531;234;297
65;673;434;210;224
65;586;550;255;295
65;499;576;246;330
65;412;536;250;286
65;325;531;240;291
65;238;540;247;293
65;151;532;214;318
65;64;538;242;296
65;1544;494;211;283
65;1457;505;203;302
65;1370;495;192;303
65;1283;492;202;290
65;1196;546;249;297
65;1109;461;191;270
65;1022;402;173;229
65;935;426;176;250
65;848;521;224;297
65;761;421;199;222
65;674;541;251;290
65;587;565;235;330
65;500;525;241;284
65;413;527;237;290
65;326;532;240;292
65;239;518;206;312
65;152;540;243;297
65;65;579;240;339
65;1545;499;199;300
65;1458;494;189;305
65;1371;480;192;288
65;1284;538;244;294
65;1197;452;185;267
65;1110;391;163;228
65;1023;418;170;248
65;936;504;209;295
65;849;414;195;219
65;762;527;240;287
65;675;542;215;327
65;588;514;230;284
65;501;515;231;284
65;414;519;235;284
65;327;517;202;315
65;240;532;239;293
65;153;573;231;342
65;66;499;219;280
65;1546;484;181;303
65;1459;468;184;284
65;1372;524;235;289
65;1285;440;178;262
65;1198;377;152;225
65;1111;406;164;242
65;1024;495;204;291
65;937;412;184;228
65;850;507;227;280
65;763;525;205;320
65;676;501;218;283
65;589;510;230;280
65;502;517;234;283
65;415;515;202;313
65;328;530;237;293
65;241;567;230;337
65;154;496;217;279
65;67;492;196;296
65;1547;463;179;284
65;1460;511;226;285
65;1373;433;171;262
65;1286;371;149;222
65;1199;396;160;236
65;1112;483;194;289
65;1025;401;176;225
65;938;498;213;285
65;851;511;198;313
65;764;500;216;284
65;677;492;219;273
65;590;509;227;282
65;503;504;193;311
65;416;522;228;294
65;329;564;227;337
65;242;489;210;279
65;155;487;190;297
65;68;525;228;297
65;1548;495;216;279
65;1461;424;166;258
65;1374;365;142;223
65;1287;384;154;230
65;1200;476;191;285
65;1113;396;169;227
65;1026;488;208;280
65;939;495;189;306
65;852;488;209;279
65;765;486;218;268
65;678;488;212;276
65;591;487;184;303
65;504;511;219;292
65;417;556;218;338
65;330;483;204;279
65;243;477;180;297
65;156;517;223;294
65;69;462;198;264
65;1549;413;158;255
65;1462;357;139;218
65;1375;381;154;227
65;1288;468;188;280
65;1201;386;160;226
65;1114;480;200;280
65;1027;481;178;303
65;940;462;190;272
65;853;479;212;267
65;766;475;205;270
65;679;472;179;293
65;592;502;212;290
65;505;548;213;335
65;418;481;198;283
65;331;471;174;297
65;244;499;208;291
65;157;446;189;257
65;70;466;183;283
65;1550;347;134;213
65;1463;370;147;223
65;1376;457;179;278
65;1289;375;154;221
65;1202;470;193;277
65;1115;468;171;297
65;1028;450;180;270
65;941;443;183;260
65;854;466;199;267
65;767;464;174;290
65;680;483;197;286
65;593;533;202;331
65;506;471;192;279
65;419;454;166;288
65;332;484;198;286
65;245;440;183;257
65;158;465;178;287
65;71;469;198;271
65;1551;363;141;222
65;1464;447;173;274
65;1377;368;150;218
65;1290;459;188;271
65;1203;454;164;290
65;1116;436;170;266
65;1029;437;178;259
65;942;446;182;264
65;855;450;166;284
65;768;479;192;287
65;681;516;190;326
65;594;462;184;278
65;507;440;158;282
65;420;471;191;280
65;333;430;175;255
65;246;456;169;287
65;159;461;194;267
65;72;434;150;284
65;1552;435;166;269
65;1465;362;144;218
65;1378;442;175;267
65;1291;442;161;281
65;1204;425;159;266
65;1117;419;166;253
65;1030;432;174;258
65;943;439;157;282
65;856;469;186;283
65;769;505;181;324
65;682;446;170;276
65;595;427;148;279
65;508;458;184;274
65;421;424;171;253
65;334;452;167;285
65;247;446;187;259
65;160;427;148;279
65;73;434;168;266
65;1553;355;136;219
65;1466;414;158;256
65;1379;429;152;277
65;1292;418;151;267
65;1205;410;159;251
65;1118;416;164;252
65;1031;420;149;271
65;944;443;171;272
65;857;489;170;319
65;770;432;162;270
65;683;409;137;272
65;596;439;177;262
65;509;418;164;254
65;422;435;160;275
65;335;425;176;249
65;248;418;142;276
65;161;423;165;258
65;74;459;163;296
65;1554;393;142;251
65;1467;418;146;272
65;1380;405;142;263
65;1293;395;149;246
65;1206;403;156;247
65;1119;411;141;270
65;1032;430;164;266
65;945;465;153;312
65;858;418;151;267
65;771;397;128;269
65;684;426;167;259
65;597;400;149;251
65;510;416;151;265
65;423;402;165;237
65;336;414;137;277
65;249;413;162;251
65;162;448;156;292
65;75;371;111;260
65;1555;404;139;265
65;1468;399;140;259
65;1381;377;140;237
65;1294;387;150;237
65;1207;398;133;265
65;1120;410;153;257
65;1033;445;141;304
65;946;393;138;255
65;859;386;124;262
65;772;400;155;245
65;685;376;132;244
65;598;407;143;264
65;511;393;160;233
65;424;398;126;272
65;337;404;156;248
65;250;430;142;288
65;163;367;110;257
65;76;369;128;241
65;1556;384;132;252
65;1469;368;134;234
65;1382;368;140;228
65;1295;385;127;258
65;1208;390;141;249
65;1121;434;136;298
65;1034;374;124;250
65;947;369;113;256
65;860;384;147;237
65;773;357;123;234
65;686;385;135;250
65;599;372;148;224
65;512;386;118;268
65;425;392;150;242
65;338;412;137;275
65;251;360;109;251
65;164;355;123;232
65;77;316;91;225
65;1557;347;123;224
65;1470;357;132;225
65;1383;373;118;255
65;1296;375;128;247
65;1209;420;130;290
65;1122;360;116;244
65;1035;348;107;241
65;948;363;133;230
65;861;341;114;227
65;774;359;121;238
65;687;368;143;225
65;600;368;108;260
65;513;380;142;238
65;426;401;126;275
65;339;346;101;245
65;252;349;117;232
65;165;309;86;223
65;78;357;113;244
65;1558;341;120;221
65;1471;346;103;243
65;1384;361;120;241
65;1297;398;115;283
65;1210;342;108;234
65;1123;336;103;233
65;1036;347;125;222
65;949;320;102;218
65;862;344;112;232
65;775;345;133;212
65;688;345;102;243
65;601;374;138;236
65;514;385;116;269
65;427;325;94;231
65;340;333;108;225
65;253;296;77;219
65;166;343;106;237
65;79;331;103;228
65;1559;336;99;237
65;1472;339;108;231
65;1385;378;105;273
65;1298;325;102;223
65;1211;317;91;226
65;1124;327;122;205
65;1037;303;92;211
65;950;313;100;213
65;863;319;119;200
65;776;328;89;239
65;689;355;126;229
65;602;365;105;260
65;515;319;90;229
65;428;325;105;220
65;341;289;75;214
65;254;324;102;222
65;167;318;101;217
65;80;267;67;200
65;1560;328;103;225
65;1473;350;92;258
65;1386;313;92;221
65;1299;302;83;219
65;1212;307;110;197
65;1125;282;80;202
65;1038;289;87;202
65;951;287;97;190
65;864;307;85;222
65;777;340;120;220
65;690;342;96;246
65;603;308;85;223
65;516;311;98;213
65;429;274;71;203
65;342;296;88;208
65;255;300;88;212
65;168;253;62;191
65;81;221;63;158
65;1561;325;79;246
65;1474;297;83;214
65;1387;288;81;207
65;1300;285;95;190
65;1213;264;70;194
65;1126;272;74;198
65;1039;266;83;183
65;952;287;75;212
65;865;311;101;210
65;778;323;90;233
65;691;285;74;211
65;604;295;90;205
65;517;257;63;194
65;430;279;81;198
65;343;278;77;201
65;256;243;53;190
65;169;201;56;145
65;82;155;41;114
65;1562;274;71;203
65;1475;265;72;193
65;1388;267;87;180
65;1301;241;56;185
65;1214;255;68;187
65;1127;244;70;174
65;1040;275;70;205
65;953;284;91;193
65;866;299;82;217
65;779;264;66;198
65;692;281;86;195
65;605;242;59;183
65;518;258;74;184
65;431;251;68;183
65;344;229;49;180
65;257;184;47;137
65;170;148;35;113
65;83;106;34;72
65;1563;242;63;179
65;1476;245;75;170
65;1389;233;55;178
65;1302;242;66;176
65;1215;216;59;157
65;1128;253;62;191
65;1041;271;89;182
65;954;266;73;193
65;867;241;62;179
65;780;269;80;189
65;693;214;49;165
65;606;238;70;168
65;519;230;58;172
65;432;219;44;175
65;345;170;38;132
65;258;136;26;110
65;171;99;30;69
65;84;96;19;77
65;1564;227;67;160
65;1477;213;47;166
65;1390;222;59;163
65;1303;207;57;150
65;1216;240;60;180
65;1129;254;81;173
65;1042;233;64;169
65;955;216;54;162
65;868;234;66;168
65;781;207;48;159
65;694;212;54;158
65;607;208;50;158
65;520;201;38;163
65;433;157;36;121
65;346;117;24;93
65;259;89;31;58
65;172;84;15;69
65;85;113;28;85
65;1565;1176;274;902
65;1478;1161;279;882
65;1391;1157;273;884
65;1304;1148;266;882
65;1217;1098;264;834
65;1130;1031;231;800
65;1043;977;209;768
65;956;936;198;738
65;869;959;203;756
65;782;923;200;723
65;695;837;172;665
65;608;773;163;610
65;521;714;154;560
65;434;687;153;534
65;347;695;164;531
65;260;728;175;553
65;173;780;204;576
65;86;781;202;579
65;1566;37914;17485;20429
65;1479;38836;17937;20899
65;1392;39826;18433;21393
65;1305;40454;18698;21756
65;1218;41008;18937;22071
65;1131;41751;19275;22476
65;1044;42531;19680;22851
65;957;43396;20061;23335
65;870;44636;20635;24001
65;783;45558;21142;24416
65;696;46056;21378;24678
65;609;46783;21751;25032
65;522;47296;22042;25254
65;435;48139;22511;25628
65;348;48800;22862;25938
65;261;49439;23169;26270
65;174;49790;23346;26444
65;87;50176;23561;26615
66;1480;182;93;89
66;1393;188;90;98
66;1306;201;92;109
66;1219;188;104;84
66;1132;205;110;95
66;1045;226;125;101
66;958;194;105;89
66;871;172;104;68
66;784;212;113;99
66;697;208;94;114
66;610;187;101;86
66;523;222;126;96
66;436;233;116;117
66;349;238;98;140
66;262;265;107;158
66;175;246;118;128
66;88;274;130;144
66;1;288;155;133
66;1481;181;84;97
66;1394;197;88;109
66;1307;182;97;85
66;1220;203;109;94
66;1133;219;119;100
66;1046;186;100;86
66;959;172;102;70
66;872;172;93;79
66;785;203;91;112
66;698;186;101;85
66;611;220;125;95
66;524;231;116;115
66;437;230;94;136
66;350;257;103;154
66;263;246;119;127
66;176;267;127;140
66;89;282;154;128
66;2;280;151;129
66;1482;197;89;108
66;1395;178;95;83
66;1308;197;105;92
66;1221;204;110;94
66;1134;184;100;84
66;1047;165;99;66
66;960;173;96;77
66;873;169;68;101
66;786;181;99;82
66;699;217;123;94
66;612;225;113;112
66;525;232;94;138
66;438;252;100;152
66;351;244;119;125
66;264;268;125;143
66;177;284;158;126
66;90;278;150;128
66;3;320;176;144
66;1483;181;95;86
66;1396;191;100;91
66;1309;199;107;92
66;1222;185;101;84
66;1135;161;97;64
66;1048;170;97;73
66;961;166;66;100
66;874;150;85;65
66;787;215;123;92
66;700;226;114;112
66;613;229;94;135
66;526;249;96;153
66;439;242;121;121
66;352;265;124;141
66;265;286;157;129
66;178;269;145;124
66;91;318;175;143
66;4;304;164;140
66;1484;193;102;91
66;1397;199;107;92
66;1310;189;100;89
66;1223;160;96;64
66;1136;167;92;75
66;1049;154;64;90
66;962;149;83;66
66;875;183;107;76
66;788;228;116;112
66;701;228;94;134
66;614;244;93;151
66;527;239;120;119
66;440;260;123;137
66;353;283;156;127
66;266;272;146;126
66;179;324;179;145
66;92;301;163;138
66;5;322;161;161
66;1485;201;111;90
66;1398;189;101;88
66;1311;160;96;64
66;1224;169;95;74
66;1137;156;67;89
66;1050;145;81;64
66;963;181;105;76
66;876;188;98;90
66;789;221;90;131
66;702;242;93;149
66;615;233;117;116
66;528;260;123;137
66;441;281;156;125
66;354;270;146;124
66;267;326;179;147
66;180;300;163;137
66;93;323;162;161
66;6;344;167;177
66;1486;183;94;89
66;1399;162;97;65
66;1312;163;91;72
66;1225;154;65;89
66;1138;145;79;66
66;1051;176;103;73
66;964;188;98;90
66;877;194;80;114
66;790;244;98;146
66;703;233;120;113
66;616;256;120;136
66;529;274;152;122
66;442;265;143;122
66;355;323;178;145
66;268;299;161;138
66;181;326;164;162
66;94;344;168;176
66;7;354;172;182
66;1487;161;95;66
66;1400;162;90;72
66;1313;155;63;92
66;1226;146;81;65
66;1139;174;102;72
66;1052;180;94;86
66;965;190;80;110
66;878;215;88;127
66;791;237;121;116
66;704;247;117;130
66;617;269;147;122
66;530;261;142;119
66;443;318;176;142
66;356;298;162;136
66;269;329;163;166
66;182;343;168;175
66;95;355;175;180
66;8;414;226;188
66;1488;159;88;71
66;1401;156;65;91
66;1314;145;81;64
66;1227;170;100;70
66;1140;179;93;86
66;1053;186;79;107
66;966;212;87;125
66;879;223;112;111
66;792;247;114;133
66;705;267;145;122
66;618;264;143;121
66;531;312;172;140
66;444;296;162;134
66;357;323;159;164
66;270;337;164;173
66;183;357;177;180
66;96;413;228;185
66;9;487;245;242
66;1489;155;64;91
66;1402;147;82;65
66;1315;169;98;71
66;1228;174;89;85
66;1141;187;80;107
66;1054;209;86;123
66;967;222;114;108
66;880;240;114;126
66;793;267;145;122
66;706;260;142;118
66;619;308;170;138
66;532;294;159;135
66;445;322;159;163
66;358;335;162;173
66;271;357;176;181
66;184;417;230;187
66;97;483;246;237
66;10;470;233;237
66;1490;145;82;63
66;1403;174;100;74
66;1316;176;91;85
66;1229;192;84;108
66;1142;207;86;121
66;1055;220;114;106
66;968;238;113;125
66;881;267;145;122
66;794;260;141;119
66;707;307;168;139
66;620;288;155;133
66;533;320;158;162
66;446;332;160;172
66;359;353;171;182
66;272;423;231;192
66;185;484;248;236
66;98;473;233;240
66;11;482;242;240
66;1491;170;96;74
66;1404;173;88;85
66;1317;190;83;107
66;1230;202;85;117
66;1143;215;111;104
66;1056;242;115;127
66;969;267;146;121
66;882;256;133;123
66;795;312;172;140
66;708;288;154;134
66;621;315;156;159
66;534;329;156;173
66;447;349;168;181
66;360;424;232;192
66;273;486;249;237
66;186;475;234;241
66;99;481;242;239
66;12;471;258;213
66;1492;172;87;85
66;1405;193;85;108
66;1318;202;87;115
66;1231;217;111;106
66;1144;240;116;124
66;1057;266;146;120
66;970;250;130;120
66;883;309;175;134
66;796;285;153;132
66;709;312;156;156
66;622;325;154;171
66;535;347;167;180
66;448;418;231;187
66;361;479;243;236
66;274;472;235;237
66;187;476;241;235
66;100;466;253;213
66;13;444;243;201
66;1493;189;84;105
66;1406;201;86;115
66;1319;212;109;103
66;1232;234;114;120
66;1145;266;146;120
66;1058;249;127;122
66;971;309;175;134
66;884;283;151;132
66;797;315;157;158
66;710;320;153;167
66;623;349;167;182
66;536;415;228;187
66;449;474;240;234
66;362;465;231;234
66;275;472;239;233
66;188;459;251;208
66;101;440;242;198
66;14;471;239;232
66;1494;201;85;116
66;1407;210;107;103
66;1320;232;111;121
66;1233;264;144;120
66;1146;248;127;121
66;1059;306;172;134
66;972;283;151;132
66;885;304;155;149
66;798;321;154;167
66;711;348;166;182
66;624;414;227;187
66;537;472;237;235
66;450;460;228;232
66;363;460;230;230
66;276;451;244;207
66;189;432;237;195
66;102;467;236;231
66;15;484;246;238
66;1495;209;106;103
66;1408;229;110;119
66;1321;262;143;119
66;1234;244;126;118
66;1147;304;172;132
66;1060;284;152;132
66;973;298;153;145
66;886;316;148;168
66;799;349;166;183
66;712;411;225;186
66;625;469;236;233
66;538;458;227;231
66;451;451;226;225
66;364;445;241;204
66;277;424;233;191
66;190;463;232;231
66;103;476;240;236
66;16;487;236;251
66;1496;228;108;120
66;1409;258;141;117
66;1322;241;127;114
66;1235;301;169;132
66;1148;284;152;132
66;1061;297;154;143
66;974;314;148;166
66;887;332;155;177
66;800;409;224;185
66;713;471;240;231
66;626;453;224;229
66;539;451;227;224
66;452;430;231;199
66;365;419;230;189
66;278;453;228;225
66;191;470;238;232
66;104;477;231;246
66;17;501;266;235
66;1497;257;139;118
66;1410;244;127;117
66;1323;299;167;132
66;1236;281;153;128
66;1149;297;155;142
66;1062;314;150;164
66;975;330;156;174
66;888;392;217;175
66;801;469;238;231
66;714;455;226;229
66;627;445;223;222
66;540;425;228;197
66;453;409;221;188
66;366;448;224;224
66;279;465;236;229
66;192;467;225;242
66;105;488;259;229
66;18;466;247;219
66;1498;239;125;114
66;1411;294;164;130
66;1324;275;151;124
66;1237;296;154;142
66;1150;309;148;161
66;1063;323;152;171
66;976;383;209;174
66;889;453;224;229
66;802;450;223;227
66;715;443;223;220
66;628;424;229;195
66;541;405;219;186
66;454;436;219;217
66;367;451;230;221
66;280;455;219;236
66;193;482;255;227
66;106;454;241;213
66;19;374;190;184
66;1499;281;156;125
66;1412;267;149;118
66;1325;290;152;138
66;1238;304;147;157
66;1151;319;150;169
66;1064;376;208;168
66;977;443;222;221
66;890;366;185;181
66;803;440;223;217
66;716;420;228;192
66;629;401;217;184
66;542;427;213;214
66;455;433;222;211
66;368;443;216;227
66;281;472;251;221
66;194;452;241;211
66;107;366;191;175
66;20;297;166;131
66;1500;261;143;118
66;1413;280;146;134
66;1326;297;146;151
66;1239;318;153;165
66;1152;363;202;161
66;1065;432;215;217
66;978;364;187;177
66;891;353;194;159
66;804;407;222;185
66;717;389;210;179
66;630;418;209;209
66;543;421;217;204
66;456;427;208;219
66;369;460;245;215
66;282;445;237;208
66;195;365;190;175
66;108;288;162;126
66;21;295;175;120
66;1501;267;137;130
66;1414;281;138;143
66;1327;311;152;159
66;1240;355;198;157
66;1153;423;209;214
66;1066;350;183;167
66;979;335;189;146
66;892;324;178;146
66;805;383;205;178
66;718;409;206;203
66;631;410;209;201
66;544;409;201;208
66;457;438;233;205
66;370;429;227;202
66;283;352;187;165
66;196;289;162;127
66;109;283;166;117
66;22;284;166;118
66;1502;274;135;139
66;1415;300;147;153
66;1328;356;197;159
66;1241;417;211;206
66;1154;338;178;160
66;1067;321;182;139
66;980;310;174;136
66;893;303;169;134
66;806;395;199;196
66;719;399;206;193
66;632;400;196;204
66;545;425;225;200
66;458;404;214;190
66;371;326;179;147
66;284;280;159;121
66;197;284;168;116
66;110;280;165;115
66;23;297;169;128
66;1503;283;143;140
66;1416;337;186;151
66;1329;410;204;206
66;1242;333;175;158
66;1155;314;182;132
66;1068;290;162;128
66;981;282;159;123
66;894;307;171;136
66;807;386;202;184
66;720;387;191;196
66;633;416;225;191
66;546;382;200;182
66;459;307;166;141
66;372;279;159;120
66;285;271;163;108
66;198;278;164;114
66;111;295;167;128
66;24;289;164;125
66;1504;329;182;147
66;1417;392;196;196
66;1330;310;165;145
66;1243;307;180;127
66;1156;281;157;124
66;1069;272;156;116
66;982;300;164;136
66;895;296;177;119
66;808;374;185;189
66;721;404;217;187
66;634;371;193;178
66;547;300;156;144
66;460;272;157;115
66;373;252;154;98
66;286;273;161;112
66;199;287;161;126
66;112;277;162;115
66;25;306;161;144
66;1505;357;184;173
66;1418;295;165;130
66;1331;298;177;121
66;1244;271;154;117
66;1157;265;156;109
66;1070;281;159;122
66;983;279;170;109
66;896;269;136;133
66;809;392;211;181
66;722;351;187;164
66;635;284;151;133
66;548;249;141;108
66;461;236;142;94
66;374;271;157;114
66;287;267;148;119
66;200;265;153;112
66;113;306;163;143
66;26;363;207;156
66;1506;266;150;116
66;1419;266;160;106
66;1332;256;146;110
66;1245;252;152;100
66;1158;265;149;116
66;1071;264;165;99
66;984;253;128;125
66;897;278;153;125
66;810;327;173;154
66;723;262;138;124
66;636;240;135;105
66;549;227;135;92
66;462;258;149;109
66;375;258;143;115
66;288;248;141;107
66;201;293;159;134
66;114;354;202;152
66;27;316;172;145
66;1507;243;148;95
66;1420;235;145;90
66;1333;233;140;93
66;1246;261;151;110
66;1159;254;157;97
66;1072;220;116;104
66;985;256;142;114
66;898;227;129;98
66;811;253;133;120
66;724;226;128;98
66;637;213;126;87
66;550;239;138;101
66;463;237;133;104
66;376;232;135;97
66;289;290;160;130
66;202;347;198;149
66;115;310;167;143
66;28;348;191;157
66;1508;214;135;79
66;1421;211;129;82
66;1334;229;137;92
66;1247;248;154;94
66;1160;214;116;98
66;1073;236;130;106
66;986;207;122;85
66;899;225;114;111
66;812;214;124;90
66;725;197;114;83
66;638;223;133;90
66;551;228;127;101
66;464;213;126;87
66;377;275;153;122
66;290;323;181;142
66;203;305;167;138
66;116;342;185;157
66;29;389;197;192
66;1509;191;125;66
66;1422;208;123;85
66;1335;226;144;82
66;1248;208;119;89
66;1161;226;130;96
66;1074;191;115;76
66;987;199;105;94
66;900;234;126;108
66;813;185;109;76
66;726;210;125;85
66;639;214;120;94
66;552;205;124;81
66;465;253;144;109
66;378;307;175;132
66;291;299;162;137
66;204;330;178;152
66;117;377;190;187
66;30;351;171;180
66;1510;192;122;70
66;1423;201;128;73
66;1336;198;113;85
66;1249;214;125;89
66;1162;179;106;73
66;1075;174;91;83
66;988;220;119;101
66;901;222;115;107
66;814;199;121;78
66;727;201;113;88
66;640;201;119;82
66;553;240;137;103
66;466;295;166;129
66;379;281;157;124
66;292;316;168;148
66;205;365;184;181
66;118;342;169;173
66;31;393;192;201
66;1511;180;115;65
66;1424;179;105;74
66;1337;203;118;85
66;1250;173;102;71
66;1163;170;92;78
66;1076;202;105;97
66;989;206;108;98
66;902;215;114;101
66;815;187;106;81
66;728;199;118;81
66;641;240;137;103
66;554;293;163;130
66;467;267;152;115
66;380;305;165;140
66;293;358;179;179
66;206;342;172;170
66;119;382;183;199
66;32;424;211;213
66;1512;171;106;65
66;1425;183;107;76
66;1338;166;103;63
66;1251;173;95;78
66;1164;191;98;93
66;1077;194;100;94
66;990;211;110;101
66;903;224;125;99
66;816;191;114;77
66;729;225;131;94
66;642;290;163;127
66;555;257;149;108
66;468;282;154;128
66;381;350;175;175
66;294;337;169;168
66;207;376;182;194
66;120;413;203;210
66;33;399;207;192
66;1513;159;94;65
66;1426;154;96;58
66;1339;161;86;75
66;1252;187;96;91
66;1165;192;100;92
66;1078;202;106;96
66;991;226;123;103
66;904;246;130;116
66;817;213;125;88
66;730;279;158;121
66;643;246;143;103
66;556;277;151;126
66;469;341;169;172
66;382;325;162;163
66;295;369;179;190
66;208;410;200;210
66;121;392;201;191
66;34;415;238;177
66;1514;139;85;54
66;1427;153;85;68
66;1340;186;95;91
66;1253;185;94;91
66;1166;193;103;90
66;1079;222;125;97
66;992;237;123;114
66;905;273;141;132
66;818;273;154;119
66;731;242;140;102
66;644;269;147;122
66;557;322;161;161
66;470;310;151;159
66;383;352;168;184
66;296;399;192;207
66;209;389;199;190
66;122;405;233;172
66;35;398;229;169
66;1515;142;77;65
66;1428;176;88;88
66;1341;178;90;88
66;1254;188;100;88
66;1167;215;117;98
66;1080;227;120;107
66;993;260;139;121
66;906;304;153;151
66;819;236;133;103
66;732;256;140;116
66;645;317;158;159
66;558;305;148;157
66;471;338;155;183
66;384;387;186;201
66;297;382;195;187
66;210;397;231;166
66;123;393;228;165
66;36;383;203;180
66;1516;163;84;79
66;1429;179;90;89
66;1342;180;92;88
66;1255;211;116;95
66;1168;218;113;105
66;1081;261;138;123
66;994;287;149;138
66;907;258;137;121
66;820;251;140;111
66;733;315;159;156
66;646;294;141;153
66;559;329;148;181
66;472;373;177;196
66;385;368;188;180
66;298;387;223;164
66;211;389;227;162
66;124;378;201;177
66;37;418;207;211
66;1517;172;87;85
66;1430;182;91;91
66;1343;203;111;92
66;1256;214;114;100
66;1169;259;139;120
66;1082;276;143;133
66;995;250;134;116
66;908;288;154;134
66;821;310;157;153
66;734;287;135;152
66;647;324;145;179
66;560;367;173;194
66;473;358;180;178
66;386;374;214;160
66;299;381;224;157
66;212;373;196;177
66;125;415;204;211
66;38;413;240;173
66;1518;180;87;93
66;1431;199;107;92
66;1344;208;112;96
66;1257;260;143;117
66;1170;277;144;133
66;1083;251;136;115
66;996;279;149;130
66;909;340;174;166
66;822;282;133;149
66;735;316;140;176
66;648;359;173;186
66;561;356;179;177
66;474;375;216;159
66;387;375;218;157
66;300;366;192;174
66;213;415;205;210
66;126;409;236;173
66;39;460;246;214
66;1519;187;98;89
66;1432;204;108;96
66;1345;251;136;115
66;1258;270;139;131
66;1171;249;134;115
66;1084;270;144;126
66;997;334;167;167
66;910;328;155;173
66;823;315;140;175
66;736;347;167;180
66;649;353;175;178
66;562;366;207;159
66;475;363;211;152
66;388;354;187;167
66;301;406;199;207
66;214;402;231;171
66;127;446;239;207
66;40;461;231;230
66;1520;196;103;93
66;1433;252;135;117
66;1346;264;135;129
66;1259;252;138;114
66;1172;261;138;123
66;1085;327;164;163
66;998;322;152;170
66;911;341;166;175
66;824;345;163;182
66;737;347;170;177
66;650;364;203;161
66;563;359;211;148
66;476;351;182;169
66;389;397;194;203
66;302;396;229;167
66;215;444;240;204
66;128;457;229;228
66;41;492;269;223
66;1521;251;136;115
66;1434;259;130;129
66;1347;250;136;114
66;1260;264;140;124
66;1173;323;162;161
66;1086;322;153;169
66;999;337;161;176
66;912;400;188;212
66;825;345;170;175
66;738;359;201;158
66;651;356;208;148
66;564;349;182;167
66;477;395;192;203
66;390;388;223;165
66;303;437;236;201
66;216;453;227;226
66;129;495;271;224
66;42;482;246;236
66;1522;253;127;126
66;1435;245;133;112
66;1348;258;138;120
66;1261;323;160;163
66;1174;321;156;165
66;1087;341;164;177
66;1000;393;185;208
66;913;382;201;181
66;826;354;198;156
66;739;353;206;147
66;652;346;181;165
66;565;389;189;200
66;478;383;219;164
66;391;428;228;200
66;304;447;223;224
66;217;495;272;223
66;130;476;243;233
66;43;467;237;230
66;1523;245;134;111
66;1436;255;136;119
66;1349;318;159;159
66;1262;316;153;163
66;1175;338;160;178
66;1088;391;185;206
66;1001;373;199;174
66;914;378;214;164
66;827;349;204;145
66;740;337;174;163
66;653;374;179;195
66;566;376;215;161
66;479;421;220;201
66;392;441;221;220
66;305;488;269;219
66;218;471;239;232
66;131;467;235;232
66;44;440;241;199
66;1524;256;137;119
66;1437;315;157;158
66;1350;309;151;158
66;1263;335;157;178
66;1176;390;183;207
66;1089;368;194;174
66;1002;373;211;162
66;915;362;204;158
66;828;333;169;164
66;741;375;182;193
66;654;374;214;160
66;567;410;212;198
66;480;439;219;220
66;393;484;268;216
66;306;462;230;232
66;219;461;231;230
66;132;439;242;197
66;45;383;191;192
66;1525;308;152;156
66;1438;308;151;157
66;1351;321;149;172
66;1264;386;181;205
66;1177;368;193;175
66;1090;375;213;162
66;1003;357;201;156
66;916;368;186;182
66;829;367;177;190
66;742;371;211;160
66;655;398;201;197
66;568;430;214;216
66;481;480;265;215
66;394;453;224;229
66;307;459;230;229
66;220;433;239;194
66;133;377;188;189
66;46;392;199;193
66;1526;309;152;157
66;1439;318;146;172
66;1352;376;174;202
66;1265;363;191;172
66;1178;371;210;161
66;1091;352;196;156
66;1004;365;184;181
66;917;376;177;199
66;830;367;206;161
66;743;393;196;197
66;656;426;212;214
66;569;479;264;215
66;482;445;220;225
66;395;456;229;227
66;308;432;239;193
66;221;370;183;187
66;134;385;194;191
66;47;344;193;151
66;1527;315;142;173
66;1440;372;172;200
66;1353;358;187;171
66;1266;364;208;156
66;1179;351;193;158
66;1092;363;182;181
66;1005;366;170;196
66;918;374;220;154
66;831;385;190;195
66;744;421;211;210
66;657;475;261;214
66;570;438;216;222
66;483;452;225;227
66;396;431;239;192
66;309;363;181;182
66;222;382;193;189
66;135;339;189;150
66;48;341;172;169
66;1528;364;166;198
66;1441;352;183;169
66;1354;361;206;155
66;1267;346;192;154
66;1180;358;177;181
66;1093;364;172;192
66;1006;369;219;150
66;919;431;223;208
66;832;418;209;209
66;745;468;255;213
66;658;427;205;222
66;571;442;219;223
66;484;422;234;188
66;397;352;172;180
66;310;381;192;189
66;223;333;183;150
66;136;333;167;166
66;49;345;162;183
66;1529;352;184;168
66;1442;359;205;154
66;1355;344;194;150
66;1268;357;174;183
66;1181;362;171;191
66;1094;368;220;148
66;1007;426;222;204
66;920;423;214;209
66;833;460;249;211
66;746;421;202;219
66;659;444;220;224
66;572;420;230;190
66;485;348;169;179
66;398;378;193;185
66;311;327;178;149
66;224;328;165;163
66;137;341;161;180
66;50;367;182;185
66;1530;356;203;153
66;1443;338;191;147
66;1356;355;171;184
66;1269;370;176;194
66;1182;367;219;148
66;1095;425;221;204
66;1008;419;212;207
66;921;459;245;214
66;834;413;196;217
66;747;438;216;222
66;660;409;218;191
66;573;338;163;175
66;486;371;188;183
66;399;324;176;148
66;312;319;159;160
66;225;336;157;179
66;138;366;181;185
66;51;322;174;148
66;1531;331;186;145
66;1444;348;167;181
66;1357;368;173;195
66;1270;365;217;148
66;1183;425;221;204
66;1096;417;212;205
66;1009;458;244;214
66;922;456;220;236
66;835;433;213;220
66;748;406;218;188
66;661;329;154;175
66;574;366;185;181
66;487;324;173;151
66;400;315;157;158
66;313;333;153;180
66;226;362;180;182
66;139;314;169;145
66;52;380;194;186
66;1532;345;168;177
66;1445;369;174;195
66;1358;368;215;153
66;1271;423;220;203
66;1184;407;206;201
66;1097;455;244;211
66;1010;456;219;237
66;923;394;188;206
66;836;409;219;190
66;749;320;147;173
66;662;366;185;181
66;575;317;167;150
66;488;313;156;157
66;401;330;153;177
66;314;357;177;180
66;227;305;166;139
66;140;379;192;187
66;53;332;169;163
66;1533;364;174;190
66;1446;363;214;149
66;1359;421;221;200
66;1272;405;202;203
66;1185;452;239;213
66;1098;446;210;236
66;1011;389;184;205
66;924;396;206;190
66;837;316;148;168
66;750;361;181;180
66;663;311;160;151
66;576;302;152;150
66;489;328;149;179
66;402;351;173;178
66;315;304;165;139
66;228;381;193;188
66;141;328;168;160
66;54;303;123;180
66;1534;357;209;148
66;1447;414;215;199
66;1360;400;201;199
66;1273;448;236;212
66;1186;439;202;237
66;1099;384;181;203
66;1012;394;204;190
66;925;335;160;175
66;838;352;171;181
66;751;303;155;148
66;664;296;145;151
66;577;324;146;178
66;490;347;168;179
66;403;301;162;139
66;316;381;194;187
66;229;319;161;158
66;142;301;124;177
66;55;303;136;167
66;1535;412;215;197
66;1448;396;198;198
66;1361;442;233;209
66;1274;438;200;238
66;1187;375;173;202
66;1100;388;201;187
66;1013;338;161;177
66;926;348;165;183
66;839;298;152;146
66;752;289;140;149
66;665;319;140;179
66;578;333;159;174
66;491;299;160;139
66;404;376;188;188
66;317;318;160;158
66;230;298;120;178
66;143;299;134;165
66;56;342;168;174
66;1536;396;197;199
66;1449;435;231;204
66;1362;433;196;237
66;1275;371;169;202
66;1188;384;199;185
66;1101;335;160;175
66;1014;343;161;182
66;927;307;152;155
66;840;288;137;151
66;753;307;132;175
66;666;331;156;175
66;579;291;153;138
66;492;374;184;190
66;405;314;156;158
66;318;291;116;175
66;231;299;135;164
66;144;329;160;169
66;57;305;149;156
66;1537;428;229;199
66;1450;419;189;230
66;1363;370;169;201
66;1276;384;197;187
66;1189;335;162;173
66;1102;336;157;179
66;1015;305;150;155
66;928;279;139;140
66;841;298;127;171
66;754;321;150;171
66;667;291;154;137
66;580;361;173;188
66;493;310;154;156
66;406;294;119;175
66;319;292;131;161
66;232;330;159;171
66;145;300;148;152
66;58;379;169;210
66;1538;416;187;229
66;1451;362;162;200
66;1364;376;191;185
66;1277;330;157;173
66;1190;330;151;179
66;1103;299;146;153
66;1016;278;138;140
66;929;297;130;167
66;842;316;146;170
66;755;288;153;135
66;668;354;167;187
66;581;305;149;156
66;494;290;115;175
66;407;288;128;160
66;320;321;153;168
66;233;295;145;150
66;146;370;164;206
66;59;401;175;226
66;1539;361;160;201
66;1452;376;192;184
66;1365;330;153;177
66;1278;323;143;180
66;1191;299;146;153
66;1104;271;134;137
66;1017;293;129;164
66;930;312;140;172
66;843;281;150;131
66;756;346;160;186
66;669;304;148;156
66;582;284;107;177
66;495;287;129;158
66;408;316;151;165
66;321;293;142;151
66;234;363;159;204
66;147;391;169;222
66;60;381;166;215
66;1540;372;187;185
66;1453;326;148;178
66;1366;314;138;176
66;1279;293;139;154
66;1192;270;133;137
66;1105;291;125;166
66;1018;307;136;171
66;931;286;145;141
66;844;341;157;184
66;757;297;142;155
66;670;278;105;173
66;583;280;124;156
66;496;307;150;157
66;409;285;134;151
66;322;352;152;200
66;235;387;166;221
66;148;374;164;210
66;61;374;164;210
66;1541;324;144;180
66;1454;307;134;173
66;1367;292;136;156
66;1280;265;131;134
66;1193;283;120;163
66;1106;301;131;170
66;1019;282;142;140
66;932;311;135;176
66;845;287;135;152
66;758;273;102;171
66;671;273;117;156
66;584;301;145;156
66;497;281;128;153
66;410;346;147;199
66;323;375;159;216
66;236;373;163;210
66;149;373;162;211
66;62;395;177;218
66;1542;302;129;173
66;1455;280;123;157
66;1368;265;132;133
66;1281;280;116;164
66;1194;297;129;168
66;1107;273;132;141
66;1020;310;133;177
66;933;287;137;150
66;846;268;97;171
66;759;274;119;155
66;672;297;141;156
66;585;268;116;152
66;498;340;145;195
66;411;375;159;216
66;324;366;160;206
66;237;372;162;210
66;150;390;170;220
66;63;472;233;239
66;1543;272;117;155
66;1456;258;127;131
66;1369;277;113;164
66;1282;291;125;166
66;1195;268;130;138
66;1108;301;127;174
66;1021;282;135;147
66;934;265;102;163
66;847;269;118;151
66;760;295;139;156
66;673;266;116;150
66;586;335;143;192
66;499;366;153;213
66;412;358;152;206
66;325;360;153;207
66;238;386;168;218
66;151;462;224;238
66;64;409;169;240
66;1544;252;121;131
66;1457;270;109;161
66;1370;289;122;167
66;1283;258;122;136
66;1196;295;124;171
66;1109;272;127;145
66;1022;259;98;161
66;935;248;105;143
66;848;285;132;153
66;761;257;109;148
66;674;328;138;190
66;587;349;140;209
66;500;356;149;207
66;413;352;146;206
66;326;379;164;215
66;239;453;217;236
66;152;406;166;240
66;65;455;179;276
66;1545;266;106;160
66;1458;288;119;169
66;1371;255;120;135
66;1284;288;115;173
66;1197;269;123;146
66;1110;251;93;158
66;1023;240;98;142
66;936;275;120;155
66;849;247;102;145
66;762;323;130;193
66;675;335;130;205
66;588;349;143;206
66;501;340;140;200
66;414;373;158;215
66;327;452;214;238
66;240;402;163;239
66;153;450;175;275
66;66;447;180;267
66;1546;282;115;167
66;1459;244;111;133
66;1372;280;109;171
66;1285;257;117;140
66;1198;250;92;158
66;1111;235;93;142
66;1024;267;114;153
66;937;249;102;147
66;850;316;126;190
66;763;324;123;201
66;676;339;137;202
66;589;332;134;198
66;502;363;149;214
66;415;438;205;233
66;328;395;158;237
66;241;447;174;273
66;154;442;178;264
66;67;408;171;237
66;1547;239;108;131
66;1460;272;104;168
66;1373;252;117;135
66;1286;239;85;154
66;1199;231;92;139
66;1112;259;108;151
66;1025;243;98;145
66;938;305;121;184
66;851;319;121;198
66;764;328;129;199
66;677;327;134;193
66;590;352;142;210
66;503;423;194;229
66;416;389;155;234
66;329;441;168;273
66;242;437;174;263
66;155;404;170;234
66;68;357;152;205
66;1548;267;104;163
66;1461;243;110;133
66;1374;235;81;154
66;1287;224;89;135
66;1200;255;104;151
66;1113;236;95;141
66;1026;291;109;182
66;939;311;114;197
66;852;319;124;195
66;765;317;127;190
66;678;344;136;208
66;591;410;189;221
66;504;382;151;231
66;417;425;162;263
66;330;422;162;260
66;243;393;166;227
66;156;355;149;206
66;69;415;157;258
66;1549;239;107;132
66;1462;232;78;154
66;1375;221;87;134
66;1288;250;101;149
66;1201;225;90;135
66;1114;282;105;177
66;1027;304;107;197
66;940;303;118;185
66;853;308;120;188
66;766;332;127;205
66;679;403;184;219
66;592;364;144;220
66;505;422;159;263
66;418;410;155;255
66;331;381;157;224
66;244;347;142;205
66;157;405;152;253
66;70;378;145;233
66;1550;223;74;149
66;1463;213;84;129
66;1376;248;100;148
66;1289;220;88;132
66;1202;271;99;172
66;1115;298;102;196
66;1028;293;112;181
66;941;288;105;183
66;854;322;122;200
66;767;386;171;215
66;680;356;140;216
66;593;411;155;256
66;506;399;145;254
66;419;368;152;216
66;332;334;135;199
66;245;396;147;249
66;158;372;141;231
66;71;453;157;296
66;1551;213;84;129
66;1464;247;100;147
66;1377;212;87;125
66;1290;261;93;168
66;1203;290;97;193
66;1116;286;108;178
66;1029;280;99;181
66;942;315;118;197
66;855;375;164;211
66;768;348;131;217
66;681;393;141;252
66;594;383;139;244
66;507;358;147;211
66;420;324;126;198
66;333;382;137;245
66;246;369;139;230
66;159;444;155;289
66;72;379;138;241
66;1552;242;96;146
66;1465;206;83;123
66;1378;251;85;166
66;1291;283;92;191
66;1204;278;103;175
66;1117;272;94;178
66;1030;308;112;196
66;943;339;146;193
66;856;338;129;209
66;769;383;134;249
66;682;364;128;236
66;595;349;138;211
66;508;319;122;197
66;421;365;129;236
66;334;356;129;227
66;247;436;149;287
66;160;370;134;236
66;73;333;127;206
66;1553;199;79;120
66;1466;241;80;161
66;1379;274;86;188
66;1292;273;98;175
66;1205;261;87;174
66;1118;297;106;191
66;1031;324;135;189
66;944;313;112;201
66;857;371;127;244
66;770;354;124;230
66;683;330;127;203
66;596;302;113;189
66;509;355;124;231
66;422;344;119;225
66;335;420;139;281
66;248;352;121;231
66;161;322;121;201
66;74;359;130;229
66;1554;235;80;155
66;1467;267;80;187
66;1380;258;91;167
66;1293;254;82;172
66;1206;290;102;188
66;1119;312;125;187
66;1032;299;105;194
66;945;353;119;234
66;858;344;121;223
66;771;313;119;194
66;684;289;110;179
66;597;336;117;219
66;510;324;102;222
66;423;404;131;273
66;336;338;114;224
66;249;311;109;202
66;162;353;127;226
66;75;301;117;184
66;1555;250;74;176
66;1468;238;79;159
66;1381;245;76;169
66;1294;285;98;187
66;1207;305;120;185
66;1120;280;97;183
66;1033;348;118;230
66;946;316;109;207
66;859;304;114;190
66;772;279;104;175
66;685;326;110;216
66;598;309;94;215
66;511;381;116;265
66;424;328;109;219
66;337;302;102;200
66;250;337;115;222
66;163;292;109;183
66;76;319;98;221
66;1556;233;77;156
66;1469;231;71;160
66;1382;274;91;183
66;1295;290;111;179
66;1208;272;94;178
66;1121;333;109;224
66;1034;306;105;201
66;947;295;105;190
66;860;267;97;170
66;773;313;103;210
66;686;298;92;206
66;599;368;112;256
66;512;314;102;212
66;425;285;97;188
66;338;320;105;215
66;251;281;103;178
66;164;305;93;212
66;77;289;98;191
66;1557;220;67;153
66;1470;265;86;179
66;1383;282;107;175
66;1296;256;87;169
66;1209;319;102;217
66;1122;293;99;194
66;1035;282;94;188
66;948;253;83;170
66;861;298;91;207
66;774;285;87;198
66;687;354;105;249
66;600;298;97;201
66;513;269;90;179
66;426;303;96;207
66;339;265;95;170
66;252;297;88;209
66;165;277;93;184
66;78;224;73;151
66;1558;252;79;173
66;1471;267;99;168
66;1384;238;75;163
66;1297;297;91;206
66;1210;285;96;189
66;1123;274;92;182
66;1036;240;75;165
66;949;277;82;195
66;862;274;80;194
66;775;325;92;233
66;688;280;89;191
66;601;256;84;172
66;514;281;84;197
66;427;246;84;162
66;340;278;80;198
66;253;262;88;174
66;166;217;69;148
66;79;237;67;170
66;1559;248;91;157
66;1472;223;68;155
66;1385;275;79;196
66;1298;271;88;183
66;1211;262;87;175
66;1124;216;63;153
66;1037;264;72;192
66;950;236;67;169
66;863;302;80;222
66;776;264;80;184
66;689;247;82;165
66;602;263;77;186
66;515;232;78;154
66;428;259;73;186
66;341;252;83;169
66;254;201;63;138
66;167;222;59;163
66;80;155;47;108
66;1560;203;61;142
66;1473;253;71;182
66;1386;254;81;173
66;1299;233;74;159
66;1212;195;56;139
66;1125;245;63;182
66;1038;221;60;161
66;951;268;70;198
66;864;244;70;174
66;777;228;76;152
66;690;247;70;177
66;603;220;74;146
66;516;238;69;169
66;429;233;79;154
66;342;191;58;133
66;255;206;53;153
66;168;146;43;103
66;81;173;50;123
66;1561;231;59;172
66;1474;237;73;164
66;1387;214;66;148
66;1300;179;48;131
66;1213;224;59;165
66;1126;207;54;153
66;1039;251;66;185
66;952;208;62;146
66;865;206;65;141
66;778;230;61;169
66;691;201;66;135
66;604;214;58;156
66;517;220;69;151
66;430;174;50;124
66;343;193;44;149
66;256;134;39;95
66;169;161;46;115
66;82;145;48;97
66;1562;214;61;153
66;1475;201;59;142
66;1388;168;46;122
66;1301;207;54;153
66;1214;192;51;141
66;1127;242;63;179
66;1040;185;56;129
66;953;189;60;129
66;866;211;54;157
66;779;180;59;121
66;692;201;58;143
66;605;203;64;139
66;518;158;44;114
66;431;179;38;141
66;344;125;32;93
66;257;148;36;112
66;170;134;45;89
66;83;79;23;56
66;1563;184;50;134
66;1476;154;42;112
66;1389;193;48;145
66;1302;174;44;130
66;1215;219;53;166
66;1128;165;46;119
66;1041;173;54;119
66;954;171;43;128
66;867;162;52;110
66;780;178;50;128
66;693;174;60;114
66;606;148;42;106
66;519;161;33;128
66;432;105;27;78
66;345;137;33;104
66;258;123;40;83
66;171;72;19;53
66;84;75;23;52
66;1564;136;38;98
66;1477;174;42;132
66;1390;163;39;124
66;1303;204;48;156
66;1216;154;41;113
66;1129;159;48;111
66;1042;158;39;119
66;955;145;45;100
66;868;162;44;118
66;781;155;51;104
66;694;129;37;92
66;607;134;26;108
66;520;96;23;73
66;433;110;24;86
66;346;103;33;70
66;259;66;17;49
66;172;65;17;48
66;85;86;24;62
66;1565;797;178;619
66;1478;780;172;608
66;1391;759;162;597
66;1304;700;157;543
66;1217;682;155;527
66;1130;663;152;511
66;1043;618;146;472
66;956;584;135;449
66;869;513;130;383
66;782;476;118;358
66;695;458;109;349
66;608;432;112;320
66;521;440;119;321
66;434;449;122;327
66;347;444;127;317
66;260;488;136;352
66;173;528;163;365
66;86;524;170;354
66;1566;21764;10267;11497
66;1479;22399;10545;11854
66;1392;23009;10841;12168
66;1305;23528;11112;12416
66;1218;23950;11284;12666
66;1131;24380;11475;12905
66;1044;24946;11724;13222
66;957;25506;11980;13526
66;870;26417;12413;14004
66;783;26931;12672;14259
66;696;27531;12982;14549
66;609;28099;13268;14831
66;522;28742;13605;15137
66;435;29427;13985;15442
66;348;30071;14331;15740
66;261;30556;14643;15913
66;174;30873;14817;16056
66;87;31204;14992;16212
67;1480;341;162;179
67;1393;357;191;166
67;1306;394;211;183
67;1219;383;204;179
67;1132;403;215;188
67;1045;408;212;196
67;958;416;219;197
67;871;346;175;171
67;784;462;225;237
67;697;429;206;223
67;610;419;215;204
67;523;463;232;231
67;436;459;224;235
67;349;466;238;228
67;262;478;241;237
67;175;516;243;273
67;88;549;298;251
67;1;554;271;283
67;1481;336;180;156
67;1394;380;203;177
67;1307;376;199;177
67;1220;397;212;185
67;1133;396;204;192
67;1046;403;216;187
67;959;332;172;160
67;872;424;204;220
67;785;417;200;217
67;698;415;212;203
67;611;459;232;227
67;524;453;219;234
67;437;460;235;225
67;350;473;239;234
67;263;515;246;269
67;176;537;291;246
67;89;552;271;281
67;2;617;306;311
67;1482;364;193;171
67;1395;364;191;173
67;1308;384;203;181
67;1221;378;199;179
67;1134;405;220;185
67;1047;320;165;155
67;960;422;200;222
67;873;374;188;186
67;786;403;205;198
67;699;452;229;223
67;612;453;221;232
67;525;450;230;220
67;438;464;233;231
67;351;513;247;266
67;264;532;285;247
67;177;549;270;279
67;90;615;306;309
67;3;629;340;289
67;1483;341;180;161
67;1396;370;195;175
67;1309;372;194;178
67;1222;404;222;182
67;1135;306;158;148
67;1048;413;195;218
67;961;359;182;177
67;874;356;188;168
67;787;440;227;213
67;700;443;218;225
67;613;444;228;216
67;526;463;232;231
67;439;505;244;261
67;352;529;285;244
67;265;552;276;276
67;178;615;305;310
67;91;628;339;289
67;4;651;320;331
67;1484;355;190;165
67;1397;369;195;174
67;1310;399;223;176
67;1223;294;156;138
67;1136;410;194;216
67;1049;353;178;175
67;962;351;184;167
67;875;389;189;200
67;788;433;213;220
67;701;445;230;215
67;614;453;227;226
67;527;503;244;259
67;440;517;280;237
67;353;538;267;271
67;266;609;304;305
67;179;626;338;288
67;92;653;322;331
67;5;650;338;312
67;1485;358;190;168
67;1398;395;221;174
67;1311;282;152;130
67;1224;401;190;211
67;1137;345;177;168
67;1050;345;180;165
67;963;389;192;197
67;876;402;202;200
67;789;442;230;212
67;702;451;229;222
67;615;495;239;256
67;528;515;277;238
67;441;533;264;269
67;354;601;302;299
67;267;630;339;291
67;180;650;319;331
67;93;646;340;306
67;6;657;341;316
67;1486;380;214;166
67;1399;276;147;129
67;1312;380;177;203
67;1225;334;171;163
67;1138;341;177;164
67;1051;371;180;191
67;964;393;200;193
67;877;400;210;190
67;790;445;228;217
67;703;488;235;253
67;616;509;273;236
67;529;535;266;269
67;442;594;301;293
67;355;626;337;289
67;268;644;316;328
67;181;641;337;304
67;94;660;341;319
67;7;676;344;332
67;1487;257;135;122
67;1400;367;172;195
67;1313;326;168;158
67;1226;338;175;163
67;1139;362;176;186
67;1052;383;198;185
67;965;397;209;188
67;878;396;201;195
67;791;483;229;254
67;704;506;272;234
67;617;522;258;264
67;530;592;301;291
67;443;618;334;284
67;356;643;315;328
67;269;635;332;303
67;182;661;342;319
67;95;674;345;329
67;8;744;373;371
67;1488;358;166;192
67;1401;322;166;156
67;1314;332;173;159
67;1227;359;173;186
67;1140;381;195;186
67;1053;397;208;189
67;966;389;197;192
67;879;462;221;241
67;792;503;273;230
67;705;518;257;261
67;618;582;295;287
67;531;612;332;280
67;444;638;315;323
67;357;633;328;305
67;270;656;337;319
67;183;674;346;328
67;96;749;376;373
67;9;848;441;407
67;1489;313;163;150
67;1402;328;172;156
67;1315;348;168;180
67;1228;379;193;186
67;1141;395;207;188
67;1054;385;193;192
67;967;449;214;235
67;880;480;262;218
67;793;511;255;256
67;706;579;297;282
67;619;610;332;278
67;532;627;310;317
67;445;628;327;301
67;358;650;335;315
67;271;672;343;329
67;184;745;374;371
67;97;847;440;407
67;10;830;419;411
67;1490;325;168;157
67;1403;349;168;181
67;1316;366;185;181
67;1229;380;199;181
67;1142;376;190;186
67;1055;440;209;231
67;968;479;261;218
67;881;495;244;251
67;794;578;298;280
67;707;608;331;277
67;620;621;305;316
67;533;625;325;300
67;446;642;332;310
67;359;670;341;329
67;272;747;372;375
67;185;840;438;402
67;98;824;413;411
67;11;838;423;415
67;1491;341;165;176
67;1404;357;180;177
67;1317;375;194;181
67;1230;377;190;187
67;1143;431;205;226
67;1056;472;259;213
67;969;489;240;249
67;882;565;291;274
67;795;600;324;276
67;708;619;306;313
67;621;620;323;297
67;534;637;331;306
67;447;669;339;330
67;360;741;370;371
67;273;833;435;398
67;186;821;414;407
67;99;833;420;413
67;12;816;416;400
67;1492;352;178;174
67;1405;366;188;178
67;1318;372;186;186
67;1231;423;200;223
67;1144;465;258;207
67;1057;479;235;244
67;970;560;289;271
67;883;593;321;272
67;796;615;307;308
67;709;617;320;297
67;622;633;327;306
67;535;662;337;325
67;448;733;364;369
67;361;830;433;397
67;274;812;410;402
67;187;821;415;406
67;100;807;414;393
67;13;888;477;411
67;1493;360;185;175
67;1406;364;181;183
67;1319;415;198;217
67;1232;463;256;207
67;1145;471;229;242
67;1058;557;285;272
67;971;594;323;271
67;884;595;294;301
67;797;612;319;293
67;710;629;325;304
67;623;657;335;322
67;536;726;360;366
67;449;813;426;387
67;362;810;408;402
67;275;811;413;398
67;188;796;407;389
67;101;876;469;407
67;14;892;461;431
67;1494;362;181;181
67;1407;408;193;215
67;1320;461;255;206
67;1233;469;228;241
67;1146;555;282;273
67;1059;586;319;267
67;972;592;293;299
67;885;602;312;290
67;798;625;325;300
67;711;653;334;319
67;624;725;358;367
67;537;805;421;384
67;450;797;402;395
67;363;805;411;394
67;276;775;398;377
67;189;863;461;402
67;102;884;457;427
67;15;918;474;444
67;1495;398;186;212
67;1408;454;252;202
67;1321;468;224;244
67;1234;557;283;274
67;1147;578;314;264
67;1060;588;292;296
67;973;602;314;288
67;886;599;314;285
67;799;649;330;319
67;712;717;351;366
67;625;798;416;382
67;538;791;400;391
67;451;783;399;384
67;364;766;394;372
67;277;846;456;390
67;190;870;449;421
67;103;906;465;441
67;16;868;420;448
67;1496;443;245;198
67;1409;464;224;240
67;1322;555;285;270
67;1235;573;311;262
67;1148;583;289;294
67;1061;590;305;285
67;974;596;311;285
67;887;652;322;330
67;800;713;351;362
67;713;794;414;380
67;626;785;400;385
67;539;770;392;378
67;452;743;382;361
67;365;833;449;384
67;278;856;443;413
67;191;896;460;436
67;104;862;417;445
67;17;828;424;404
67;1497;454;223;231
67;1410;551;285;266
67;1323;571;309;262
67;1236;584;288;296
67;1149;586;303;283
67;1062;592;307;285
67;975;651;322;329
67;888;681;342;339
67;801;796;414;382
67;714;779;397;382
67;627;766;390;376
67;540;728;376;352
67;453;811;435;376
67;366;839;433;406
67;279;885;455;430
67;192;844;407;437
67;105;817;417;400
67;18;753;383;370
67;1498;538;277;261
67;1411;560;303;257
67;1324;573;282;291
67;1237;581;302;279
67;1150;581;300;281
67;1063;640;318;322
67;976;674;341;333
67;889;770;396;374
67;802;774;396;378
67;715;760;389;371
67;628;716;371;345
67;541;792;425;367
67;454;804;416;388
67;367;870;444;426
67;280;830;400;430
67;193;802;411;391
67;106;739;380;359
67;19;623;345;278
67;1499;525;288;237
67;1412;545;270;275
67;1325;573;294;279
67;1238;562;292;270
67;1151;631;317;314
67;1064;641;324;317
67;977;735;381;354
67;890;636;331;305
67;803;747;384;363
67;716;710;369;341
67;629;783;422;361
67;542;784;406;378
67;455;823;420;403
67;368;813;391;422
67;281;789;406;383
67;194;734;377;357
67;107;611;340;271
67;20;544;303;241
67;1500;505;253;252
67;1413;552;281;271
67;1326;546;275;271
67;1239;619;311;308
67;1152;627;315;312
67;1065;723;378;345
67;978;619;326;293
67;891;616;331;285
67;804;695;364;331
67;717;769;417;352
67;630;770;400;370
67;543;798;407;391
67;456;765;368;397
67;369;757;391;366
67;282;723;371;352
67;195;601;335;266
67;108;534;298;236
67;21;500;277;223
67;1501;510;261;249
67;1414;516;261;255
67;1327;606;296;310
67;1240;607;307;300
67;1153;709;375;334
67;1066;608;319;289
67;979;586;316;270
67;892;576;317;259
67;805;751;408;343
67;718;745;389;356
67;631;784;400;384
67;544;733;352;381
67;457;707;365;342
67;370;704;364;340
67;283;589;330;259
67;196;538;303;235
67;109;503;273;230
67;22;551;300;251
67;1502;461;243;218
67;1415;569;285;284
67;1328;587;300;287
67;1241;676;361;315
67;1154;584;315;269
67;1067;571;312;259
67;980;549;307;242
67;893;578;327;251
67;806;724;381;343
67;719;764;391;373
67;632;713;344;369
67;545;680;351;329
67;458;657;343;314
67;371;567;316;251
67;284;542;303;239
67;197;515;279;236
67;110;555;306;249
67;23;587;330;257
67;1503;517;260;257
67;1416;553;286;267
67;1329;645;340;305
67;1242;550;303;247
67;1155;534;296;238
67;1068;530;297;233
67;981;527;304;223
67;894;536;296;240
67;807;727;378;349
67;720;698;340;358
67;633;668;347;321
67;546;631;332;299
67;459;535;302;233
67;372;518;293;225
67;285;502;275;227
67;198;554;308;246
67;111;597;334;263
67;24;556;285;271
67;1504;497;260;237
67;1417;600;315;285
67;1330;519;294;225
67;1243;521;294;227
67;1156;510;293;217
67;1069;506;297;209
67;982;508;287;221
67;895;524;289;235
67;808;667;325;342
67;721;639;338;301
67;634;616;328;288
67;547;514;289;225
67;460;489;272;217
67;373;481;266;215
67;286;549;300;249
67;199;603;339;264
67;112;550;283;267
67;25;621;321;300
67;1505;541;289;252
67;1418;490;281;209
67;1331;500;283;217
67;1244;486;284;202
67;1157;493;297;196
67;1070;487;277;210
67;983;485;270;215
67;896;482;241;241
67;809;619;332;287
67;722;609;323;286
67;635;491;273;218
67;548;465;259;206
67;461;445;248;197
67;374;515;277;238
67;287;592;336;256
67;200;552;284;268
67;113;618;319;299
67;26;549;270;279
67;1506;437;252;185
67;1419;451;254;197
67;1332;456;269;187
67;1245;462;288;174
67;1158;460;266;194
67;1071;459;260;199
67;984;441;226;215
67;897;435;261;174
67;810;582;312;270
67;723;473;270;203
67;636;438;243;195
67;549;423;233;190
67;462;478;256;222
67;375;571;328;243
67;288;531;268;263
67;201;616;320;296
67;114;538;261;277
67;27;618;319;299
67;1507;397;234;163
67;1420;415;251;164
67;1333;429;277;152
67;1246;430;253;177
67;1159;432;246;186
67;1072;418;218;200
67;985;389;238;151
67;898;396;225;171
67;811;443;256;187
67;724;429;243;186
67;637;404;224;180
67;550;461;247;214
67;463;545;313;232
67;376;496;253;243
67;289;587;303;284
67;202;519;253;266
67;115;608;311;297
67;28;631;309;322
67;1508;363;225;138
67;1421;389;253;136
67;1334;400;240;160
67;1247;407;232;175
67;1160;396;211;185
67;1073;362;223;139
67;986;385;223;162
67;899;403;234;169
67;812;398;222;176
67;725;376;214;162
67;638;441;240;201
67;551;520;299;221
67;464;477;241;236
67;377;572;295;277
67;290;502;246;256
67;203;592;302;290
67;116;616;305;311
67;29;690;352;338
67;1509;351;235;116
67;1422;348;211;137
67;1335;381;216;165
67;1248;378;209;169
67;1161;328;209;119
67;1074;356;211;145
67;987;378;221;157
67;900;437;229;208
67;813;364;209;155
67;726;428;232;196
67;639;503;290;213
67;552;457;233;224
67;465;551;283;268
67;378;478;236;242
67;291;583;297;286
67;204;606;299;307
67;117;674;345;329
67;30;734;372;362
67;1510;306;187;119
67;1423;343;191;152
67;1336;351;203;148
67;1249;300;196;104
67;1162;326;197;129
67;1075;351;209;142
67;988;419;214;205
67;901;420;214;206
67;814;398;216;182
67;727;501;288;213
67;640;450;226;224
67;553;532;271;261
67;466;454;217;237
67;379;564;282;282
67;292;588;287;301
67;205;663;339;324
67;118;722;363;359
67;31;740;376;364
67;1511;309;176;133
67;1424;314;183;131
67;1337;292;184;108
67;1250;299;181;118
67;1163;336;201;135
67;1076;401;206;195
67;989;391;200;191
67;902;427;206;221
67;815;478;278;200
67;728;434;215;219
67;641;514;262;252
67;554;443;211;232
67;467;550;273;277
67;380;575;276;299
67;293;649;335;314
67;206;715;363;352
67;119;734;374;360
67;32;679;360;319
67;1512;283;160;123
67;1425;270;174;96
67;1338;283;171;112
67;1251;316;188;128
67;1164;390;203;187
67;1077;373;189;184
67;990;412;196;216
67;903;484;264;220
67;816;419;207;212
67;729;500;251;249
67;642;437;209;228
67;555;535;267;268
67;468;554;262;292
67;381;632;326;306
67;294;701;357;344
67;207;724;368;356
67;120;663;347;316
67;33;684;358;326
67;1513;231;151;80
67;1426;248;147;101
67;1339;295;176;119
67;1252;375;202;173
67;1165;367;186;181
67;1078;409;193;216
67;991;462;253;209
67;904;432;216;216
67;817;485;239;246
67;730;430;204;226
67;643;528;264;264
67;556;544;255;289
67;469;604;312;292
67;382;683;350;333
67;295;714;363;351
67;208;656;346;310
67;121;676;351;325
67;34;641;329;312
67;1514;226;132;94
67;1427;283;168;115
67;1340;363;199;164
67;1253;357;181;176
67;1166;402;186;216
67;1079;440;247;193
67;992;427;216;211
67;905;519;268;251
67;818;410;197;213
67;731;523;264;259
67;644;534;248;286
67;557;595;306;289
67;470;663;336;327
67;383;701;353;348
67;296;646;344;302
67;209;673;351;322
67;122;635;325;310
67;35;690;332;358
67;1515;272;160;112
67;1428;343;183;160
67;1341;342;171;171
67;1254;381;169;212
67;1167;439;242;197
67;1080;415;207;208
67;993;503;257;246
67;906;470;231;239
67;819;511;256;255
67;732;519;241;278
67;645;587;300;287
67;558;643;326;317
67;471;674;335;339
67;384;630;334;296
67;297;669;347;322
67;210;630;322;308
67;123;683;328;355
67;36;652;322;330
67;1516;323;174;149
67;1429;332;165;167
67;1342;358;158;200
67;1255;424;228;196
67;1168;407;204;203
67;1081;499;254;245
67;994;453;225;228
67;907;516;251;265
67;820;512;236;276
67;733;581;295;286
67;646;633;320;313
67;559;661;327;334
67;472;613;324;289
67;385;660;341;319
67;298;617;313;304
67;211;676;324;352
67;124;645;317;328
67;37;696;338;358
67;1517;306;147;159
67;1430;338;146;192
67;1343;413;221;192
67;1256;402;198;204
67;1169;487;246;241
67;1082;442;219;223
67;995;504;247;257
67;908;548;258;290
67;821;570;291;279
67;734;634;323;311
67;647;649;316;333
67;560;595;314;281
67;473;644;332;312
67;386;598;303;295
67;299;670;321;349
67;212;636;314;322
67;125;688;333;355
67;38;679;340;339
67;1518;321;139;182
67;1431;405;222;183
67;1344;403;201;202
67;1257;479;244;235
67;1170;443;221;222
67;1083;490;242;248
67;996;538;252;286
67;909;610;309;301
67;822;616;313;303
67;735;636;307;329
67;648;583;307;276
67;561;631;322;309
67;474;578;288;290
67;387;658;316;342
67;300;629;312;317
67;213;681;331;350
67;126;666;332;334
67;39;705;374;331
67;1519;394;211;183
67;1432;387;192;195
67;1345;468;238;230
67;1258;436;213;223
67;1171;485;238;247
67;1084;527;245;282
67;997;596;297;299
67;910;673;355;318
67;823;628;304;324
67;736;580;307;273
67;649;618;316;302
67;562;569;284;285
67;475;637;303;334
67;388;620;310;310
67;301;679;332;347
67;214;660;330;330
67;127;692;366;326
67;40;795;410;385
67;1520;380;186;194
67;1433;456;227;229
67;1346;425;202;223
67;1259;475;236;239
67;1172;527;248;279
67;1085;589;295;294
67;998;668;355;313
67;911;639;312;327
67;824;567;299;268
67;737;609;308;301
67;650;562;281;281
67;563;625;294;331
67;476;605;303;302
67;389;669;323;346
67;302;651;323;328
67;215;685;360;325
67;128;781;399;382
67;41;719;368;351
67;1521;450;224;226
67;1434;418;197;221
67;1347;474;236;238
67;1260;525;248;277
67;1173;580;289;291
67;1086;661;351;310
67;999;630;312;318
67;912;595;319;276
67;825;597;301;296
67;738;556;276;280
67;651;621;291;330
67;564;592;293;299
67;477;652;311;341
67;390;639;316;323
67;303;673;353;320
67;216;776;398;378
67;129;714;366;348
67;42;706;385;321
67;1522;409;193;216
67;1435;459;230;229
67;1348;521;248;273
67;1261;578;287;291
67;1174;652;346;306
67;1087;617;302;315
67;1000;586;310;276
67;913;608;311;297
67;826;549;273;276
67;739;615;287;328
67;652;583;290;293
67;565;648;311;337
67;478;622;304;318
67;391;662;347;315
67;304;770;393;377
67;217;711;365;346
67;130;691;376;315
67;43;724;358;366
67;1523;449;226;223
67;1436;506;241;265
67;1349;566;282;284
67;1262;648;342;306
67;1175;612;299;313
67;1088;582;310;272
67;1001;602;308;294
67;914;579;296;283
67;827;612;285;327
67;740;582;288;294
67;653;637;307;330
67;566;609;297;312
67;479;640;332;308
67;392;762;385;377
67;305;702;358;344
67;218;689;375;314
67;131;712;355;357
67;44;698;361;337
67;1524;496;237;259
67;1437;544;266;278
67;1350;640;336;304
67;1263;598;294;304
67;1176;577;308;269
67;1089;597;303;294
67;1002;567;291;276
67;915;622;304;318
67;828;574;283;291
67;741;634;306;328
67;654;593;284;309
67;567;628;328;300
67;480;746;373;373
67;393;703;360;343
67;306;674;364;310
67;219;719;359;360
67;132;694;359;335
67;45;604;279;325
67;1525;536;263;273
67;1438;623;327;296
67;1351;589;290;299
67;1264;567;305;262
67;1177;589;298;291
67;1090;558;289;269
67;1003;614;304;310
67;916;589;296;293
67;829;624;301;323
67;742;586;281;305
67;655;624;323;301
67;568;736;367;369
67;481;689;352;337
67;394;666;358;308
67;307;719;362;357
67;220;685;355;330
67;133;594;275;319
67;46;622;307;315
67;1526;608;321;287
67;1439;580;284;296
67;1352;565;302;263
67;1265;572;286;286
67;1178;545;276;269
67;1091;601;292;309
67;1004;584;294;290
67;917;653;322;331
67;830;573;275;298
67;743;620;321;299
67;656;720;357;363
67;569;678;346;332
67;482;655;351;304
67;395;707;355;352
67;308;684;355;329
67;221;590;272;318
67;134;613;303;310
67;47;597;272;325
67;1527;568;277;291
67;1440;558;298;260
67;1353;560;282;278
67;1266;536;271;265
67;1179;596;289;307
67;1092;580;292;288
67;1005;646;317;329
67;918;588;289;299
67;831;613;318;295
67;744;710;353;357
67;657;672;342;330
67;570;641;339;302
67;483;699;350;349
67;396;681;350;331
67;309;584;267;317
67;222;609;301;308
67;135;590;273;317
67;48;550;280;270
67;1528;548;291;257
67;1441;557;282;275
67;1354;534;269;265
67;1267;591;288;303
67;1180;570;283;287
67;1093;641;312;329
67;1006;579;284;295
67;919;646;334;312
67;832;708;356;352
67;745;661;334;327
67;658;635;334;301
67;571;691;344;347
67;484;673;346;327
67;397;573;261;312
67;310;597;293;304
67;223;581;264;317
67;136;541;274;267
67;49;555;286;269
67;1529;545;278;267
67;1442;519;259;260
67;1355;583;282;301
67;1268;571;282;289
67;1181;630;305;325
67;1094;575;283;292
67;1007;640;330;310
67;920;719;355;364
67;833;657;333;324
67;746;629;332;297
67;659;684;339;345
67;572;664;343;321
67;485;561;253;308
67;398;590;288;302
67;311;576;262;314
67;224;537;270;267
67;137;544;279;265
67;50;645;314;331
67;1530;516;257;259
67;1443;571;276;295
67;1356;565;280;285
67;1269;624;301;323
67;1182;566;277;289
67;1095;631;325;306
67;1008;708;349;359
67;921;643;329;314
67;834;619;328;291
67;747;679;336;343
67;660;652;336;316
67;573;545;242;303
67;486;572;277;295
67;399;568;255;313
67;312;527;266;261
67;225;534;273;261
67;138;634;307;327
67;51;583;279;304
67;1531;563;272;291
67;1444;559;277;282
67;1357;617;294;323
67;1270;568;278;290
67;1183;623;322;301
67;1096;709;347;362
67;1009;633;321;312
67;922;624;326;298
67;835;668;330;338
67;748;648;333;315
67;661;534;237;297
67;574;554;268;286
67;487;561;251;310
67;400;519;261;258
67;313;521;266;255
67;226;628;304;324
67;139;570;270;300
67;52;633;314;319
67;1532;547;270;277
67;1445;610;291;319
67;1358;562;279;283
67;1271;618;319;299
67;1184;700;342;358
67;1097;621;318;303
67;1010;616;318;298
67;923;650;312;338
67;836;632;321;311
67;749;526;230;296
67;662;549;265;284
67;575;549;242;307
67;488;504;252;252
67;401;510;261;249
67;314;624;301;323
67;227;561;269;292
67;140;627;311;316
67;53;543;234;309
67;1533;605;287;318
67;1446;554;271;283
67;1359;615;316;299
67;1272;691;332;359
67;1185;611;313;298
67;1098;608;314;294
67;1011;645;310;335
67;924;618;317;301
67;837;517;224;293
67;750;542;259;283
67;663;538;237;301
67;576;492;244;248
67;489;503;255;248
67;402;617;300;317
67;315;550;261;289
67;228;626;312;314
67;141;542;234;308
67;54;502;257;245
67;1534;548;267;281
67;1447;604;313;291
67;1360;684;327;357
67;1273;604;311;293
67;1186;597;309;288
67;1099;630;300;330
67;1012;603;310;293
67;925;537;234;303
67;838;538;255;283
67;751;526;229;297
67;664;486;237;249
67;577;491;249;242
67;490;606;292;314
67;403;536;251;285
67;316;623;310;313
67;229;535;232;303
67;142;490;249;241
67;55;435;238;197
67;1535;593;305;288
67;1448;676;323;353
67;1361;587;300;287
67;1274;592;302;290
67;1187;624;298;326
67;1100;598;305;293
67;1013;528;228;300
67;926;564;253;311
67;839;519;224;295
67;752;474;231;243
67;665;489;248;241
67;578;593;284;309
67;491;521;244;277
67;404;609;299;310
67;317;526;226;300
67;230;489;248;241
67;143;429;234;195
67;56;578;274;304
67;1536;666;320;346
67;1449;579;296;283
67;1362;584;295;289
67;1275;618;294;324
67;1188;583;296;287
67;1101;525;228;297
67;1014;551;243;308
67;927;523;225;298
67;840;466;227;239
67;753;479;239;240
67;666;583;282;301
67;579;513;236;277
67;492;594;289;305
67;405;519;220;299
67;318;481;242;239
67;231;422;229;193
67;144;563;264;299
67;57;390;180;210
67;1537;572;291;281
67;1450;574;289;285
67;1363;613;288;325
67;1276;572;290;282
67;1189;521;227;294
67;1102;546;237;309
67;1015;508;216;292
67;928;503;249;254
67;841;464;229;235
67;754;564;269;295
67;667;503;230;273
67;580;580;280;300
67;493;510;215;295
67;406;471;236;235
67;319;413;222;191
67;232;558;262;296
67;145;387;178;209
67;58;556;247;309
67;1538;565;280;285
67;1451;609;285;324
67;1364;560;279;281
67;1277;521;226;295
67;1190;540;233;307
67;1103;500;211;289
67;1016;496;241;255
67;929;484;236;248
67;842;555;262;293
67;755;494;224;270
67;668;557;267;290
67;581;502;210;292
67;494;455;227;228
67;407;409;218;191
67;320;552;257;295
67;233;378;170;208
67;146;542;242;300
67;59;680;271;409
67;1539;609;286;323
67;1452;550;273;277
67;1365;517;226;291
67;1278;532;226;306
67;1191;494;206;288
67;1104;491;238;253
67;1017;477;229;248
67;930;572;262;310
67;843;491;220;271
67;756;550;262;288
67;669;494;204;290
67;582;447;219;228
67;495;392;209;183
67;408;541;252;289
67;321;370;164;206
67;234;534;236;298
67;147;664;265;399
67;60;587;263;324
67;1540;542;269;273
67;1453;509;224;285
67;1366;527;222;305
67;1279;480;196;284
67;1192;487;237;250
67;1105;475;228;247
67;1018;561;252;309
67;931;496;223;273
67;844;540;256;284
67;757;479;197;282
67;670;431;209;222
67;583;386;204;182
67;496;524;245;279
67;409;362;159;203
67;322;516;226;290
67;235;649;253;396
67;148;582;261;321
67;61;520;207;313
67;1541;502;220;282
67;1454;523;217;306
67;1367;475;195;280
67;1280;477;232;245
67;1193;464;223;241
67;1106;557;247;310
67;1019;487;217;270
67;932;519;238;281
67;845;468;190;278
67;758;428;209;219
67;671;376;197;179
67;584;513;238;275
67;497;353;153;200
67;410;503;218;285
67;323;641;248;393
67;236;578;257;321
67;149;527;210;317
67;62;473;203;270
67;1542;514;208;306
67;1455;470;192;278
67;1368;465;222;243
67;1281;456;218;238
67;1194;543;238;305
67;1107;477;209;268
67;1020;504;228;276
67;933;471;183;288
67;846;416;198;218
67;759;367;191;176
67;672;499;227;272
67;585;340;145;195
67;498;486;211;275
67;411;633;239;394
67;324;569;251;318
67;237;524;212;312
67;150;473;201;272
67;63;558;219;339
67;1543;465;188;277
67;1456;452;217;235
67;1369;450;215;235
67;1282;529;231;298
67;1195;465;198;267
67;1108;495;221;274
67;1021;465;179;286
67;934;417;196;221
67;847;355;182;173
67;760;490;221;269
67;673;334;141;193
67;586;480;205;275
67;499;611;227;384
67;412;561;243;318
67;325;515;206;309
67;238;466;197;269
67;151;557;219;338
67;64;527;223;304
67;1544;444;213;231
67;1457;434;206;228
67;1370;513;219;294
67;1283;460;194;266
67;1196;476;207;269
67;1109;457;173;284
67;1022;407;188;219
67;935;367;180;187
67;848;483;218;265
67;761;329;137;192
67;674;467;194;273
67;587;595;217;378
67;500;543;229;314
67;413;501;197;304
67;326;461;192;269
67;239;543;208;335
67;152;524;224;300
67;65;535;216;319
67;1545;425;198;227
67;1458;500;212;288
67;1371;441;186;255
67;1284;467;202;265
67;1197;446;164;282
67;1110;399;182;217
67;1023;356;172;184
67;936;489;215;274
67;849;326;133;193
67;762;454;185;269
67;675;583;208;375
67;588;521;215;306
67;501;484;185;299
67;414;452;188;264
67;327;544;206;338
67;240;513;219;294
67;153;531;214;317
67;66;532;217;315
67;1546;489;205;284
67;1459;429;178;251
67;1372;450;191;259
67;1285;431;155;276
67;1198;383;168;215
67;1111;342;165;177
67;1024;475;205;270
67;937;329;134;195
67;850;443;177;266
67;763;570;202;368
67;676;511;208;303
67;589;471;179;292
67;502;433;178;255
67;415;528;194;334
67;328;504;210;294
67;241;515;200;315
67;154;518;208;310
67;67;483;193;290
67;1547;408;162;246
67;1460;429;178;251
67;1373;422;148;274
67;1286;376;165;211
67;1199;335;158;177
67;1112;469;201;268
67;1025;320;131;189
67;938;431;162;269
67;851;563;196;367
67;764;495;199;296
67;677;456;170;286
67;590;428;174;254
67;503;511;184;327
67;416;486;198;288
67;329;508;191;317
67;242;517;208;309
67;155;475;191;284
67;68;574;243;331
67;1548;421;173;248
67;1461;416;144;272
67;1374;363;155;208
67;1287;326;151;175
67;1200;458;195;263
67;1113;306;126;180
67;1026;424;158;266
67;939;565;191;374
67;852;486;196;290
67;765;446;164;282
67;678;417;168;249
67;591;489;172;317
67;504;466;184;282
67;417;491;177;314
67;330;508;194;314
67;243;464;183;281
67;156;561;238;323
67;69;571;212;359
67;1549;411;143;268
67;1462;354;146;208
67;1375;315;146;169
67;1288;448;191;257
67;1201;301;123;178
67;1114;413;152;261
67;1027;554;185;369
67;940;483;192;291
67;853;439;160;279
67;766;402;159;243
67;679;475;161;314
67;592;447;176;271
67;505;477;170;307
67;418;484;179;305
67;331;445;172;273
67;244;549;232;317
67;157;560;207;353
67;70;504;202;302
67;1550;341;138;203
67;1463;296;135;161
67;1376;436;183;253
67;1289;293;117;176
67;1202;402;143;259
67;1115;539;176;363
67;1028;465;180;285
67;941;442;156;286
67;854;396;157;239
67;767;462;155;307
67;680;433;168;265
67;593;460;162;298
67;506;472;172;300
67;419;432;165;267
67;332;544;224;320
67;245;547;199;348
67;158;490;195;295
67;71;578;234;344
67;1551;284;125;159
67;1464;426;175;251
67;1377;286;112;174
67;1290;387;136;251
67;1203;519;164;355
67;1116;451;171;280
67;1029;434;154;280
67;942;375;138;237
67;855;444;146;298
67;768;420;157;263
67;681;447;156;291
67;594;466;168;298
67;507;412;153;259
67;420;526;212;314
67;333;536;192;344
67;246;468;183;285
67;159;572;231;341
67;72;552;189;363
67;1552;414;168;246
67;1465;274;102;172
67;1378;375;129;246
67;1291;502;157;345
67;1204;426;155;271
67;1117;421;146;275
67;1030;362;132;230
67;943;440;138;302
67;856;394;145;249
67;769;433;146;287
67;682;442;158;284
67;595;400;148;252
67;508;502;195;307
67;421;508;178;330
67;334;450;176;274
67;247;563;226;337
67;160;539;186;353
67;73;481;178;303
67;1553;266;98;168
67;1466;362;120;242
67;1379;487;152;335
67;1292;408;143;265
67;1205;402;134;268
67;1118;350;125;225
67;1031;423;130;293
67;944;373;139;234
67;857;409;133;276
67;770;429;151;278
67;683;378;134;244
67;596;482;183;299
67;509;498;172;326
67;422;432;163;269
67;335;541;214;327
67;248;507;171;336
67;161;460;172;288
67;74;433;146;287
67;1554;345;108;237
67;1467;462;143;319
67;1380;394;138;256
67;1293;389;126;263
67;1206;333;117;216
67;1119;408;118;290
67;1032;361;134;227
67;945;394;125;269
67;858;408;141;267
67;771;365;127;238
67;684;458;170;288
67;597;473;163;310
67;510;413;157;256
67;423;523;203;320
67;336;487;159;328
67;249;432;158;274
67;162;417;137;280
67;75;375;115;260
67;1555;442;135;307
67;1468;387;134;253
67;1381;366;115;251
67;1294;315;109;206
67;1207;395;117;278
67;1120;348;127;221
67;1033;378;116;262
67;946;402;140;262
67;859;351;121;230
67;772;434;155;279
67;685;462;156;306
67;598;392;148;244
67;511;504;193;311
67;424;460;146;314
67;337;411;147;264
67;250;403;127;276
67;163;360;109;251
67;76;340;112;228
67;1556;377;129;248
67;1469;345;106;239
67;1382;306;101;205
67;1295;372;107;265
67;1208;328;115;213
67;1121;359;111;248
67;1034;384;130;254
67;947;352;120;232
67;860;416;150;266
67;773;444;149;295
67;686;372;137;235
67;599;479;183;296
67;512;437;136;301
67;425;389;135;254
67;338;381;113;268
67;251;343;104;239
67;164;332;111;221
67;77;321;90;231
67;1557;330;97;233
67;1470;299;99;200
67;1383;355;104;251
67;1296;314;108;206
67;1209;342;103;239
67;1122;363;118;245
67;1035;344;117;227
67;948;399;144;255
67;861;423;135;288
67;774;351;126;225
67;687;454;170;284
67;600;414;126;288
67;513;372;126;246
67;426;361;106;255
67;339;321;93;228
67;252;312;101;211
67;165;304;81;223
67;78;299;92;207
67;1558;278;89;189
67;1471;335;91;244
67;1384;291;95;196
67;1297;330;101;229
67;1210;346;113;233
67;1123;330;109;221
67;1036;372;133;239
67;949;400;128;272
67;862;325;113;212
67;775;426;157;269
67;688;379;111;268
67;601;344;115;229
67;514;334;94;240
67;427;303;87;216
67;340;295;93;202
67;253;289;71;218
67;166;280;79;201
67;79;288;99;189
67;1559;314;83;231
67;1472;270;88;182
67;1385;313;92;221
67;1298;332;107;225
67;1211;307;101;206
67;1124;344;115;229
67;1037;377;119;258
67;950;310;103;207
67;863;386;144;242
67;776;353;99;254
67;689;318;106;212
67;602;307;86;221
67;515;283;80;203
67;428;272;87;185
67;341;273;65;208
67;254;263;75;188
67;167;276;93;183
67;80;219;79;140
67;1560;251;79;172
67;1473;301;87;214
67;1386;312;97;215
67;1299;288;93;195
67;1212;315;103;212
67;1125;349;105;244
67;1038;288;91;197
67;951;356;132;224
67;864;332;93;239
67;777;294;99;195
67;690;287;80;207
67;603;259;72;187
67;516;245;77;168
67;429;257;60;197
67;342;244;67;177
67;255;253;81;172
67;168;206;76;130
67;81;206;74;132
67;1561;276;77;199
67;1474;294;91;203
67;1387;266;80;186
67;1300;294;95;199
67;1213;323;98;225
67;1126;275;82;193
67;1039;324;117;207
67;952;300;84;216
67;865;272;92;180
67;778;268;74;194
67;691;241;65;176
67;604;227;71;156
67;517;241;58;183
67;430;218;58;160
67;343;237;74;163
67;256;189;67;122
67;169;182;64;118
67;82;190;58;132
67;1562;269;77;192
67;1475;248;73;175
67;1388;264;80;184
67;1301;293;90;203
67;1214;253;72;181
67;1127;298;103;195
67;1040;277;77;200
67;953;250;78;172
67;866;247;69;178
67;779;223;61;162
67;692;201;61;140
67;605;213;51;162
67;518;196;52;144
67;431;214;61;153
67;344;179;62;117
67;257;172;58;114
67;170;170;54;116
67;83;117;32;85
67;1563;233;69;164
67;1476;244;75;169
67;1389;269;83;186
67;1302;230;68;162
67;1215;266;90;176
67;1128;246;68;178
67;1041;231;72;159
67;954;224;63;161
67;867;203;53;150
67;780;177;53;124
67;693;190;43;147
67;606;179;45;134
67;519;195;54;141
67;432;168;58;110
67;345;164;53;111
67;258;155;49;106
67;171;110;29;81
67;84;101;30;71
67;1564;229;71;158
67;1477;251;76;175
67;1390;208;60;148
67;1303;233;74;159
67;1216;218;59;159
67;1129;205;64;141
67;1042;204;56;148
67;955;181;43;138
67;868;155;42;113
67;781;173;40;133
67;694;154;38;116
67;607;169;52;117
67;520;146;51;95
67;433;150;47;103
67;346;133;41;92
67;259;91;26;65
67;172;90;27;63
67;85;108;33;75
67;1565;1014;270;744
67;1478;965;256;709
67;1391;926;247;679
67;1304;893;224;669
67;1217;832;206;626
67;1130;789;193;596
67;1043;734;174;560
67;956;690;167;523
67;869;660;160;500
67;782;623;159;464
67;695;596;160;436
67;608;564;157;407
67;521;560;153;407
67;434;544;140;404
67;347;544;142;402
67;260;559;161;398
67;173;604;173;431
67;86;622;190;432
67;1566;36108;17141;18967
67;1479;37473;17816;19657
67;1392;38595;18372;20223
67;1305;39465;18794;20671
67;1218;40258;19122;21136
67;1131;41055;19468;21587
67;1044;41833;19836;21997
67;957;42710;20222;22488
67;870;44128;20901;23227
67;783;44899;21243;23656
67;696;45488;21511;23977
67;609;46239;21892;24347
67;522;47112;22320;24792
67;435;48338;22971;25367
67;348;49137;23403;25734
67;261;49622;23694;25928
67;174;49951;23844;26107
67;87;50236;23946;26290
68;1480;6853;3563;3290
68;1393;7189;3717;3472
68;1306;6994;3642;3352
68;1219;6759;3475;3284
68;1132;6295;3169;3126
68;1045;6380;3241;3139
68;958;6470;3337;3133
68;871;7200;3675;3525
68;784;6618;3370;3248
68;697;6194;3167;3027
68;610;5576;2851;2725
68;523;5384;2737;2647
68;436;5045;2560;2485
68;349;4782;2472;2310
68;262;4658;2425;2233
68;175;4565;2361;2204
68;88;4469;2301;2168
68;1;5039;2586;2453
68;1481;7321;3780;3541
68;1394;7045;3654;3391
68;1307;6942;3563;3379
68;1220;6442;3255;3187
68;1133;6591;3359;3232
68;1046;6640;3403;3237
68;959;7230;3686;3544
68;872;6813;3470;3343
68;785;6162;3137;3025
68;698;5575;2851;2724
68;611;5353;2725;2628
68;524;4997;2552;2445
68;437;4754;2455;2299
68;350;4669;2440;2229
68;263;4507;2328;2179
68;176;4478;2295;2183
68;89;5030;2588;2442
68;2;5241;2693;2548
68;1482;7124;3693;3431
68;1395;7035;3614;3421
68;1308;6555;3324;3231
68;1221;6686;3397;3289
68;1134;6826;3511;3315
68;1047;7459;3790;3669
68;960;6793;3446;3347
68;873;6261;3161;3100
68;786;5543;2832;2711
68;699;5328;2710;2618
68;612;4955;2538;2417
68;525;4726;2438;2288
68;438;4610;2414;2196
68;351;4488;2320;2168
68;264;4439;2273;2166
68;177;5026;2581;2445
68;90;5225;2680;2545
68;3;5062;2621;2441
68;1483;6955;3583;3372
68;1396;6500;3296;3204
68;1309;6687;3414;3273
68;1222;6799;3519;3280
68;1135;7489;3795;3694
68;1048;6875;3514;3361
68;961;6168;3121;3047
68;874;5617;2862;2755
68;787;5319;2708;2611
68;700;4928;2526;2402
68;613;4707;2430;2277
68;526;4609;2411;2198
68;439;4440;2305;2135
68;352;4410;2256;2154
68;265;4968;2549;2419
68;178;5218;2672;2546
68;91;5059;2622;2437
68;4;5007;2657;2350
68;1484;6397;3255;3142
68;1397;6608;3358;3250
68;1310;6808;3521;3287
68;1223;7424;3774;3650
68;1136;6849;3517;3332
68;1049;6275;3174;3101
68;962;5539;2824;2715
68;875;5315;2688;2627
68;788;4903;2508;2395
68;701;4680;2423;2257
68;614;4602;2405;2197
68;527;4440;2297;2143
68;440;4372;2240;2132
68;353;4950;2544;2406
68;266;5163;2643;2520
68;179;5063;2621;2442
68;92;5001;2653;2348
68;5;5033;2544;2489
68;1485;6522;3311;3211
68;1398;6721;3480;3241
68;1311;7413;3778;3635
68;1224;6793;3485;3308
68;1137;6224;3160;3064
68;1050;5611;2856;2755
68;963;5238;2648;2590
68;876;4977;2518;2459
68;789;4644;2403;2241
68;702;4600;2397;2203
68;615;4439;2294;2145
68;528;4371;2233;2138
68;441;4941;2537;2404
68;354;5145;2639;2506
68;267;5019;2608;2411
68;180;5004;2660;2344
68;93;5031;2540;2491
68;6;5382;2768;2614
68;1486;6686;3449;3237
68;1399;7378;3759;3619
68;1312;6766;3461;3305
68;1225;6190;3149;3041
68;1138;5597;2858;2739
68;1051;5333;2701;2632
68;964;4932;2492;2440
68;877;4689;2420;2269
68;790;4630;2413;2217
68;703;4436;2293;2143
68;616;4348;2217;2131
68;529;4930;2526;2404
68;442;5117;2631;2486
68;355;5006;2602;2404
68;268;4949;2631;2318
68;181;5024;2533;2491
68;94;5366;2748;2618
68;7;5475;2801;2674
68;1487;7292;3710;3582
68;1400;6659;3419;3240
68;1313;6162;3126;3036
68;1226;5537;2822;2715
68;1139;5368;2716;2652
68;1052;4925;2477;2448
68;965;4662;2410;2252
68;878;4455;2312;2143
68;791;4445;2286;2159
68;704;4358;2219;2139
68;617;4956;2550;2406
68;530;5132;2639;2493
68;443;5020;2601;2419
68;356;4939;2633;2306
68;269;4975;2505;2470
68;182;5368;2747;2621
68;95;5484;2812;2672
68;8;6002;3071;2931
68;1488;6572;3374;3198
68;1401;6053;3077;2976
68;1314;5447;2770;2677
68;1227;5327;2675;2652
68;1140;4894;2454;2440
68;1053;4640;2388;2252
68;966;4412;2284;2128
68;879;4336;2224;2112
68;792;4361;2212;2149
68;705;4961;2545;2416
68;618;5128;2639;2489
68;531;5016;2590;2426
68;444;4922;2624;2298
68;357;4999;2522;2477
68;270;5320;2722;2598
68;183;5496;2813;2683
68;96;5985;3061;2924
68;9;6671;3427;3244
68;1489;6019;3056;2963
68;1402;5357;2741;2616
68;1315;5270;2643;2627
68;1228;4862;2439;2423
68;1141;4606;2370;2236
68;1054;4415;2272;2143
68;967;4299;2194;2105
68;880;4334;2196;2138
68;793;4964;2546;2418
68;706;5122;2634;2488
68;619;5039;2598;2441
68;532;4918;2609;2309
68;445;4988;2533;2455
68;358;5320;2725;2595
68;271;5466;2802;2664
68;184;5970;3046;2924
68;97;6658;3409;3249
68;10;6950;3521;3429
68;1490;5336;2738;2598
68;1403;5204;2624;2580
68;1316;4830;2427;2403
68;1229;4603;2371;2232
68;1142;4387;2256;2131
68;1055;4286;2191;2095
68;968;4294;2177;2117
68;881;4702;2411;2291
68;794;5135;2629;2506
68;707;5046;2594;2452
68;620;4935;2616;2319
68;533;5001;2531;2470
68;446;5313;2724;2589
68;359;5454;2796;2658
68;272;5948;3031;2917
68;185;6610;3389;3221
68;98;6938;3503;3435
68;11;7393;3739;3654
68;1491;5158;2599;2559
68;1404;4792;2401;2391
68;1317;4555;2358;2197
68;1230;4392;2271;2121
68;1143;4260;2184;2076
68;1056;4255;2143;2112
68;969;4662;2386;2276
68;882;4950;2543;2407
68;795;5058;2604;2454
68;708;4923;2607;2316
68;621;5001;2537;2464
68;534;5321;2715;2606
68;447;5451;2798;2653
68;360;5936;3033;2903
68;273;6558;3367;3191
68;186;6909;3488;3421
68;99;7324;3694;3630
68;12;7306;3680;3626
68;1492;4745;2388;2357
68;1405;4502;2327;2175
68;1318;4324;2229;2095
68;1231;4233;2168;2065
68;1144;4230;2134;2096
68;1057;4627;2374;2253
68;970;4924;2519;2405
68;883;4986;2541;2445
68;796;4920;2598;2322
68;709;5001;2536;2465
68;622;5330;2712;2618
68;535;5440;2787;2653
68;448;5927;3030;2897
68;361;6546;3350;3196
68;274;6852;3457;3395
68;187;7276;3671;3605
68;100;7234;3641;3593
68;13;7367;3730;3637
68;1493;4469;2319;2150
68;1406;4288;2208;2080
68;1319;4173;2136;2037
68;1232;4205;2122;2083
68;1145;4592;2346;2246
68;1058;4892;2505;2387
68;971;4942;2518;2424
68;884;4882;2579;2303
68;797;4993;2532;2461
68;710;5334;2710;2624
68;623;5428;2771;2657
68;536;5931;3029;2902
68;449;6444;3303;3141
68;362;6811;3438;3373
68;275;7191;3636;3555
68;188;7149;3601;3548
68;101;7245;3669;3576
68;14;7866;4036;3830
68;1494;4284;2201;2083
68;1407;4141;2112;2029
68;1320;4185;2108;2077
68;1233;4576;2334;2242
68;1146;4868;2490;2378
68;1059;4916;2497;2419
68;972;4849;2560;2289
68;885;4931;2507;2424
68;798;5348;2713;2635
68;711;5434;2770;2664
68;624;5934;3038;2896
68;537;6451;3305;3146
68;450;6752;3405;3347
68;363;7118;3600;3518
68;276;7026;3550;3476
68;189;7147;3607;3540
68;102;7776;3975;3801
68;15;8210;4176;4034
68;1495;4173;2129;2044
68;1408;4172;2110;2062
68;1321;4603;2346;2257
68;1234;4888;2507;2381
68;1147;4926;2506;2420
68;1060;4836;2546;2290
68;973;4898;2493;2405
68;886;5280;2696;2584
68;799;5447;2780;2667
68;712;5935;3043;2892
68;625;6429;3290;3139
68;538;6745;3406;3339
68;451;6984;3541;3443
68;364;6958;3525;3433
68;277;7049;3576;3473
68;190;7668;3913;3755
68;103;8117;4113;4004
68;16;7979;4011;3968
68;1496;4137;2078;2059
68;1409;4542;2318;2224
68;1322;4830;2485;2345
68;1235;4884;2483;2401
68;1148;4794;2521;2273
68;1061;4858;2472;2386
68;974;5249;2677;2572
68;887;5314;2707;2607
68;800;5919;3029;2890
68;713;6441;3289;3152
68;626;6746;3413;3333
68;539;6947;3521;3426
68;452;6789;3424;3365
68;365;6934;3512;3422
68;278;7583;3873;3710
68;191;8024;4051;3973
68;104;7923;3982;3941
68;17;8057;4081;3976
68;1497;4510;2299;2211
68;1410;4784;2462;2322
68;1323;4856;2473;2383
68;1236;4770;2503;2267
68;1149;4827;2450;2377
68;1062;5229;2663;2566
68;975;5282;2693;2589
68;888;5810;2940;2870
68;801;6441;3282;3159
68;714;6716;3384;3332
68;627;6882;3498;3384
68;540;6722;3389;3333
68;453;6775;3413;3362
68;366;7464;3810;3654
68;279;7924;4008;3916
68;192;7812;3901;3911
68;105;7961;4024;3937
68;18;7907;4027;3880
68;1498;4767;2458;2309
68;1411;4849;2463;2386
68;1324;4733;2473;2260
68;1237;4839;2449;2390
68;1150;5261;2679;2582
68;1063;5267;2684;2583
68;976;5776;2929;2847
68;889;6577;3284;3293
68;802;6704;3379;3325
68;715;6851;3476;3375
68;628;6685;3377;3308
68;541;6719;3386;3333
68;454;7247;3703;3544
68;367;7784;3937;3847
68;280;7676;3841;3835
68;193;7883;3978;3905
68;106;7903;3988;3915
68;19;8803;4272;4531
68;1499;4732;2402;2330
68;1412;4664;2450;2214
68;1325;4777;2405;2372
68;1238;5206;2625;2581
68;1151;5231;2659;2572
68;1064;5723;2897;2826
68;977;6388;3195;3193
68;890;8648;4122;4526
68;803;6867;3470;3397
68;716;6669;3349;3320
68;629;6678;3352;3326
68;542;7198;3663;3535
68;455;7501;3769;3732
68;368;7531;3771;3760
68;281;7798;3925;3873
68;194;7843;3946;3897
68;107;8723;4187;4536
68;20;10389;4945;5444
68;1500;4631;2438;2193
68;1413;4725;2377;2348
68;1326;5100;2562;2538
68;1239;5186;2623;2563
68;1152;5721;2903;2818
68;1065;6406;3212;3194
68;978;8590;4100;4490
68;891;9105;4301;4804
68;804;6602;3302;3300
68;717;6632;3316;3316
68;630;7137;3639;3498
68;543;7454;3729;3725
68;456;7271;3627;3644
68;369;7724;3876;3848
68;282;7814;3901;3913
68;195;8628;4140;4488
68;108;10263;4850;5413
68;21;10175;4835;5340
68;1501;4661;2346;2315
68;1414;5014;2533;2481
68;1327;5072;2545;2527
68;1240;5713;2886;2827
68;1153;6425;3209;3216
68;1066;8673;4144;4529
68;979;8985;4250;4735
68;892;8762;4142;4620
68;805;6592;3293;3299
68;718;7118;3596;3522
68;631;7378;3700;3678
68;544;7185;3557;3628
68;457;7392;3688;3704
68;370;7763;3842;3921
68;283;8561;4129;4432
68;196;10160;4819;5341
68;109;9932;4699;5233
68;22;9957;4712;5245
68;1502;4957;2500;2457
68;1415;5052;2539;2513
68;1328;5602;2808;2794
68;1241;6407;3193;3214
68;1154;8700;4157;4543
68;1067;9014;4259;4755
68;980;8624;4080;4544
68;893;8833;4188;4645
68;806;7043;3517;3526
68;719;7389;3687;3702
68;632;7124;3514;3610
68;545;7300;3603;3697
68;458;7520;3729;3791
68;371;8430;4050;4380
68;284;10090;4777;5313
68;197;9820;4649;5171
68;110;9705;4572;5133
68;23;9341;4431;4910
68;1503;4930;2494;2436
68;1416;5613;2833;2780
68;1329;6361;3123;3238
68;1242;8713;4147;4566
68;1155;9073;4266;4807
68;1068;8732;4124;4608
68;981;8617;4101;4516
68;894;9085;4370;4715
68;807;7325;3608;3717
68;720;7173;3514;3659
68;633;7298;3575;3723
68;546;7450;3649;3801
68;459;8274;3950;4324
68;372;9982;4720;5262
68;285;9768;4641;5127
68;198;9662;4533;5129
68;111;9176;4331;4845
68;24;9255;4440;4815
68;1504;5534;2797;2737
68;1417;6419;3147;3272
68;1330;8731;4110;4621
68;1243;9174;4299;4875
68;1156;8873;4183;4690
68;1069;8809;4173;4636
68;982;8983;4288;4695
68;895;9555;4537;5018
68;808;7203;3475;3728
68;721;7413;3606;3807
68;634;7522;3632;3890
68;547;8236;3876;4360
68;460;9780;4601;5179
68;373;9744;4611;5133
68;286;9612;4493;5119
68;199;9160;4289;4871
68;112;9043;4311;4732
68;25;8732;4125;4607
68;1505;6467;3143;3324
68;1418;8893;4176;4717
68;1331;9319;4311;5008
68;1244;8971;4227;4744
68;1157;9056;4260;4796
68;1070;9373;4440;4933
68;983;9536;4493;5043
68;896;9552;4490;5062
68;809;7507;3591;3916
68;722;7743;3724;4019
68;635;8290;3849;4441
68;548;9846;4600;5246
68;461;9609;4546;5063
68;374;9568;4490;5078
68;287;9266;4315;4951
68;200;9138;4364;4774
68;113;8614;4077;4537
68;26;8306;3947;4359
68;1506;9115;4263;4852
68;1419;9573;4387;5186
68;1332;9191;4287;4904
68;1245;9273;4341;4932
68;1158;9630;4506;5124
68;1071;9910;4632;5278
68;984;9575;4461;5114
68;897;9739;4602;5137
68;810;7865;3767;4098
68;723;8463;3910;4553
68;636;9949;4603;5346
68;549;9663;4558;5105
68;462;9503;4445;5058
68;375;9330;4320;5010
68;288;9300;4416;4884
68;201;8723;4127;4596
68;114;8217;3875;4342
68;27;8420;3987;4433
68;1507;9800;4487;5313
68;1420;9550;4444;5106
68;1333;9534;4419;5115
68;1246;10010;4654;5356
68;1159;10222;4759;5463
68;1072;9964;4631;5333
68;985;9805;4611;5194
68;898;9899;4775;5124
68;811;8498;3876;4622
68;724;10057;4644;5413
68;637;9789;4591;5198
68;550;9557;4436;5121
68;463;9331;4330;5001
68;376;9511;4513;4998
68;289;8901;4188;4713
68;202;8353;3913;4440
68;115;8369;3923;4446
68;28;8596;4259;4337
68;1508;9809;4564;5245
68;1421;9881;4534;5347
68;1334;10421;4813;5608
68;1247;10551;4897;5654
68;1160;10322;4774;5548
68;1073;10236;4773;5463
68;986;9967;4774;5193
68;899;8976;4295;4681
68;812;10026;4583;5443
68;725;9903;4634;5269
68;638;9691;4475;5216
68;551;9413;4336;5077
68;464;9540;4532;5008
68;377;9054;4255;4799
68;290;8520;3973;4547
68;203;8463;3948;4515
68;116;8533;4199;4334
68;29;9164;4555;4609
68;1509;10248;4738;5510
68;1422;10796;5002;5794
68;1335;10916;5040;5876
68;1248;10705;4925;5780
68;1161;10569;4921;5648
68;1074;10296;4897;5399
68;987;9042;4334;4708
68;900;9026;4359;4667
68;813;9930;4625;5305
68;726;9822;4523;5299
68;639;9517;4381;5136
68;552;9565;4540;5025
68;465;9131;4309;4822
68;378;8672;4031;4641
68;291;8599;3997;4602
68;204;8620;4239;4381
68;117;9074;4501;4573
68;30;9518;4799;4719
68;1510;11075;5152;5923
68;1423;11292;5259;6033
68;1336;11004;5053;5951
68;1249;10877;5070;5807
68;1162;10530;4984;5546
68;1075;9295;4459;4836
68;988;8993;4360;4633
68;901;8754;4276;4478
68;814;9872;4536;5336
68;727;9632;4424;5208
68;640;9640;4578;5062
68;553;9165;4319;4846
68;466;8710;4047;4663
68;379;8694;4026;4668
68;292;8719;4267;4452
68;205;9117;4512;4605
68;118;9399;4733;4666
68;31;9043;4452;4591
68;1511;11517;5411;6106
68;1424;11328;5232;6096
68;1337;11151;5218;5933
68;1250;10813;5143;5670
68;1163;9451;4525;4926
68;1076;9180;4438;4742
68;989;8689;4248;4441
68;902;8703;4180;4523
68;815;9636;4393;5243
68;728;9670;4579;5091
68;641;9197;4314;4883
68;554;8780;4066;4714
68;467;8679;4001;4678
68;380;8756;4270;4486
68;293;9174;4541;4633
68;206;9476;4782;4694
68;119;8936;4404;4532
68;32;8818;4337;4481
68;1512;11531;5378;6153
68;1425;11390;5373;6017
68;1338;10942;5193;5749
68;1251;9627;4638;4989
68;1164;9256;4466;4790
68;1077;8834;4321;4513
68;990;8638;4151;4487
68;903;8594;4136;4458
68;816;9681;4596;5085
68;729;9242;4332;4910
68;642;8814;4080;4734
68;555;8716;4014;4702
68;468;8710;4266;4444
68;381;9197;4535;4662
68;294;9526;4823;4703
68;207;8946;4415;4531
68;120;8681;4240;4441
68;33;8623;4166;4457
68;1513;11533;5492;6041
68;1426;11075;5286;5789
68;1339;9745;4691;5054
68;1252;9360;4534;4826
68;1165;8935;4375;4560
68;1078;8735;4190;4545
68;991;8464;4084;4380
68;904;8502;4121;4381
68;817;9246;4305;4941
68;730;8867;4102;4765
68;643;8753;4018;4735
68;556;8711;4238;4473
68;469;9105;4479;4626
68;382;9537;4825;4712
68;295;8952;4401;4551
68;208;8684;4236;4448
68;121;8538;4103;4435
68;34;8445;4054;4391
68;1514;11212;5436;5776
68;1427;9815;4756;5059
68;1340;9332;4523;4809
68;1253;9016;4433;4583
68;1166;8756;4203;4553
68;1079;8539;4127;4412
68;992;8360;4043;4317
68;905;8267;3985;4282
68;818;8801;4052;4749
68;731;8771;4020;4751
68;644;8707;4236;4471
68;557;9098;4458;4640
68;470;9433;4760;4673
68;383;8967;4396;4571
68;296;8708;4255;4453
68;209;8499;4100;4399
68;122;8381;4019;4362
68;35;8669;4169;4500
68;1515;9893;4837;5056
68;1428;9342;4567;4775
68;1341;8929;4373;4556
68;1254;8787;4247;4540
68;1167;8563;4137;4426
68;1080;8342;4058;4284
68;993;8138;3922;4216
68;906;7883;3664;4219
68;819;8717;3996;4721
68;732;8661;4198;4463
68;645;9083;4421;4662
68;558;9409;4723;4686
68;471;8873;4331;4542
68;384;8661;4232;4429
68;297;8481;4107;4374
68;210;8334;3993;4341
68;123;8558;4096;4462
68;36;8453;4036;4417
68;1516;9382;4615;4767
68;1429;8900;4387;4513
68;1342;8702;4183;4519
68;1255;8632;4197;4435
68;1168;8347;4032;4315
68;1081;8153;3959;4194
68;994;7792;3605;4187
68;907;7883;3710;4173
68;820;8583;4139;4444
68;733;9050;4408;4642
68;646;9393;4716;4677
68;559;8820;4304;4516
68;472;8589;4193;4396
68;385;8381;4080;4301
68;298;8276;3955;4321
68;211;8512;4077;4435
68;124;8364;3988;4376
68;37;8724;4093;4631
68;1517;8933;4446;4487
68;1430;8687;4194;4493
68;1343;8575;4142;4433
68;1256;8377;4049;4328
68;1169;8166;3955;4211
68;1082;7811;3597;4214
68;995;7763;3641;4122
68;908;7670;3682;3988
68;821;8990;4361;4629
68;734;9395;4717;4678
68;647;8777;4275;4502
68;560;8557;4175;4382
68;473;8259;4006;4253
68;386;8168;3902;4266
68;299;8427;4045;4382
68;212;8298;3952;4346
68;125;8605;4013;4592
68;38;9323;4487;4836
68;1518;8647;4203;4444
68;1431;8494;4133;4361
68;1344;8293;4004;4289
68;1257;8152;3940;4212
68;1170;7782;3577;4205
68;1083;7782;3670;4112
68;996;7581;3634;3947
68;909;7751;3694;4057
68;822;9336;4655;4681
68;735;8770;4249;4521
68;648;8483;4130;4353
68;561;8248;3992;4256
68;474;8052;3840;4212
68;387;8322;3985;4337
68;300;8232;3928;4304
68;213;8547;3992;4555
68;126;9212;4421;4791
68;39;9428;4347;5081
68;1519;8470;4125;4345
68;1432;8215;3960;4255
68;1345;8021;3844;4177
68;1258;7787;3588;4199
68;1171;7744;3666;4078
68;1084;7601;3666;3935
68;997;7610;3612;3998
68;910;8000;3878;4122
68;823;8701;4197;4504
68;736;8487;4136;4351
68;649;8199;3956;4243
68;562;8000;3803;4197
68;475;8222;3924;4298
68;388;8148;3894;4254
68;301;8427;3962;4465
68;214;9141;4401;4740
68;127;9260;4243;5017
68;40;9739;4499;5240
68;1520;8198;3996;4202
68;1433;7951;3828;4123
68;1346;7703;3521;4182
68;1259;7691;3627;4064
68;1172;7566;3644;3922
68;1085;7548;3585;3963
68;998;7835;3775;4060
68;911;7491;3508;3983
68;824;8395;4059;4336
68;737;8171;3937;4234
68;650;7943;3778;4165
68;563;8167;3901;4266
68;476;8008;3806;4202
68;389;8317;3907;4410
68;302;9051;4362;4689
68;215;9187;4215;4972
68;128;9591;4410;5181
68;41;9324;4166;5158
68;1521;7947;3834;4113
68;1434;7610;3488;4122
68;1347;7619;3559;4060
68;1260;7528;3635;3893
68;1173;7514;3572;3942
68;1086;7782;3738;4044
68;999;7398;3457;3941
68;912;7333;3474;3859
68;825;8080;3862;4218
68;738;7934;3764;4170
68;651;8102;3863;4239
68;564;7959;3777;4182
68;477;8195;3836;4359
68;390;8939;4292;4647
68;303;9078;4172;4906
68;216;9546;4406;5140
68;129;9208;4110;5098
68;42;9501;4314;5187
68;1522;7564;3467;4097
68;1435;7546;3523;4023
68;1348;7389;3530;3859
68;1261;7513;3583;3930
68;1174;7740;3711;4029
68;1087;7374;3446;3928
68;1000;7206;3407;3799
68;913;7104;3318;3786
68;826;7825;3662;4163
68;739;8040;3822;4218
68;652;7878;3724;4154
68;565;8126;3784;4342
68;478;8775;4191;4584
68;391;8969;4110;4859
68;304;9407;4347;5060
68;217;9161;4082;5079
68;130;9437;4285;5152
68;43;8845;3914;4931
68;1523;7505;3507;3998
68;1436;7297;3494;3803
68;1349;7411;3501;3910
68;1262;7709;3673;4036
68;1175;7302;3414;3888
68;1088;7179;3392;3787
68;1001;6979;3262;3717
68;914;6896;3154;3742
68;827;7937;3739;4198
68;740;7834;3683;4151
68;653;8050;3731;4319
68;566;8694;4142;4552
68;479;8823;4038;4785
68;392;9305;4285;5020
68;305;9074;4031;5043
68;218;9371;4253;5118
68;131;8826;3928;4898
68;44;8421;3769;4652
68;1524;7252;3504;3748
68;1437;7357;3496;3861
68;1350;7545;3564;3981
68;1263;7280;3394;3886
68;1176;7156;3380;3776
68;1089;6936;3233;3703
68;1002;6787;3093;3694
68;915;7038;3242;3796
68;828;7752;3602;4150
68;741;7997;3699;4298
68;654;8597;4075;4522
68;567;8721;3970;4751
68;480;9200;4222;4978
68;393;8990;3984;5006
68;306;9243;4181;5062
68;219;8775;3907;4868
68;132;8312;3713;4599
68;45;8327;3850;4477
68;1525;7323;3488;3835
68;1438;7397;3490;3907
68;1351;7151;3311;3840
68;1264;7105;3352;3753
68;1177;6837;3161;3676
68;1090;6692;3042;3650
68;1003;6894;3172;3722
68;916;6883;3108;3775
68;829;7875;3604;4271
68;742;8496;4008;4488
68;655;8613;3901;4712
68;568;9116;4184;4932
68;481;8952;3960;4992
68;394;9137;4130;5007
68;307;8686;3867;4819
68;220;8264;3689;4575
68;133;8170;3759;4411
68;46;8059;3633;4426
68;1526;7379;3512;3867
68;1439;7069;3266;3803
68;1352;6977;3253;3724
68;1265;6744;3101;3643
68;1178;6598;2980;3618
68;1091;6851;3164;3687
68;1004;6779;3042;3737
68;917;7123;3196;3927
68;830;8381;3914;4467
68;743;8518;3832;4686
68;656;9033;4131;4902
68;569;8927;3946;4981
68;482;9042;4087;4955
68;395;8629;3821;4808
68;308;8206;3670;4536
68;221;8103;3722;4381
68;134;7935;3567;4368
68;47;7566;3335;4231
68;1527;6995;3228;3767
68;1440;6884;3201;3683
68;1353;6674;3060;3614
68;1266;6559;2951;3608
68;1179;6796;3127;3669
68;1092;6750;3034;3716
68;1005;6990;3120;3870
68;918;7557;3431;4126
68;831;8438;3769;4669
68;744;8962;4079;4883
68;657;8865;3897;4968
68;570;8956;4032;4924
68;483;8586;3792;4794
68;396;8140;3630;4510
68;309;8026;3682;4344
68;222;7866;3523;4343
68;135;7542;3332;4210
68;48;7401;3216;4185
68;1528;6826;3168;3658
68;1441;6612;3044;3568
68;1354;6459;2885;3574
68;1267;6721;3082;3639
68;1180;6688;3002;3686
68;1093;6928;3090;3838
68;1006;7460;3368;4092
68;919;7655;3364;4291
68;832;8856;4002;4854
68;745;8830;3882;4948
68;658;8866;3973;4893
68;571;8526;3737;4789
68;484;8061;3609;4452
68;397;7894;3600;4294
68;310;7792;3475;4317
68;223;7482;3293;4189
68;136;7267;3145;4122
68;49;7865;3499;4366
68;1529;6553;3012;3541
68;1442;6349;2814;3535
68;1355;6632;3024;3608
68;1268;6637;2965;3672
68;1181;6876;3073;3803
68;1094;7370;3317;4053
68;1007;7519;3292;4227
68;920;8122;3594;4528
68;833;8756;3834;4922
68;746;8792;3922;4870
68;659;8439;3675;4764
68;572;8016;3587;4429
68;485;7766;3510;4256
68;398;7671;3392;4279
68;311;7398;3246;4152
68;224;7170;3098;4072
68;137;7734;3436;4298
68;50;7757;3437;4320
68;1530;6322;2809;3513
68;1443;6548;2987;3561
68;1356;6529;2884;3645
68;1269;6802;3028;3774
68;1182;7294;3266;4028
68;1095;7414;3245;4169
68;1008;8008;3525;4483
68;921;8229;3526;4703
68;834;8698;3843;4855
68;747;8362;3606;4756
68;660;7946;3539;4407
68;573;7686;3460;4226
68;486;7581;3344;4237
68;399;7319;3204;4115
68;312;7084;3036;4048
68;225;7638;3385;4253
68;138;7628;3350;4278
68;51;7481;3275;4206
68;1531;6470;2958;3512
68;1444;6442;2850;3592
68;1357;6712;2962;3750
68;1270;7212;3220;3992
68;1183;7363;3210;4153
68;1096;7898;3457;4441
68;1009;8126;3468;4658
68;922;8003;3451;4552
68;835;8283;3542;4741
68;748;7828;3447;4381
68;661;7589;3391;4198
68;574;7476;3271;4205
68;487;7214;3135;4079
68;400;6993;2993;4000
68;313;7529;3323;4206
68;226;7529;3303;4226
68;139;7332;3199;4133
68;52;7497;3126;4371
68;1532;6387;2815;3572
68;1445;6623;2927;3696
68;1358;7111;3154;3957
68;1271;7298;3168;4130
68;1184;7804;3403;4401
68;1097;8014;3383;4631
68;1010;7887;3385;4502
68;923;7968;3403;4565
68;836;7752;3380;4372
68;749;7502;3332;4170
68;662;7387;3225;4162
68;575;7127;3090;4037
68;488;6892;2934;3958
68;401;7428;3263;4165
68;314;7368;3231;4137
68;227;7232;3146;4086
68;140;7455;3101;4354
68;53;6812;2828;3984
68;1533;6560;2896;3664
68;1446;7012;3111;3901
68;1359;7199;3098;4101
68;1272;7755;3359;4396
68;1185;7915;3325;4590
68;1098;7827;3347;4480
68;1011;7866;3354;4512
68;924;7279;3124;4155
68;837;7444;3283;4161
68;750;7299;3163;4136
68;663;7021;3000;4021
68;576;6836;2892;3944
68;489;7291;3187;4104
68;402;7245;3160;4085
68;315;7126;3084;4042
68;228;7395;3078;4317
68;141;6749;2806;3943
68;54;6283;2672;3611
68;1534;6916;3057;3859
68;1447;7064;3002;4062
68;1360;7629;3275;4354
68;1273;7851;3285;4566
68;1186;7735;3283;4452
68;1099;7750;3292;4458
68;1012;7135;3048;4087
68;925;6774;2878;3896
68;838;7241;3116;4125
68;751;6945;2951;3994
68;664;6746;2842;3904
68;577;7193;3104;4089
68;490;7125;3090;4035
68;403;7019;3021;3998
68;316;7324;3033;4291
68;229;6681;2761;3920
68;142;6164;2632;3532
68;55;5780;2365;3415
68;1535;6993;2961;4032
68;1448;7541;3222;4319
68;1361;7685;3200;4485
68;1274;7624;3213;4411
68;1187;7649;3225;4424
68;1100;7054;3012;4042
68;1013;6658;2817;3841
68;926;6605;2739;3866
68;839;6848;2891;3957
68;752;6662;2782;3880
68;665;7090;3031;4059
68;578;7020;3022;3998
68;491;6929;2969;3960
68;404;7222;2959;4263
68;317;6588;2705;3883
68;230;6086;2579;3507
68;143;5667;2313;3354
68;56;6029;2460;3569
68;1536;7446;3161;4285
68;1449;7559;3123;4436
68;1362;7490;3124;4366
68;1275;7534;3142;4392
68;1188;6949;2944;4005
68;1101;6559;2757;3802
68;1014;6483;2672;3811
68;927;6418;2715;3703
68;840;6557;2715;3842
68;753;6992;2965;4027
68;666;6878;2933;3945
68;579;6814;2902;3912
68;492;7139;2895;4244
68;405;6486;2642;3844
68;318;6007;2527;3480
68;231;5587;2268;3319
68;144;5898;2402;3496
68;57;5206;2163;3043
68;1537;7458;3058;4400
68;1450;7379;3049;4330
68;1363;7417;3045;4372
68;1276;6832;2871;3961
68;1189;6483;2702;3781
68;1102;6397;2611;3786
68;1015;6327;2664;3663
68;928;5953;2365;3588
68;841;6912;2899;4013
68;754;6786;2868;3918
68;667;6705;2823;3882
68;580;7034;2831;4203
68;493;6405;2579;3826
68;406;5907;2455;3452
68;319;5488;2201;3287
68;232;5800;2345;3455
68;145;5096;2120;2976
68;58;5572;2316;3256
68;1538;7276;2981;4295
68;1451;7308;2982;4326
68;1364;6766;2828;3938
68;1277;6409;2660;3749
68;1190;6296;2541;3755
68;1103;6234;2593;3641
68;1016;5852;2308;3544
68;929;6299;2558;3741
68;842;6711;2814;3897
68;755;6608;2758;3850
68;668;6953;2754;4199
68;581;6305;2515;3790
68;494;5838;2416;3422
68;407;5380;2147;3233
68;320;5719;2293;3426
68;233;4996;2061;2935
68;146;5442;2259;3183
68;59;5952;2509;3443
68;1539;7224;2934;4290
68;1452;6640;2746;3894
68;1365;6295;2591;3704
68;1278;6189;2470;3719
68;1191;6143;2539;3604
68;1104;5752;2258;3494
68;1017;6203;2498;3705
68;930;6114;2488;3626
68;843;6489;2668;3821
68;756;6818;2667;4151
68;669;6197;2448;3749
68;582;5738;2349;3389
68;495;5293;2087;3206
68;408;5604;2228;3376
68;321;4935;2013;2922
68;234;5357;2214;3143
68;147;5824;2449;3375
68;60;5725;2490;3235
68;1540;6561;2685;3876
68;1453;6182;2520;3662
68;1366;6085;2402;3683
68;1279;6058;2474;3584
68;1192;5674;2198;3476
68;1105;6114;2440;3674
68;1018;6000;2410;3590
68;931;5898;2401;3497
68;844;6724;2601;4123
68;757;6104;2387;3717
68;670;5618;2264;3354
68;583;5203;2032;3171
68;496;5506;2166;3340
68;409;4857;1970;2887
68;322;5237;2138;3099
68;235;5732;2392;3340
68;148;5661;2447;3214
68;61;5901;2450;3451
68;1541;6096;2455;3641
68;1454;5996;2328;3668
68;1367;5976;2407;3569
68;1280;5599;2149;3450
68;1193;6029;2385;3644
68;1106;5901;2353;3548
68;1019;5798;2343;3455
68;932;6321;2421;3900
68;845;6003;2324;3679
68;758;5516;2192;3324
68;671;5087;1955;3132
68;584;5418;2104;3314
68;497;4779;1912;2867
68;410;5117;2074;3043
68;323;5632;2339;3293
68;236;5556;2386;3170
68;149;5863;2420;3443
68;62;5860;2420;3440
68;1542;5946;2293;3653
68;1455;5863;2340;3523
68;1368;5507;2082;3425
68;1281;5920;2319;3601
68;1194;5804;2294;3510
68;1107;5691;2268;3423
68;1020;6205;2346;3859
68;933;5709;2218;3491
68;846;5431;2131;3300
68;759;4994;1885;3109
68;672;5318;2035;3283
68;585;4688;1850;2838
68;498;5035;2017;3018
68;411;5529;2275;3254
68;324;5463;2322;3141
68;237;5816;2373;3443
68;150;5833;2385;3448
68;63;5855;2382;3473
68;1543;5771;2280;3491
68;1456;5401;2004;3397
68;1369;5822;2253;3569
68;1282;5700;2225;3475
68;1195;5579;2206;3373
68;1108;6110;2286;3824
68;1021;5581;2135;3446
68;934;5238;2047;3191
68;847;4928;1838;3090
68;760;5218;1966;3252
68;673;4609;1790;2819
68;586;4951;1955;2996
68;499;5449;2220;3229
68;412;5333;2240;3093
68;325;5731;2326;3405
68;238;5779;2349;3430
68;151;5823;2350;3473
68;64;5554;2264;3290
68;1544;5323;1954;3369
68;1457;5715;2189;3526
68;1370;5593;2154;3439
68;1283;5472;2136;3336
68;1196;5998;2217;3781
68;1109;5460;2062;3398
68;1022;5113;1971;3142
68;935;4749;1779;2970
68;848;5130;1903;3227
68;761;4525;1736;2789
68;674;4871;1897;2974
68;587;5318;2137;3181
68;500;5265;2193;3072
68;413;5611;2248;3363
68;326;5693;2287;3406
68;239;5748;2303;3445
68;152;5499;2207;3292
68;65;5269;2095;3174
68;1545;5577;2094;3483
68;1458;5479;2086;3393
68;1371;5358;2078;3280
68;1284;5861;2136;3725
68;1197;5328;1983;3345
68;1110;4980;1879;3101
68;1023;4658;1718;2940
68;936;4763;1735;3028
68;849;4454;1680;2774
68;762;4761;1834;2927
68;675;5200;2061;3139
68;588;5151;2128;3023
68;501;5497;2174;3323
68;414;5571;2217;3354
68;327;5705;2250;3455
68;240;5439;2162;3277
68;153;5196;2059;3137
68;66;4844;1943;2901
68;1546;5374;2017;3357
68;1459;5236;1999;3237
68;1372;5739;2064;3675
68;1285;5212;1910;3302
68;1198;4871;1802;3069
68;1111;4561;1661;2900
68;1024;4648;1663;2985
68;937;4004;1467;2537
68;850;4698;1782;2916
68;763;5082;1981;3101
68;676;5044;2051;2993
68;589;5379;2096;3283
68;502;5446;2137;3309
68;415;5602;2182;3420
68;328;5341;2074;3267
68;241;5135;2020;3115
68;154;4765;1890;2875
68;67;4345;1685;2660
68;1547;5128;1938;3190
68;1460;5619;1987;3632
68;1373;5063;1816;3247
68;1286;4767;1739;3028
68;1199;4436;1589;2847
68;1112;4545;1605;2940
68;1025;3914;1411;2503
68;938;4292;1622;2670
68;851;4998;1913;3085
68;764;4935;1979;2956
68;677;5277;2023;3254
68;590;5314;2054;3260
68;503;5487;2115;3372
68;416;5224;2001;3223
68;329;5057;1941;3116
68;242;4698;1845;2853
68;155;4292;1660;2632
68;68;4555;1865;2690
68;1548;5509;1905;3604
68;1461;4952;1756;3196
68;1374;4633;1655;2978
68;1287;4347;1525;2822
68;1200;4449;1536;2913
68;1113;3842;1373;2469
68;1026;4193;1566;2627
68;939;4650;1761;2889
68;852;4830;1911;2919
68;765;5169;1953;3216
68;678;5203;1980;3223
68;591;5371;2043;3328
68;504;5131;1939;3192
68;417;4958;1874;3084
68;330;4618;1773;2845
68;243;4202;1593;2609
68;156;4489;1823;2666
68;69;4535;1842;2693
68;1549;4837;1692;3145
68;1462;4502;1581;2921
68;1375;4231;1454;2777
68;1288;4333;1468;2865
68;1201;3752;1324;2428
68;1114;4074;1492;2582
68;1027;4542;1701;2841
68;940;4500;1759;2741
68;853;5051;1881;3170
68;766;5084;1898;3186
68;679;5236;1950;3286
68;592;4995;1855;3140
68;505;4842;1806;3036
68;418;4475;1683;2792
68;331;4106;1527;2579
68;244;4388;1752;2636
68;157;4473;1793;2680
68;70;4285;1648;2637
68;1550;4388;1512;2876
68;1463;4127;1391;2736
68;1376;4210;1382;2828
68;1289;3669;1278;2391
68;1202;3991;1433;2558
68;1115;4422;1626;2796
68;1028;4373;1684;2689
68;941;4750;1771;2979
68;854;4948;1804;3144
68;767;5115;1880;3235
68;680;4852;1770;3082
68;593;4740;1742;2998
68;506;4372;1620;2752
68;419;3993;1472;2521
68;332;4268;1670;2598
68;245;4378;1728;2650
68;158;4243;1614;2629
68;71;4337;1756;2581
68;1551;4037;1330;2707
68;1464;4086;1317;2769
68;1377;3586;1225;2361
68;1290;3867;1363;2504
68;1203;4291;1545;2746
68;1116;4268;1615;2653
68;1029;4607;1684;2923
68;942;4637;1699;2938
68;855;4997;1818;3179
68;768;4692;1681;3011
68;681;4622;1666;2956
68;594;4239;1541;2698
68;507;3883;1408;2475
68;420;4124;1601;2523
68;333;4293;1662;2631
68;246;4118;1543;2575
68;159;4259;1707;2552
68;72;4066;1591;2475
68;1552;3977;1266;2711
68;1465;3483;1170;2313
68;1378;3760;1305;2455
68;1291;4144;1463;2681
68;1204;4124;1534;2590
68;1117;4503;1628;2875
68;1030;4504;1608;2896
68;943;4842;1783;3059
68;856;4554;1607;2947
68;769;4508;1600;2908
68;682;4121;1467;2654
68;595;3786;1361;2425
68;508;3985;1522;2463
68;421;4158;1589;2569
68;334;4004;1467;2537
68;247;4128;1630;2498
68;160;3995;1566;2429
68;73;4084;1530;2554
68;1553;3394;1130;2264
68;1466;3625;1231;2394
68;1379;4034;1395;2639
68;1292;4015;1468;2547
68;1205;4394;1561;2833
68;1118;4379;1534;2845
68;1031;4696;1698;2998
68;944;4479;1577;2902
68;857;4388;1517;2871
68;770;3980;1395;2585
68;683;3644;1267;2377
68;596;3852;1442;2410
68;509;4044;1530;2514
68;422;3876;1385;2491
68;335;4055;1571;2484
68;248;3851;1491;2360
68;161;3980;1482;2498
68;74;3775;1375;2400
68;1554;3519;1177;2342
68;1467;3925;1341;2584
68;1380;3879;1385;2494
68;1293;4277;1489;2788
68;1206;4246;1475;2771
68;1119;4543;1628;2915
68;1032;4322;1497;2825
68;945;4277;1459;2818
68;858;3845;1321;2524
68;771;3512;1201;2311
68;684;3721;1373;2348
68;597;3892;1443;2449
68;510;3752;1322;2430
68;423;3885;1467;2418
68;336;3742;1406;2336
68;249;3878;1406;2472
68;162;3698;1328;2370
68;75;3273;1010;2263
68;1555;3802;1277;2525
68;1468;3757;1319;2438
68;1381;4142;1417;2725
68;1294;4102;1393;2709
68;1207;4383;1538;2845
68;1120;4172;1417;2755
68;1033;4140;1402;2738
68;946;3754;1293;2461
68;859;3363;1122;2241
68;772;3570;1283;2287
68;685;3741;1370;2371
68;598;3597;1244;2353
68;511;3720;1390;2330
68;424;3580;1326;2254
68;337;3738;1319;2419
68;250;3558;1259;2299
68;163;3173;966;2207
68;76;3066;846;2220
68;1556;3622;1243;2379
68;1469;3997;1332;2665
68;1382;3957;1321;2636
68;1295;4234;1463;2771
68;1208;4026;1336;2690
68;1121;3995;1331;2664
68;1034;3608;1213;2395
68;947;3272;1080;2192
68;860;3410;1198;2212
68;773;3574;1283;2291
68;686;3457;1168;2289
68;599;3584;1308;2276
68;512;3414;1245;2169
68;425;3579;1233;2346
68;338;3422;1188;2234
68;251;3048;916;2132
68;164;2991;818;2173
68;77;2684;704;1980
68;1557;3859;1266;2593
68;1470;3794;1234;2560
68;1383;4058;1370;2688
68;1296;3865;1251;2614
68;1209;3866;1271;2595
68;1122;3457;1134;2323
68;1035;3146;1023;2123
68;948;3162;1091;2071
68;861;3419;1200;2219
68;774;3308;1090;2218
68;687;3406;1208;2198
68;600;3270;1162;2108
68;513;3426;1164;2262
68;426;3268;1111;2157
68;339;2942;852;2090
68;252;2876;764;2112
68;165;2581;670;1911
68;78;2378;594;1784
68;1558;3660;1186;2474
68;1471;3902;1297;2605
68;1384;3693;1174;2519
68;1297;3710;1198;2512
68;1210;3301;1053;2248
68;1123;2994;940;2054
68;1036;3014;1011;2003
68;949;3326;1134;2192
68;862;3151;1021;2130
68;775;3274;1146;2128
68;688;3117;1086;2031
68;601;3250;1080;2170
68;514;3101;1038;2063
68;427;2786;795;1991
68;340;2783;726;2057
68;253;2465;621;1844
68;166;2312;567;1745
68;79;2047;537;1510
68;1559;3737;1209;2528
68;1472;3522;1089;2433
68;1385;3523;1120;2403
68;1298;3149;985;2164
68;1211;2859;883;1976
68;1124;2856;932;1924
68;1037;3157;1046;2111
68;950;2997;979;2018
68;863;3074;1037;2037
68;776;2948;1011;1937
68;689;3080;1008;2072
68;602;2904;950;1954
68;515;2632;726;1906
68;428;2627;662;1965
68;341;2334;563;1771
68;254;2200;532;1668
68;167;1975;513;1462
68;80;1645;464;1181
68;1560;3344;1007;2337
68;1473;3340;1022;2318
68;1386;2991;927;2064
68;1299;2711;823;1888
68;1212;2671;858;1813
68;1125;2977;971;2006
68;1038;2829;907;1922
68;951;2912;972;1940
68;864;2781;919;1862
68;777;2912;932;1980
68;690;2725;867;1858
68;603;2469;663;1806
68;516;2467;612;1855
68;429;2185;520;1665
68;342;2051;463;1588
68;255;1840;463;1377
68;168;1564;439;1125
68;81;1328;359;969
68;1561;3174;953;2221
68;1474;2849;862;1987
68;1387;2532;752;1780
68;1300;2507;789;1718
68;1213;2775;864;1911
68;1126;2644;826;1818
68;1039;2708;894;1814
68;952;2593;866;1727
68;865;2726;854;1872
68;778;2539;783;1756
68;691;2321;608;1713
68;604;2286;544;1742
68;517;2039;470;1569
68;430;1925;417;1508
68;343;1713;415;1298
68;256;1450;387;1063
68;169;1245;337;908
68;82;1077;296;781
68;1562;2650;780;1870
68;1475;2381;695;1686
68;1388;2359;722;1637
68;1301;2573;786;1787
68;1214;2466;754;1712
68;1127;2520;828;1692
68;1040;2401;778;1623
68;953;2556;782;1774
68;866;2364;708;1656
68;779;2139;552;1587
68;692;2095;477;1618
68;605;1863;417;1446
68;518;1770;362;1408
68;431;1587;385;1202
68;344;1370;359;1011
68;257;1168;295;873
68;170;999;271;728
68;83;818;229;589
68;1563;2226;638;1588
68;1476;2210;652;1558
68;1389;2365;702;1663
68;1302;2278;684;1594
68;1215;2319;755;1564
68;1128;2207;709;1498
68;1041;2356;722;1634
68;954;2170;660;1510
68;867;1943;495;1448
68;780;1940;427;1513
68;693;1717;367;1350
68;606;1606;317;1289
68;519;1439;346;1093
68;432;1264;315;949
68;345;1068;263;805
68;258;924;228;696
68;171;764;210;554
68;84;638;191;447
68;1564;2057;593;1464
68;1477;2170;635;1535
68;1390;2084;603;1481
68;1303;2148;693;1455
68;1216;2001;638;1363
68;1129;2154;659;1495
68;1042;1983;585;1398
68;955;1860;471;1389
68;868;1758;369;1389
68;781;1569;326;1243
68;694;1449;281;1168
68;607;1320;314;1006
68;520;1147;284;863
68;433;966;239;727
68;346;820;195;625
68;259;695;186;509
68;172;581;161;420
68;85;640;159;481
68;1565;10925;2848;8077
68;1478;10442;2708;7734
68;1391;10069;2596;7473
68;1304;9569;2366;7203
68;1217;9134;2206;6928
68;1130;8347;1911;6436
68;1043;7632;1661;5971
68;956;6956;1482;5474
68;869;6418;1313;5105
68;782;5835;1243;4592
68;695;5275;1192;4083
68;608;4678;1100;3578
68;521;4407;1013;3394
68;434;4246;1010;3236
68;347;3992;945;3047
68;260;4103;1039;3064
68;173;4081;1019;3062
68;86;4151;1017;3134
68;1566;547484;246324;301160
68;1479;545280;244437;300843
68;1392;543493;243054;300439
68;1305;542626;243206;299420
68;1218;539707;241732;297975
68;1131;537152;240662;296490
68;1044;533279;238785;294494
68;957;536127;240186;295941
68;870;543191;243763;299428
68;783;542969;244653;298316
68;696;541596;244449;297147
68;609;541732;245118;296614
68;522;542525;246032;296493
68;435;546773;248292;298481
68;348;548729;249384;299345
68;261;550213;250346;299867
68;174;550924;250806;300118
68;87;554281;252705;301576
69;1480;1015;522;493
69;1393;1056;544;512
69;1306;1080;576;504
69;1219;983;531;452
69;1132;1017;515;502
69;1045;1067;553;514
69;958;1026;527;499
69;871;1227;596;631
69;784;1122;586;536
69;697;1039;538;501
69;610;1001;516;485
69;523;933;461;472
69;436;943;472;471
69;349;907;463;444
69;262;780;407;373
69;175;817;422;395
69;88;902;462;440
69;1;928;498;430
69;1481;1010;524;486
69;1394;1067;579;488
69;1307;927;504;423
69;1220;988;495;493
69;1133;993;507;486
69;1046;954;489;465
69;959;1214;597;617
69;872;1334;690;644
69;785;1045;543;502
69;698;1003;514;489
69;611;951;470;481
69;524;956;472;484
69;437;922;470;452
69;350;782;407;375
69;263;856;444;412
69;176;920;480;440
69;89;944;503;441
69;2;963;506;457
69;1482;1005;552;453
69;1395;839;460;379
69;1308;904;460;444
69;1221;940;478;462
69;1134;890;452;438
69;1047;1099;543;556
69;960;1319;688;631
69;873;1186;595;591
69;786;988;508;480
69;699;963;478;485
69;612;976;488;488
69;525;922;475;447
69;438;791;412;379
69;351;862;451;411
69;264;938;490;448
69;177;968;512;456
69;90;981;514;467
69;3;932;459;473
69;1483;871;471;400
69;1396;923;473;450
69;1309;933;471;462
69;1222;927;463;464
69;1135;1069;525;544
69;1048;1275;650;625
69;961;1207;597;610
69;874;1123;569;554
69;787;972;486;486
69;700;995;498;497
69;613;932;476;456
69;526;802;414;388
69;439;879;464;415
69;352;947;497;450
69;265;988;520;468
69;178;993;522;471
69;91;945;470;475
69;4;984;528;456
69;1484;949;473;476
69;1397;947;497;450
69;1310;917;465;452
69;1223;1108;546;562
69;1136;1280;646;634
69;1049;1154;565;589
69;962;1137;574;563
69;875;1097;556;541
69;788;1014;508;506
69;701;965;498;467
69;614;807;411;396
69;527;886;463;423
69;440;949;495;454
69;353;996;525;471
69;266;1018;530;488
69;179;961;478;483
69;92;988;526;462
69;5;982;529;453
69;1485;954;504;450
69;1398;932;472;460
69;1311;1096;533;563
69;1224;1312;659;653
69;1137;1140;559;581
69;1050;1091;555;536
69;963;1110;558;552
69;876;1064;517;547
69;789;993;504;489
69;702;830;425;405
69;615;896;467;429
69;528;965;504;461
69;441;1008;532;476
69;354;1036;542;494
69;267;984;491;493
69;180;1001;526;475
69;93;987;535;452
69;6;1007;516;491
69;1486;932;475;457
69;1399;1100;542;558
69;1312;1290;651;639
69;1225;1145;558;587
69;1138;1078;546;532
69;1051;1064;536;528
69;964;1078;527;551
69;877;1037;533;504
69;790;840;434;406
69;703;916;476;440
69;616;980;514;466
69;529;1025;545;480
69;442;1061;555;506
69;355;1000;500;500
69;268;1039;550;489
69;181;1005;550;455
69;94;1020;526;494
69;7;1008;516;492
69;1487;1154;568;586
69;1400;1335;666;669
69;1313;1148;563;585
69;1226;1121;566;555
69;1139;1048;530;518
69;1052;1077;532;545
69;965;1036;537;499
69;878;1011;515;496
69;791;921;480;441
69;704;997;520;477
69;617;1035;552;483
69;530;1064;555;509
69;443;1007;506;501
69;356;1056;556;500
69;269;1040;569;471
69;182;1033;534;499
69;95;1013;513;500
69;8;1162;614;548
69;1488;1375;686;689
69;1401;1190;575;615
69;1314;1136;571;565
69;1227;1068;549;519
69;1140;1095;539;556
69;1053;1033;542;491
69;966;1030;535;495
69;879;1026;530;496
69;792;1001;529;472
69;705;1046;558;488
69;618;1078;561;517
69;531;1018;516;502
69;444;1082;569;513
69;357;1054;579;475
69;270;1064;550;514
69;183;1031;527;504
69;96;1164;612;552
69;9;1361;722;639
69;1489;1210;588;622
69;1402;1174;579;595
69;1315;1086;557;529
69;1228;1109;544;565
69;1141;1051;550;501
69;1054;1036;537;499
69;967;1029;538;491
69;880;1071;566;505
69;793;1055;563;492
69;706;1100;576;524
69;619;1031;527;504
69;532;1103;582;521
69;445;1067;588;479
69;358;1075;556;519
69;271;1061;543;518
69;184;1182;626;556
69;97;1361;722;639
69;10;1383;700;683
69;1490;1169;572;597
69;1403;1107;570;537
69;1316;1104;541;563
69;1229;1065;562;503
69;1142;1046;545;501
69;1055;1034;543;491
69;968;1087;572;515
69;881;1058;565;493
69;794;1113;584;529
69;707;1051;538;513
69;620;1111;589;522
69;533;1080;595;485
69;446;1094;569;525
69;359;1077;556;521
69;272;1206;635;571
69;185;1376;732;644
69;98;1390;706;684
69;11;1463;737;726
69;1491;1108;566;542
69;1404;1110;545;565
69;1317;1049;546;503
69;1230;1032;532;500
69;1143;1035;539;496
69;1056;1089;579;510
69;969;1079;571;508
69;882;1117;580;537
69;795;1062;535;527
69;708;1121;599;522
69;621;1094;604;490
69;534;1108;582;526
69;447;1096;568;528
69;360;1222;645;577
69;273;1396;751;645
69;186;1403;715;688
69;99;1471;738;733
69;12;1388;719;669
69;1492;1122;545;577
69;1405;1058;553;505
69;1318;1039;536;503
69;1231;1046;547;499
69;1144;1105;583;522
69;1057;1090;572;518
69;970;1127;593;534
69;883;1081;544;537
69;796;1137;607;530
69;709;1108;607;501
69;622;1127;596;531
69;535;1124;585;539
69;448;1250;660;590
69;361;1409;759;650
69;274;1411;716;695
69;187;1468;736;732
69;100;1392;719;673
69;13;1413;723;690
69;1493;1064;557;507
69;1406;1052;538;514
69;1319;1056;553;503
69;1232;1116;586;530
69;1145;1103;580;523
69;1058;1131;591;540
69;971;1107;557;550
69;884;1123;602;521
69;797;1138;624;514
69;710;1154;609;545
69;623;1133;594;539
69;536;1264;671;593
69;449;1410;761;649
69;362;1432;730;702
69;275;1472;740;732
69;188;1397;721;676
69;101;1411;718;693
69;14;1519;805;714
69;1494;1038;529;509
69;1407;1048;547;501
69;1320;1109;585;524
69;1233;1113;590;523
69;1146;1146;596;550
69;1059;1106;554;552
69;972;1129;611;518
69;885;1101;592;509
69;798;1167;620;547
69;711;1155;607;548
69;624;1279;678;601
69;537;1424;771;653
69;450;1434;734;700
69;363;1487;748;739
69;276;1401;728;673
69;189;1422;720;702
69;102;1522;805;717
69;15;1512;781;731
69;1495;1012;532;480
69;1408;1104;577;527
69;1321;1076;572;504
69;1234;1105;571;534
69;1147;1099;550;549
69;1060;1130;617;513
69;973;1109;593;516
69;886;1118;575;543
69;799;1163;609;554
69;712;1289;678;611
69;625;1440;780;660
69;538;1457;748;709
69;451;1465;739;726
69;364;1406;730;676
69;277;1435;732;703
69;190;1532;812;720
69;103;1513;784;729
69;16;1486;790;696
69;1496;1117;592;525
69;1409;1100;584;516
69;1322;1110;574;536
69;1235;1112;562;550
69;1148;1145;626;519
69;1061;1123;605;518
69;974;1131;585;546
69;887;1159;616;543
69;800;1298;683;615
69;713;1450;786;664
69;626;1466;751;715
69;539;1471;745;726
69;452;1397;720;677
69;365;1433;733;700
69;278;1531;817;714
69;191;1513;782;731
69;104;1480;784;696
69;17;1450;726;724
69;1497;1109;587;522
69;1410;1131;586;545
69;1323;1117;559;558
69;1236;1153;632;521
69;1149;1136;613;523
69;1062;1147;589;558
69;975;1161;616;545
69;888;1327;706;621
69;801;1468;799;669
69;714;1488;771;717
69;627;1486;755;731
69;540;1401;724;677
69;453;1435;733;702
69;366;1535;815;720
69;279;1514;789;725
69;192;1472;784;688
69;105;1460;732;728
69;18;1448;725;723
69;1498;1118;578;540
69;1411;1123;564;559
69;1324;1146;627;519
69;1237;1146;616;530
69;1150;1150;582;568
69;1063;1160;615;545
69;976;1328;704;624
69;889;1422;765;657
69;802;1501;777;724
69;715;1496;761;735
69;628;1401;725;676
69;541;1407;722;685
69;454;1522;805;717
69;367;1498;776;722
69;280;1478;794;684
69;193;1477;742;735
69;106;1450;720;730
69;19;1355;735;620
69;1499;1113;563;550
69;1412;1158;634;524
69;1325;1141;614;527
69;1238;1150;583;567
69;1151;1148;614;534
69;1064;1317;697;620
69;977;1417;768;649
69;890;1378;725;653
69;803;1510;772;738
69;716;1414;732;682
69;629;1410;728;682
69;542;1507;800;707
69;455;1484;777;707
69;368;1475;792;683
69;281;1500;763;737
69;194;1439;713;726
69;107;1347;731;616
69;20;1308;677;631
69;1500;1128;611;517
69;1413;1139;615;524
69;1326;1132;576;556
69;1239;1133;608;525
69;1152;1299;689;610
69;1065;1405;759;646
69;978;1363;718;645
69;891;1409;746;663
69;804;1408;730;678
69;717;1419;733;686
69;630;1510;801;709
69;543;1458;768;690
69;456;1439;772;667
69;369;1477;757;720
69;282;1436;715;721
69;195;1353;735;618
69;108;1308;668;640
69;21;1286;673;613
69;1501;1106;598;508
69;1414;1129;576;553
69;1327;1109;592;517
69;1240;1294;689;605
69;1153;1402;759;643
69;1066;1344;709;635
69;979;1395;740;655
69;892;1288;660;628
69;805;1408;732;676
69;718;1505;799;706
69;631;1440;759;681
69;544;1420;762;658
69;457;1427;730;697
69;370;1447;714;733
69;283;1359;736;623
69;196;1308;667;641
69;109;1278;664;614
69;22;1233;633;600
69;1502;1107;567;540
69;1415;1095;592;503
69;1328;1260;662;598
69;1241;1396;761;635
69;1154;1336;705;631
69;1067;1374;728;646
69;980;1272;664;608
69;893;1309;668;641
69;806;1486;788;698
69;719;1442;759;683
69;632;1413;761;652
69;545;1408;722;686
69;458;1412;700;712
69;371;1370;745;625
69;284;1325;678;647
69;197;1282;666;616
69;110;1236;630;606
69;23;1254;661;593
69;1503;1073;588;485
69;1416;1252;664;588
69;1329;1361;738;623
69;1242;1337;704;633
69;1155;1360;739;621
69;1068;1246;648;598
69;981;1267;650;617
69;894;1372;717;655
69;807;1416;743;673
69;720;1427;774;653
69;633;1374;710;664
69;546;1390;690;700
69;459;1346;732;614
69;372;1319;681;638
69;285;1296;675;621
69;198;1247;631;616
69;111;1252;658;594
69;24;1144;596;548
69;1504;1222;651;571
69;1417;1343;737;606
69;1330;1305;683;622
69;1243;1343;730;613
69;1156;1244;651;593
69;1069;1226;629;597
69;982;1321;698;623
69;895;1300;662;638
69;808;1395;745;650
69;721;1381;711;670
69;634;1396;693;703
69;547;1343;729;614
69;460;1296;671;625
69;373;1304;678;626
69;286;1267;637;630
69;199;1250;657;593
69;112;1144;593;551
69;25;1182;600;582
69;1505;1272;704;568
69;1418;1294;684;610
69;1331;1318;725;593
69;1244;1244;655;589
69;1157;1218;626;592
69;1070;1289;682;607
69;983;1270;646;624
69;896;1332;716;616
69;809;1356;699;657
69;722;1406;697;709
69;635;1354;730;624
69;548;1298;676;622
69;461;1298;674;624
69;374;1281;647;634
69;287;1295;669;626
69;200;1145;598;547
69;113;1194;610;584
69;26;1142;597;545
69;1506;1271;682;589
69;1419;1311;719;592
69;1332;1215;633;582
69;1245;1219;621;598
69;1158;1270;681;589
69;1071;1230;625;605
69;984;1312;702;610
69;897;1259;652;607
69;810;1378;664;714
69;723;1365;732;633
69;636;1307;675;632
69;549;1306;679;627
69;462;1277;650;627
69;375;1330;686;644
69;288;1182;600;582
69;201;1203;611;592
69;114;1152;598;554
69;27;1185;576;609
69;1507;1287;728;559
69;1420;1228;630;598
69;1333;1203;601;602
69;1246;1263;667;596
69;1159;1219;626;593
69;1072;1279;679;600
69;985;1252;654;598
69;898;1366;674;692
69;811;1336;701;635
69;724;1320;683;637
69;637;1319;689;630
69;550;1298;662;636
69;463;1338;682;656
69;376;1222;613;609
69;289;1253;637;616
69;202;1163;603;560
69;115;1183;576;607
69;28;1208;633;575
69;1508;1229;650;579
69;1421;1213;621;592
69;1334;1262;660;602
69;1247;1239;645;594
69;1160;1294;689;605
69;1073;1203;634;569
69;986;1351;674;677
69;899;1292;648;644
69;812;1305;667;638
69;725;1339;700;639
69;638;1308;664;644
69;551;1357;686;671
69;464;1247;630;617
69;377;1301;653;648
69;290;1198;612;586
69;203;1196;581;615
69;116;1213;630;583
69;29;1247;604;643
69;1509;1235;640;595
69;1422;1265;670;595
69;1335;1226;645;581
69;1248;1290;697;593
69;1161;1187;623;564
69;1074;1343;674;669
69;987;1303;649;654
69;900;1274;648;626
69;813;1330;678;652
69;726;1327;675;652
69;639;1383;705;678
69;552;1274;640;634
69;465;1330;660;670
69;378;1264;650;614
69;291;1225;588;637
69;204;1238;640;598
69;117;1233;597;636
69;30;1302;654;648
69;1510;1293;699;594
69;1423;1215;640;575
69;1336;1311;696;615
69;1249;1246;663;583
69;1162;1351;678;673
69;1075;1288;652;636
69;988;1276;648;628
69;901;1327;688;639
69;814;1335;681;654
69;727;1422;724;698
69;640;1302;653;649
69;553;1355;671;684
69;466;1310;675;635
69;379;1257;610;647
69;292;1276;664;612
69;205;1244;606;638
69;118;1297;652;645
69;31;1341;652;689
69;1511;1252;658;594
69;1424;1358;735;623
69;1337;1239;674;565
69;1250;1360;677;683
69;1163;1286;658;628
69;1076;1256;640;616
69;989;1346;696;650
69;902;1381;693;688
69;815;1415;724;691
69;728;1335;676;659
69;641;1369;673;696
69;554;1350;696;654
69;467;1291;632;659
69;380;1303;683;620
69;293;1297;632;665
69;206;1295;648;647
69;119;1338;650;688
69;32;1306;669;637
69;1512;1373;750;623
69;1425;1254;676;578
69;1338;1333;672;661
69;1251;1311;664;647
69;1164;1268;648;620
69;1077;1334;697;637
69;990;1393;695;698
69;903;1426;702;724
69;816;1363;687;676
69;729;1410;687;723
69;642;1367;707;660
69;555;1304;648;656
69;468;1318;684;634
69;381;1335;655;680
69;294;1348;682;666
69;207;1349;656;693
69;120;1313;675;638
69;33;1366;691;675
69;1513;1291;699;592
69;1426;1356;702;654
69;1339;1298;657;641
69;1252;1287;662;625
69;1165;1321;684;637
69;1078;1368;695;673
69;991;1428;704;724
69;904;1481;751;730
69;817;1408;691;717
69;730;1400;731;669
69;643;1335;666;669
69;556;1337;695;642
69;469;1358;670;688
69;382;1377;704;673
69;295;1392;677;715
69;208;1315;674;641
69;121;1361;690;671
69;34;1269;649;620
69;1514;1385;732;653
69;1427;1324;660;664
69;1340;1297;664;633
69;1253;1346;696;650
69;1166;1379;700;679
69;1079;1418;699;719
69;992;1512;771;741
69;905;1433;704;729
69;818;1412;731;681
69;731;1379;700;679
69;644;1361;711;650
69;557;1377;679;698
69;470;1391;716;675
69;383;1415;689;726
69;296;1356;694;662
69;209;1369;694;675
69;122;1264;643;621
69;35;1279;630;649
69;1515;1341;677;664
69;1428;1291;657;634
69;1341;1328;678;650
69;1254;1407;713;694
69;1167;1409;698;711
69;1080;1512;770;742
69;993;1438;710;728
69;906;1455;756;699
69;819;1361;670;691
69;732;1396;732;664
69;645;1407;694;713
69;558;1414;734;680
69;471;1433;693;740
69;384;1376;702;674
69;297;1402;713;689
69;210;1261;634;627
69;123;1281;631;650
69;36;1264;661;603
69;1516;1319;668;651
69;1429;1351;699;652
69;1342;1420;721;699
69;1255;1435;717;718
69;1168;1506;780;726
69;1081;1426;715;711
69;994;1466;762;704
69;907;1416;707;709
69;820;1413;733;680
69;733;1447;713;734
69;646;1439;744;695
69;559;1459;711;748
69;472;1386;707;679
69;385;1444;726;718
69;298;1284;662;622
69;211;1295;640;655
69;124;1268;664;604
69;37;1358;706;652
69;1517;1385;735;650
69;1430;1436;732;704
69;1343;1426;710;716
69;1256;1522;791;731
69;1169;1427;716;711
69;1082;1465;763;702
69;995;1415;707;708
69;908;1407;708;699
69;821;1429;691;738
69;734;1462;756;706
69;647;1491;736;755
69;560;1397;715;682
69;473;1455;731;724
69;386;1298;669;629
69;299;1322;653;669
69;212;1282;666;616
69;125;1354;704;650
69;38;1415;731;684
69;1518;1472;770;702
69;1431;1477;738;739
69;1344;1509;786;723
69;1257;1452;731;721
69;1170;1479;771;708
69;1083;1417;710;707
69;996;1411;708;703
69;909;1495;716;779
69;822;1439;730;709
69;735;1502;745;757
69;648;1409;721;688
69;561;1459;737;722
69;474;1309;675;634
69;387;1355;668;687
69;300;1305;676;629
69;213;1359;707;652
69;126;1403;715;688
69;39;1473;755;718
69;1519;1489;762;727
69;1432;1514;788;726
69;1345;1445;722;723
69;1258;1489;783;706
69;1171;1419;706;713
69;1084;1396;697;699
69;997;1509;720;789
69;910;1477;755;722
69;823;1494;731;763
69;736;1438;748;690
69;649;1485;755;730
69;562;1312;687;625
69;475;1356;666;690
69;388;1325;685;640
69;301;1395;721;674
69;214;1407;714;693
69;127;1461;748;713
69;40;1521;740;781
69;1520;1528;793;735
69;1433;1449;720;729
69;1346;1494;787;707
69;1259;1438;719;719
69;1172;1392;700;692
69;1085;1509;721;788
69;998;1494;769;725
69;911;1480;723;757
69;824;1444;744;700
69;737;1492;759;733
69;650;1333;698;635
69;563;1361;667;694
69;476;1328;684;644
69;389;1423;732;691
69;302;1432;727;705
69;215;1473;758;715
69;128;1513;730;783
69;41;1483;728;755
69;1521;1458;739;719
69;1434;1516;789;727
69;1347;1430;723;707
69;1260;1410;703;707
69;1173;1529;737;792
69;1086;1493;770;723
69;999;1492;737;755
69;912;1462;738;724
69;825;1482;745;737
69;738;1354;711;643
69;651;1381;676;705
69;564;1323;688;635
69;477;1430;731;699
69;390;1450;738;712
69;303;1502;770;732
69;216;1515;732;783
69;129;1485;731;754
69;42;1491;733;758
69;1522;1529;795;734
69;1435;1443;738;705
69;1348;1397;693;704
69;1261;1532;726;806
69;1174;1490;762;728
69;1087;1476;725;751
69;1000;1455;734;721
69;913;1472;739;733
69;826;1350;698;652
69;739;1399;684;715
69;652;1340;702;638
69;565;1435;733;702
69;478;1492;767;725
69;391;1516;774;742
69;304;1553;746;807
69;217;1495;739;756
69;130;1491;731;760
69;43;1426;709;717
69;1523;1450;747;703
69;1436;1405;697;708
69;1349;1525;721;804
69;1262;1499;767;732
69;1175;1467;716;751
69;1088;1430;718;712
69;1001;1500;754;746
69;914;1399;723;676
69;827;1384;664;720
69;740;1338;697;641
69;653;1454;745;709
69;566;1478;758;720
69;479;1521;767;754
69;392;1580;757;823
69;305;1559;769;790
69;218;1492;734;758
69;131;1431;713;718
69;44;1344;692;652
69;1524;1442;726;716
69;1437;1527;725;802
69;1350;1497;765;732
69;1263;1461;708;753
69;1176;1438;723;715
69;1089;1483;742;741
69;1002;1400;723;677
69;915;1389;694;695
69;828;1324;682;642
69;741;1475;757;718
69;654;1482;760;722
69;567;1507;759;748
69;480;1587;758;829
69;393;1585;790;795
69;306;1516;741;775
69;219;1444;722;722
69;132;1339;690;649
69;45;1165;544;621
69;1525;1535;740;795
69;1438;1525;780;745
69;1351;1439;694;745
69;1264;1420;710;710
69;1177;1479;743;736
69;1090;1396;721;675
69;1003;1394;687;707
69;916;1369;700;669
69;829;1454;737;717
69;742;1480;755;725
69;655;1530;772;758
69;568;1610;777;833
69;481;1599;796;803
69;394;1528;745;783
69;307;1495;753;742
69;220;1329;678;651
69;133;1146;538;608
69;46;1196;607;589
69;1526;1534;788;746
69;1439;1450;701;749
69;1352;1396;693;703
69;1265;1483;743;740
69;1178;1397;712;685
69;1091;1379;669;710
69;1004;1377;711;666
69;917;1416;711;705
69;830;1479;745;734
69;743;1546;787;759
69;656;1610;779;831
69;569;1606;803;803
69;482;1536;746;790
69;395;1497;756;741
69;308;1356;693;663
69;221;1155;546;609
69;134;1204;610;594
69;47;1084;560;524
69;1527;1469;715;754
69;1440;1410;689;721
69;1353;1478;727;751
69;1266;1397;709;688
69;1179;1380;671;709
69;1092;1362;696;666
69;1005;1418;710;708
69;918;1483;752;731
69;831;1531;769;762
69;744;1621;789;832
69;657;1602;794;808
69;570;1542;749;793
69;483;1513;765;748
69;396;1371;702;669
69;309;1172;541;631
69;222;1201;603;598
69;135;1100;573;527
69;48;1118;546;572
69;1528;1431;707;724
69;1441;1479;734;745
69;1354;1396;702;694
69;1267;1379;674;705
69;1180;1369;700;669
69;1093;1399;693;706
69;1006;1463;738;725
69;919;1523;757;766
69;832;1617;779;838
69;745;1599;782;817
69;658;1552;765;787
69;571;1530;772;758
69;484;1391;710;681
69;397;1195;549;646
69;310;1217;614;603
69;223;1112;574;538
69;136;1114;543;571
69;49;1158;566;592
69;1529;1487;735;752
69;1442;1404;708;696
69;1355;1375;668;707
69;1268;1370;694;676
69;1181;1382;674;708
69;1094;1456;731;725
69;1007;1515;752;763
69;920;1577;774;803
69;833;1581;759;822
69;746;1548;759;789
69;659;1528;760;768
69;572;1398;710;688
69;485;1223;566;657
69;398;1241;624;617
69;311;1138;584;554
69;224;1122;544;578
69;137;1146;556;590
69;50;1180;578;602
69;1530;1411;719;692
69;1443;1364;661;703
69;1356;1369;686;683
69;1269;1380;671;709
69;1182;1461;722;739
69;1095;1516;744;772
69;1008;1555;754;801
69;921;1551;741;810
69;834;1543;748;795
69;747;1541;767;774
69;660;1412;719;693
69;573;1209;556;653
69;486;1254;638;616
69;399;1158;590;568
69;312;1145;551;594
69;225;1148;556;592
69;138;1178;570;608
69;51;1188;590;598
69;1531;1386;668;718
69;1444;1381;692;689
69;1357;1366;657;709
69;1270;1463;710;753
69;1183;1508;738;770
69;1096;1550;749;801
69;1009;1546;743;803
69;922;1517;719;798
69;835;1550;773;777
69;748;1422;726;696
69;661;1214;560;654
69;574;1251;633;618
69;487;1173;603;570
69;400;1151;556;595
69;313;1183;569;614
69;226;1157;563;594
69;139;1175;583;592
69;52;1134;568;566
69;1532;1382;692;690
69;1445;1360;656;704
69;1358;1440;689;751
69;1271;1507;738;769
69;1184;1555;747;808
69;1097;1555;749;806
69;1010;1501;708;793
69;923;1455;715;740
69;836;1408;707;701
69;749;1221;559;662
69;662;1253;623;630
69;575;1183;612;571
69;488;1140;549;591
69;401;1192;572;620
69;314;1189;579;610
69;227;1178;582;596
69;140;1136;567;569
69;53;952;459;493
69;1533;1365;661;704
69;1446;1446;687;759
69;1359;1487;721;766
69;1272;1530;727;803
69;1185;1560;747;813
69;1098;1483;688;795
69;1011;1438;700;738
69;924;1369;687;682
69;837;1204;544;660
69;750;1259;624;635
69;663;1186;614;572
69;576;1128;539;589
69;489;1206;577;629
69;402;1194;578;616
69;315;1208;599;609
69;228;1141;571;570
69;141;950;457;493
69;54;920;432;488
69;1534;1446;685;761
69;1447;1493;718;775
69;1360;1531;725;806
69;1273;1550;737;813
69;1186;1466;669;797
69;1099;1438;694;744
69;1012;1357;668;689
69;925;1204;555;649
69;838;1243;613;630
69;751;1177;604;573
69;664;1126;528;598
69;577;1199;571;628
69;490;1198;572;626
69;403;1211;596;615
69;316;1172;588;584
69;229;948;456;492
69;142;916;437;479
69;55;835;404;431
69;1535;1512;735;777
69;1448;1540;726;814
69;1361;1538;724;814
69;1274;1462;657;805
69;1187;1419;686;733
69;1100;1336;648;688
69;1013;1209;553;656
69;926;1204;588;616
69;839;1169;593;576
69;752;1121;523;598
69;665;1189;559;630
69;578;1190;565;625
69;491;1212;591;621
69;404;1175;581;594
69;317;971;464;507
69;230;915;435;480
69;143;830;399;431
69;56;940;441;499
69;1536;1536;730;806
69;1449;1545;729;816
69;1362;1453;641;812
69;1275;1419;684;735
69;1188;1331;640;691
69;1101;1184;537;647
69;1014;1190;578;612
69;927;1115;548;567
69;840;1116;517;599
69;753;1187;555;632
69;666;1192;562;630
69;579;1209;586;623
69;492;1178;583;595
69;405;987;465;522
69;318;926;440;486
69;231;827;390;437
69;144;915;429;486
69;57;734;350;384
69;1537;1550;730;820
69;1450;1457;640;817
69;1363;1403;673;730
69;1276;1325;628;697
69;1189;1168;532;636
69;1102;1178;570;608
69;1015;1106;539;567
69;928;1098;526;572
69;841;1172;544;628
69;754;1196;562;634
69;667;1208;581;627
69;580;1177;581;596
69;493;1006;475;531
69;406;920;435;485
69;319;847;398;449
69;232;902;418;484
69;145;720;342;378
69;58;797;388;409
69;1538;1470;652;818
69;1451;1393;663;730
69;1364;1306;616;690
69;1277;1166;524;642
69;1190;1166;553;613
69;1103;1094;525;569
69;1016;1093;522;571
69;929;1137;523;614
69;842;1196;559;637
69;755;1202;571;631
69;668;1165;575;590
69;581;1004;479;525
69;494;930;434;496
69;407;855;403;452
69;320;917;427;490
69;233;723;343;380
69;146;785;383;402
69;59;988;448;540
69;1539;1396;659;737
69;1452;1297;612;685
69;1365;1163;523;640
69;1278;1161;547;614
69;1191;1078;512;566
69;1104;1088;518;570
69;1017;1134;515;619
69;930;1130;531;599
69;843;1205;573;632
69;756;1149;559;590
69;669;1003;473;530
69;582;916;425;491
69;495;854;397;457
69;408;930;428;502
69;321;726;345;381
69;234;776;378;398
69;147;971;435;536
69;60;800;349;451
69;1540;1289;604;685
69;1453;1166;514;652
69;1366;1140;528;612
69;1279;1086;515;571
69;1192;1074;510;564
69;1105;1120;500;620
69;1018;1117;523;594
69;931;1143;539;604
69;844;1138;551;587
69;757;990;455;535
69;670;896;407;489
69;583;836;385;451
69;496;923;422;501
69;409;727;342;385
69;322;787;380;407
69;235;960;429;531
69;148;782;337;445
69;61;897;384;513
69;1541;1155;511;644
69;1454;1124;525;599
69;1367;1071;502;569
69;1280;1066;502;564
69;1193;1099;487;612
69;1106;1104;510;594
69;1019;1119;524;595
69;932;1066;507;559
69;845;982;453;529
69;758;874;394;480
69;671;833;375;458
69;584;923;422;501
69;497;721;337;384
69;410;776;372;404
69;323;952;425;527
69;236;771;330;441
69;149;893;380;513
69;62;840;364;476
69;1542;1111;515;596
69;1455;1083;505;578
69;1368;1063;501;562
69;1281;1088;474;614
69;1194;1079;491;588
69;1107;1106;515;591
69;1020;1056;496;560
69;933;917;407;510
69;846;852;377;475
69;759;804;354;450
69;672;910;416;494
69;585;712;331;381
69;498;779;373;406
69;411;948;423;525
69;324;774;330;444
69;237;881;375;506
69;150;840;361;479
69;63;844;381;463
69;1543;1083;504;579
69;1456;1054;494;560
69;1369;1072;464;608
69;1282;1071;481;590
69;1195;1096;506;590
69;1108;1045;480;565
69;1021;918;401;517
69;934;813;349;464
69;847;803;354;449
69;760;897;407;490
69;673;698;320;378
69;586;755;351;404
69;499;945;420;525
69;412;777;327;450
69;325;889;380;509
69;238;836;363;473
69;151;832;369;463
69;64;942;393;549
69;1544;1041;485;556
69;1457;1056;448;608
69;1370;1058;470;588
69;1283;1066;485;581
69;1196;1016;460;556
69;1109;907;387;520
69;1022;803;341;462
69;935;734;325;409
69;848;882;396;486
69;761;680;314;366
69;674;743;344;399
69;587;930;407;523
69;500;774;324;450
69;413;868;366;502
69;326;832;351;481
69;239;822;357;465
69;152;951;399;552
69;65;897;384;513
69;1545;1049;447;602
69;1458;1037;452;585
69;1371;1042;465;577
69;1284;1006;451;555
69;1197;893;377;516
69;1110;796;336;460
69;1023;726;320;406
69;936;817;359;458
69;849;660;299;361
69;762;737;342;395
69;675;915;394;521
69;588;771;318;453
69;501;856;356;500
69;414;836;352;484
69;327;834;366;468
69;240;944;384;560
69;153;894;374;520
69;66;886;390;496
69;1546;1031;456;575
69;1459;1028;455;573
69;1372;992;439;553
69;1285;881;371;510
69;1198;791;336;455
69;1111;717;311;406
69;1024;802;350;452
69;937;626;282;344
69;850;725;330;395
69;763;894;383;511
69;676;757;310;447
69;589;837;341;496
69;502;831;350;481
69;415;819;357;462
69;328;940;379;561
69;241;897;369;528
69;154;883;386;497
69;67;834;340;494
69;1547;1009;437;572
69;1460;981;432;549
69;1373;879;365;514
69;1286;779;325;454
69;1199;701;305;396
69;1112;788;339;449
69;1025;610;267;343
69;938;685;289;396
69;851;878;374;504
69;764;740;294;446
69;677;823;329;494
69;590;813;336;477
69;503;819;349;470
69;416;931;372;559
69;329;905;372;533
69;242;870;379;491
69;155;821;335;486
69;68;769;310;459
69;1548;972;426;546
69;1461;869;359;510
69;1374;762;313;449
69;1287;683;297;386
69;1200;770;326;444
69;1113;598;260;338
69;1026;662;273;389
69;939;795;329;466
69;852;719;276;443
69;765;796;309;487
69;678;793;319;474
69;591;792;330;462
69;504;914;364;550
69;417;884;360;524
69;330;873;372;501
69;243;795;320;475
69;156;756;301;455
69;69;794;296;498
69;1549;866;354;512
69;1462;741;295;446
69;1375;676;290;386
69;1288;749;308;441
69;1201;582;252;330
69;1114;657;265;392
69;1027;777;320;457
69;940;650;248;402
69;853;780;300;480
69;766;763;303;460
69;679;777;318;459
69;592;886;339;547
69;505;868;343;525
69;418;856;363;493
69;331;786;311;475
69;244;730;282;448
69;157;785;290;495
69;70;746;290;456
69;1550;734;289;445
69;1463;664;281;383
69;1376;743;303;440
69;1289;563;235;328
69;1202;647;255;392
69;1115;758;307;451
69;1028;638;235;403
69;941;728;293;435
69;854;754;301;453
69;767;748;296;452
69;680;854;320;534
69;593;848;332;516
69;506;837;348;489
69;419;762;289;473
69;332;719;264;455
69;245;770;279;491
69;158;727;281;446
69;71;767;286;481
69;1551;655;279;376
69;1464;722;290;432
69;1377;548;223;325
69;1290;636;247;389
69;1203;746;298;448
69;1116;618;224;394
69;1029;717;287;430
69;942;717;269;448
69;855;733;286;447
69;768;819;297;522
69;681;811;308;503
69;594;807;329;478
69;507;754;287;467
69;420;699;253;446
69;333;748;263;485
69;246;695;260;435
69;159;742;270;472
69;72;626;218;408
69;1552;709;281;428
69;1465;542;221;321
69;1378;615;234;381
69;1291;734;294;440
69;1204;610;218;392
69;1117;685;266;419
69;1030;698;258;440
69;943;654;242;412
69;856;812;295;517
69;769;794;291;503
69;682;780;312;468
69;595;736;267;469
69;508;678;241;437
69;421;727;251;476
69;334;692;256;436
69;247;731;263;468
69;160;609;215;394
69;73;692;252;440
69;1553;534;215;319
69;1466;598;225;373
69;1379;710;278;432
69;1292;595;207;388
69;1205;656;247;409
69;1118;678;247;431
69;1031;636;230;406
69;944;714;244;470
69;857;780;285;495
69;770;751;293;458
69;683;711;256;455
69;596;652;221;431
69;509;710;243;467
69;422;674;243;431
69;335;720;258;462
69;248;589;202;387
69;161;680;243;437
69;74;640;214;426
69;1554;585;222;363
69;1467;686;265;421
69;1380;573;195;378
69;1293;631;234;397
69;1206;661;239;422
69;1119;613;219;394
69;1032;684;229;455
69;945;680;242;438
69;858;726;277;449
69;771;692;241;451
69;684;620;203;417
69;597;674;222;452
69;510;660;237;423
69;423;693;242;451
69;336;569;190;379
69;249;652;224;428
69;162;613;203;410
69;75;578;173;405
69;1555;664;251;413
69;1468;557;186;371
69;1381;602;219;383
69;1294;638;226;412
69;1207;586;209;377
69;1120;643;210;433
69;1033;651;221;430
69;946;648;235;413
69;859;670;230;440
69;772;593;192;401
69;685;654;210;444
69;598;625;217;408
69;511;671;238;433
69;424;537;175;362
69;337;623;209;414
69;250;590;184;406
69;163;552;161;391
69;76;530;151;379
69;1556;544;182;362
69;1469;582;206;376
69;1382;616;219;397
69;1295;571;202;369
69;1208;627;204;423
69;1121;633;216;417
69;1034;622;228;394
69;947;586;197;389
69;860;572;185;387
69;773;634;199;435
69;686;599;204;395
69;599;642;221;421
69;512;524;166;358
69;425;607;196;411
69;338;568;169;399
69;251;521;138;383
69;164;514;143;371
69;77;460;115;345
69;1557;560;197;363
69;1470;590;204;386
69;1383;532;178;354
69;1296;598;196;402
69;1209;594;198;396
69;1122;600;213;387
69;1035;554;180;374
69;948;512;173;339
69;861;586;177;409
69;774;575;195;380
69;687;612;210;402
69;600;493;155;338
69;513;573;179;394
69;426;547;154;393
69;339;506;134;372
69;252;489;132;357
69;165;429;103;326
69;78;450;124;326
69;1558;560;186;374
69;1471;500;159;341
69;1384;566;181;385
69;1297;570;183;387
69;1210;570;199;371
69;1123;521;169;352
69;1036;485;161;324
69;949;532;156;376
69;862;542;178;364
69;775;570;193;377
69;688;461;138;323
69;601;534;164;370
69;514;523;145;378
69;427;485;120;365
69;340;467;122;345
69;253;400;91;309
69;166;425;117;308
69;79;406;93;313
69;1559;480;149;331
69;1472;530;161;369
69;1385;532;166;366
69;1298;542;179;363
69;1211;495;163;332
69;1124;460;150;310
69;1037;511;149;362
69;950;469;143;326
69;863;531;173;358
69;776;431;125;306
69;689;509;156;353
69;602;493;139;354
69;515;454;113;341
69;428;441;106;335
69;341;390;80;310
69;254;405;105;300
69;167;391;89;302
69;80;359;104;255
69;1560;497;148;349
69;1473;503;157;346
69;1386;513;166;347
69;1299;454;143;311
69;1212;434;141;293
69;1125;478;131;347
69;1038;445;135;310
69;951;472;135;337
69;864;402;107;295
69;777;478;144;334
69;690;447;130;317
69;603;431;109;322
69;516;420;95;325
69;429;367;73;294
69;342;386;97;289
69;255;374;80;294
69;168;338;100;238
69;81;280;66;214
69;1561;483;150;333
69;1474;470;148;322
69;1387;403;119;284
69;1300;401;129;272
69;1213;439;118;321
69;1126;415;122;293
69;1039;445;123;322
69;952;374;93;281
69;865;448;135;313
69;778;406;110;296
69;691;391;93;298
69;604;386;85;301
69;517;339;62;277
69;430;361;92;269
69;343;346;70;276
69;256;310;90;220
69;169;255;53;202
69;82;221;68;153
69;1562;437;135;302
69;1475;368;102;266
69;1388;358;117;241
69;1301;406;105;301
69;1214;389;112;277
69;1127;415;115;300
69;1040;345;79;266
69;953;373;100;273
69;866;375;105;270
69;779;368;87;281
69;692;362;79;283
69;605;313;58;255
69;518;333;84;249
69;431;322;61;261
69;344;291;81;210
69;257;233;43;190
69;170;196;56;140
69;83;158;38;120
69;1563;342;92;250
69;1476;323;106;217
69;1389;368;97;271
69;1302;365;106;259
69;1215;377;103;274
69;1128;313;70;243
69;1041;344;93;251
69;954;332;85;247
69;867;344;75;269
69;780;330;69;261
69;693;298;53;245
69;606;298;72;226
69;519;285;51;234
69;432;267;71;196
69;345;221;41;180
69;258;185;54;131
69;171;142;33;109
69;84;109;27;82
69;1564;291;99;192
69;1477;332;86;246
69;1390;322;92;230
69;1303;329;81;248
69;1216;282;60;222
69;1129;314;82;232
69;1042;309;71;238
69;955;280;58;222
69;868;310;62;248
69;781;266;44;222
69;694;268;68;200
69;607;244;45;199
69;520;241;68;173
69;433;208;36;172
69;346;170;49;121
69;259;123;27;96
69;172;100;26;74
69;85;146;41;105
69;1565;1602;324;1278
69;1478;1551;316;1235
69;1391;1489;277;1212
69;1304;1408;255;1153
69;1217;1334;241;1093
69;1130;1252;211;1041
69;1043;1178;197;981
69;956;1087;190;897
69;869;1088;205;883
69;782;1041;230;811
69;695;984;214;770
69;608;915;216;699
69;521;808;176;632
69;434;809;209;600
69;347;747;172;575
69;260;808;235;573
69;173;838;213;625
69;86;861;231;630
69;1566;96575;46907;49668
69;1479;95940;46277;49663
69;1392;95189;45782;49407
69;1305;95620;46051;49569
69;1218;95031;45763;49268
69;1131;95035;45732;49303
69;1044;95650;46050;49600
69;957;95313;45841;49472
69;870;95939;46246;49693
69;783;95700;46335;49365
69;696;94669;45760;48909
69;609;93835;45292;48543
69;522;93324;44959;48365
69;435;92576;44551;48025
69;348;91284;43899;47385
69;261;89405;42979;46426
69;174;88807;42671;46136
69;87;88492;42542;45950
70;1480;183;87;96
70;1393;182;92;90
70;1306;214;94;120
70;1219;237;137;100
70;1132;200;98;102
70;1045;217;117;100
70;958;203;99;104
70;871;192;94;98
70;784;246;117;129
70;697;249;132;117
70;610;235;134;101
70;523;234;116;118
70;436;213;119;94
70;349;207;107;100
70;262;212;114;98
70;175;172;80;92
70;88;231;138;93
70;1;204;117;87
70;1481;182;94;88
70;1394;209;92;117
70;1307;237;136;101
70;1220;204;100;104
70;1133;218;117;101
70;1046;208;98;110
70;959;195;95;100
70;872;227;108;119
70;785;243;128;115
70;698;227;129;98
70;611;232;116;116
70;524;211;118;93
70;437;200;105;95
70;350;209;111;98
70;263;167;79;88
70;176;223;135;88
70;89;196;111;85
70;2;231;130;101
70;1482;210;92;118
70;1395;229;131;98
70;1308;198;102;96
70;1221;217;119;98
70;1134;201;99;102
70;1047;186;89;97
70;960;236;110;126
70;873;230;116;114
70;786;219;125;94
70;699;228;114;114
70;612;206;114;92
70;525;193;99;94
70;438;204;108;96
70;351;161;77;84
70;264;219;134;85
70;177;188;104;84
70;90;216;121;95
70;3;217;106;111
70;1483;226;130;96
70;1396;198;102;96
70;1309;208;114;94
70;1222;191;93;98
70;1135;185;86;99
70;1048;223;105;118
70;961;231;117;114
70;874;213;130;83
70;787;224;113;111
70;700;198;111;87
70;613;189;98;91
70;526;201;107;94
70;439;159;75;84
70;352;222;134;88
70;265;190;107;83
70;178;210;116;94
70;91;210;103;107
70;4;223;124;99
70;1484;201;103;98
70;1397;201;112;89
70;1310;182;86;96
70;1223;181;88;93
70;1136;211;98;113
70;1049;224;113;111
70;962;215;129;86
70;875;206;108;98
70;788;188;107;81
70;701;184;97;87
70;614;197;103;94
70;527;158;75;83
70;440;208;126;82
70;353;184;102;82
70;266;220;124;96
70;179;205;103;102
70;92;214;120;94
70;5;277;135;142
70;1485;203;114;89
70;1398;180;88;92
70;1311;183;86;97
70;1224;209;96;113
70;1137;212;108;104
70;1050;207;122;85
70;963;198;105;93
70;876;182;103;79
70;789;177;92;85
70;702;190;99;91
70;615;158;74;84
70;528;202;124;78
70;441;180;100;80
70;354;212;123;89
70;267;202;98;104
70;180;209;119;90
70;93;264;129;135
70;6;271;132;139
70;1486;177;86;91
70;1399;170;75;95
70;1312;203;96;107
70;1225;207;104;103
70;1138;198;116;82
70;1051;186;97;89
70;964;173;97;76
70;877;172;94;78
70;790;181;95;86
70;703;150;72;78
70;616;198;121;77
70;529;169;95;74
70;442;207;120;87
70;355;195;97;98
70;268;218;121;97
70;181;264;128;136
70;94;258;124;134
70;7;274;146;128
70;1487;164;75;89
70;1400;204;97;107
70;1313;204;105;99
70;1226;197;116;81
70;1139;181;97;84
70;1052;167;96;71
70;965;168;91;77
70;878;188;106;82
70;791;144;67;77
70;704;190;116;74
70;617;174;99;75
70;530;204;122;82
70;443;196;98;98
70;356;214;115;99
70;269;263;124;139
70;182;251;119;132
70;95;262;140;122
70;8;294;158;136
70;1488;199;95;104
70;1401;203;106;97
70;1314;202;118;84
70;1227;182;100;82
70;1140;164;96;68
70;1053;163;88;75
70;966;188;107;81
70;879;151;70;81
70;792;190;116;74
70;705;169;95;74
70;618;203;118;85
70;531;194;97;97
70;444;206;110;96
70;357;260;123;137
70;270;253;122;131
70;183;252;137;115
70;96;287;156;131
70;9;367;182;185
70;1489;210;111;99
70;1402;199;120;79
70;1315;181;100;81
70;1228;161;95;66
70;1141;165;90;75
70;1054;186;107;79
70;967;151;71;80
70;880;202;110;92
70;793;165;93;72
70;706;199;115;84
70;619;191;94;97
70;532;200;106;94
70;445;253;119;134
70;358;247;118;129
70;271;247;135;112
70;184;283;149;134
70;97;349;172;177
70;10;369;188;181
70;1490;200;118;82
70;1403;170;95;75
70;1316;159;92;67
70;1229;161;87;74
70;1142;182;106;76
70;1055;149;71;78
70;968;194;104;90
70;881;185;111;74
70;794;195;114;81
70;707;186;91;95
70;620;196;103;93
70;533;247;115;132
70;446;243;115;128
70;359;246;134;112
70;272;278;147;131
70;185;339;169;170
70;98;354;182;172
70;11;423;210;213
70;1491;165;92;73
70;1404;155;91;64
70;1317;161;88;73
70;1230;177;102;75
70;1143;139;67;72
70;1056;187;100;87
70;969;181;110;71
70;882;205;119;86
70;795;179;86;93
70;708;191;100;91
70;621;246;111;135
70;534;239;112;127
70;447;243;132;111
70;360;268;140;128
70;273;335;165;170
70;186;338;173;165
70;99;403;201;202
70;12;552;255;297
70;1492;149;86;63
70;1405;151;83;68
70;1318;178;103;75
70;1231;132;64;68
70;1144;179;97;82
70;1057;173;103;70
70;970;199;116;83
70;883;201;99;102
70;796;187;97;90
70;709;230;106;124
70;622;237;113;124
70;535;236;127;109
70;448;262;137;125
70;361;325;161;164
70;274;336;170;166
70;187;396;198;198
70;100;532;253;279
70;13;623;322;301
70;1493;149;80;69
70;1406;173;99;74
70;1319;128;61;67
70;1232;176;92;84
70;1145;167;100;67
70;1058;200;115;85
70;971;199;100;99
70;884;200;112;88
70;797;227;104;123
70;710;228;107;121
70;623;235;128;107
70;536;253;132;121
70;449;314;152;162
70;362;333;165;168
70;275;386;197;189
70;188;516;243;273
70;101;598;313;285
70;14;695;339;356
70;1494;170;100;70
70;1407;129;63;66
70;1320;171;88;83
70;1233;166;98;68
70;1146;198;115;83
70;1059;200;102;98
70;972;193;109;84
70;885;247;132;115
70;798;220;101;119
70;711;224;122;102
70;624;251;129;122
70;537;310;152;158
70;450;323;160;163
70;363;378;194;184
70;276;513;242;271
70;189;581;307;274
70;102;671;327;344
70;15;686;368;318
70;1495;128;62;66
70;1408;166;85;81
70;1321;159;96;63
70;1234;193;111;82
70;1147;195;100;95
70;1060;193;111;82
70;973;236;129;107
70;886;237;119;118
70;799;222;118;104
70;712;248;125;123
70;625;310;148;162
70;538;315;156;159
70;451;362;183;179
70;364;496;236;260
70;277;569;304;265
70;190;650;317;333
70;103;663;357;306
70;16;753;389;364
70;1496;160;81;79
70;1409;156;94;62
70;1322;182;103;79
70;1235;189;97;92
70;1148;189;107;82
70;1061;233;130;103
70;974;234;120;114
70;887;263;127;136
70;800;242;121;121
70;713;301;142;159
70;626;311;151;160
70;539;357;181;176
70;452;476;226;250
70;365;547;290;257
70;278;636;310;326
70;191;640;344;296
70;104;727;374;353
70;17;755;401;354
70;1497;153;92;61
70;1410;177;101;76
70;1323;186;96;90
70;1236;185;104;81
70;1149;229;127;102
70;1062;229;118;111
70;975;257;126;131
70;888;266;132;134
70;801;294;138;156
70;714;304;148;156
70;627;349;174;175
70;540;464;220;244
70;453;525;276;249
70;366;613;300;313
70;279;620;336;284
70;192;703;359;344
70;105;735;389;346
70;18;663;327;336
70;1498;169;95;74
70;1411;180;93;87
70;1324;176;100;76
70;1237;219;125;94
70;1150;220;115;105
70;1063;245;122;123
70;976;259;127;132
70;889;288;142;146
70;802;295;143;152
70;715;345;173;172
70;628;451;212;239
70;541;513;268;245
70;454;578;278;300
70;367;598;321;277
70;280;681;353;328
70;193;702;372;330
70;106;635;314;321
70;19;585;295;290
70;1499;157;85;72
70;1412;167;97;70
70;1325;210;122;88
70;1238;204;107;97
70;1151;231;121;110
70;1064;241;117;124
70;977;265;130;135
70;890;232;118;114
70;803;334;166;168
70;716;444;211;233
70;629;499;257;242
70;542;561;270;291
70;455;551;296;255
70;368;661;346;315
70;281;680;366;314
70;194;610;301;309
70;107;556;281;275
70;20;536;279;257
70;1500;151;83;68
70;1413;195;112;83
70;1326;193;100;93
70;1239;219;114;105
70;1152;221;107;114
70;1065;253;118;135
70;978;218;109;109
70;891;250;138;112
70;804;425;203;222
70;717;478;248;230
70;630;538;259;279
70;543;536;290;246
70;456;614;318;296
70;369;645;345;300
70;282;580;292;288
70;195;533;270;263
70;108;502;264;238
70;21;483;256;227
70;1501;174;97;77
70;1414;181;95;86
70;1327;203;105;98
70;1240;221;109;112
70;1153;235;113;122
70;1066;215;110;105
70;979;230;128;102
70;892;295;152;143
70;805;460;239;221
70;718;515;251;264
70;631;515;276;239
70;544;591;308;283
70;457;597;323;274
70;370;560;285;275
70;283;522;270;252
70;196;489;264;225
70;109;451;237;214
70;22;478;234;244
70;1502;164;88;76
70;1415;198;101;97
70;1328;205;99;106
70;1241;231;111;120
70;1154;198;101;97
70;1067;220;124;96
70;980;262;136;126
70;893;338;177;161
70;806;492;241;251
70;719;499;269;230
70;632;570;294;276
70;545;574;308;266
70;458;526;267;259
70;371;498;257;241
70;284;467;253;214
70;197;440;230;210
70;110;446;216;230
70;23;407;200;207
70;1503;170;86;84
70;1416;186;90;96
70;1329;221;105;116
70;1242;190;103;87
70;1155;200;116;84
70;1068;233;116;117
70;981;292;161;131
70;894;344;177;167
70;807;476;256;220
70;720;551;282;269
70;633;554;297;257
70;546;509;254;255
70;459;472;245;227
70;372;449;238;211
70;285;424;228;196
70;198;418;208;210
70;111;389;190;199
70;24;403;191;212
70;1504;170;83;87
70;1417;196;90;106
70;1330;168;90;78
70;1243;187;110;77
70;1156;221;116;105
70;1069;246;135;111
70;982;304;161;143
70;895;322;184;138
70;808;527;267;260
70;721;529;281;248
70;634;488;248;240
70;547;462;235;227
70;460;423;223;200
70;373;403;213;190
70;286;410;205;205
70;199;379;185;194
70;112;380;184;196
70;25;404;201;203
70;1505;182;81;101
70;1418;159;90;69
70;1331;175;98;77
70;1244;216;121;95
70;1157;235;132;103
70;1070;259;139;120
70;983;295;162;133
70;896;376;191;185
70;809;502;267;235
70;722;464;241;223
70;635;434;221;213
70;548;402;214;188
70;461;371;198;173
70;374;395;205;190
70;287;375;186;189
70;200;371;182;189
70;113;387;197;190
70;26;415;194;221
70;1506;137;79;58
70;1419;150;76;74
70;1332;185;101;84
70;1245;213;126;87
70;1158;229;133;96
70;1071;259;146;113
70;984;321;164;157
70;897;325;180;145
70;810;431;220;211
70;723;416;210;206
70;636;392;210;182
70;549;353;188;165
70;462;377;194;183
70;375;358;174;184
70;288;367;184;183
70;201;372;188;184
70;114;388;183;205
70;27;375;189;186
70;1507;142;76;66
70;1420;157;86;71
70;1333;193;113;80
70;1246;215;122;93
70;1159;223;128;95
70;1072;293;161;132
70;985;270;155;115
70;898;270;145;125
70;811;384;193;191
70;724;366;197;169
70;637;340;183;157
70;550;362;186;176
70;463;345;170;175
70;376;357;181;176
70;289;375;192;183
70;202;371;178;193
70;115;354;179;175
70;28;378;192;186
70;1508;141;79;62
70;1421;169;105;64
70;1334;204;117;87
70;1247;209;118;91
70;1160;268;148;120
70;1073;253;150;103
70;986;236;121;115
70;899;262;133;129
70;812;347;186;161
70;725;321;173;148
70;638;344;177;167
70;551;338;167;171
70;464;328;165;163
70;377;370;196;174
70;290;368;173;195
70;203;341;169;172
70;116;366;185;181
70;29;376;176;200
70;1509;138;92;46
70;1422;194;110;84
70;1335;202;117;85
70;1248;260;150;110
70;1161;238;141;97
70;1074;215;101;114
70;987;227;122;105
70;900;269;137;132
70;813;302;162;140
70;726;339;173;166
70;639;323;161;162
70;552;311;154;157
70;465;357;188;169
70;378;364;172;192
70;291;336;168;168
70;204;355;176;179
70;117;361;170;191
70;30;402;191;211
70;1510;166;94;72
70;1423;191;115;76
70;1336;248;140;108
70;1249;219;132;87
70;1162;203;90;113
70;1075;194;106;88
70;988;229;117;112
70;901;261;130;131
70;814;327;163;164
70;727;310;155;155
70;640;300;145;155
70;553;351;185;166
70;466;351;161;190
70;379;334;169;165
70;292;356;175;181
70;205;338;159;179
70;118;384;184;200
70;31;398;191;207
70;1511;163;107;56
70;1424;219;129;90
70;1337;200;127;73
70;1250;184;78;106
70;1163;164;96;68
70;1076;202;108;94
70;989;236;116;120
70;902;260;139;121
70;815;303;151;152
70;728;284;139;145
70;641;337;176;161
70;554;339;155;184
70;467;330;166;164
70;380;347;170;177
70;293;339;170;169
70;206;373;179;194
70;119;377;183;194
70;32;400;184;216
70;1512;195;114;81
70;1425;182;116;66
70;1338;180;77;103
70;1251;158;94;64
70;1164;186;104;82
70;1077;211;105;106
70;990;238;133;105
70;903;260;134;126
70;816;279;134;145
70;729;317;163;154
70;642;334;153;181
70;555;323;167;156
70;468;343;167;176
70;381;342;166;176
70;294;366;176;190
70;207;368;178;190
70;120;380;175;205
70;33;411;199;212
70;1513;168;105;63
70;1426;152;64;88
70;1339;142;86;56
70;1252;171;100;71
70;1165;193;94;99
70;1078;218;126;92
70;991;247;130;117
70;904;211;99;112
70;817;312;157;155
70;730;322;151;171
70;643;312;162;150
70;556;335;164;171
70;469;324;156;168
70;382;353;169;184
70;295;361;176;185
70;208;374;169;205
70;121;394;193;201
70;34;378;161;217
70;1514;142;57;85
70;1427;118;71;47
70;1340;167;92;75
70;1253;182;91;91
70;1166;204;117;87
70;1079;244;128;116
70;992;198;90;108
70;905;243;118;125
70;818;311;144;167
70;731;298;158;140
70;644;322;155;167
70;557;307;145;162
70;470;335;158;177
70;383;352;171;181
70;296;367;167;200
70;209;383;188;195
70;122;365;154;211
70;35;429;193;236
70;1515;114;70;44
70;1428;148;86;62
70;1341;171;88;83
70;1254;193;109;84
70;1167;225;119;106
70;1080;190;86;104
70;993;226;109;117
70;906;262;113;149
70;819;278;151;127
70;732;315;148;167
70;645;297;139;158
70;558;322;148;174
70;471;335;158;177
70;384;364;166;198
70;297;373;182;191
70;210;356;152;204
70;123;410;182;228
70;36;524;218;306
70;1516;149;82;67
70;1429;155;81;74
70;1342;174;98;76
70;1255;217;115;102
70;1168;170;78;92
70;1081;211;101;110
70;994;242;98;144
70;907;250;121;129
70;820;300;142;158
70;733;282;125;157
70;646;314;144;170
70;559;327;150;177
70;472;351;155;196
70;385;365;177;188
70;298;354;155;199
70;211;400;179;221
70;124;505;208;297
70;37;552;250;302
70;1517;142;71;71
70;1430;158;93;65
70;1343;209;110;99
70;1256;166;78;88
70;1169;195;96;99
70;1082;229;93;136
70;995;243;120;123
70;908;259;125;134
70;821;269;121;148
70;734;311;141;170
70;647;318;146;172
70;560;339;149;190
70;473;344;164;180
70;386;340;150;190
70;299;399;183;216
70;212;489;203;286
70;125;532;242;290
70;38;656;319;337
70;1518;151;91;60
70;1431;205;109;96
70;1344;162;79;83
70;1257;196;97;99
70;1170;224;93;131
70;1083;232;113;119
70;996;251;123;128
70;909;280;135;145
70;822;307;138;169
70;735;310;141;169
70;648;327;141;186
70;561;336;160;176
70;474;321;136;185
70;387;383;168;215
70;300;481;201;280
70;213;518;240;278
70;126;634;307;327
70;39;768;352;416
70;1519;189;98;91
70;1432;156;72;84
70;1345;189;98;91
70;1258;221;91;130
70;1171;228;110;118
70;1084;244;118;126
70;997;268;129;139
70;910;285;128;157
70;823;299;135;164
70;736;320;139;181
70;649;330;156;174
70;562;319;140;179
70;475;376;166;210
70;388;467;197;270
70;301;513;242;271
70;214;610;292;318
70;127;735;335;400
70;40;780;336;444
70;1520;154;71;83
70;1433;178;93;85
70;1346;210;87;123
70;1259;223;107;116
70;1172;241;116;125
70;1085;267;129;138
70;998;272;121;151
70;911;279;128;151
70;824;314;139;175
70;737;321;155;166
70;650;313;131;182
70;563;365;161;204
70;476;455;187;268
70;389;499;233;266
70;302;608;293;315
70;215;727;330;397
70;128;745;318;427
70;41;746;338;408
70;1521;176;91;85
70;1434;200;84;116
70;1347;214;103;111
70;1260;235;114;121
70;1173;259;127;132
70;1086;261;116;145
70;999;262;115;147
70;912;305;137;168
70;825;316;150;166
70;738;299;125;174
70;651;357;155;202
70;564;444;180;264
70;477;485;227;258
70;390;596;286;310
70;303;710;329;381
70;216;728;310;418
70;129;721;328;393
70;42;824;412;412
70;1522;193;79;114
70;1435;201;97;104
70;1348;232;114;118
70;1261;255;125;130
70;1174;256;112;144
70;1087;263;116;147
70;1000;291;129;162
70;913;296;137;159
70;826;290;121;169
70;739;356;154;202
70;652;436;176;260
70;565;474;220;254
70;478;583;278;305
70;391;674;308;366
70;304;717;308;409
70;217;705;321;384
70;130;795;396;399
70;43;734;320;414
70;1523;194;93;101
70;1436;222;106;116
70;1349;239;117;122
70;1262;249;110;139
70;1175;259;117;142
70;1088;284;124;160
70;1001;291;135;156
70;914;284;112;172
70;827;342;144;198
70;740;428;170;258
70;653;455;208;247
70;566;564;271;293
70;479;650;296;354
70;392;698;299;399
70;305;697;322;375
70;218;789;392;397
70;131;707;313;394
70;44;684;319;365
70;1524;223;107;116
70;1437;231;113;118
70;1350;238;103;135
70;1263;251;114;137
70;1176;271;117;154
70;1089;271;127;144
70;1002;280;110;170
70;915;318;133;185
70;828;416;163;253
70;741;436;199;237
70;654;538;254;284
70;567;633;286;347
70;480;670;285;385
70;393;680;316;364
70;306;776;383;393
70;219;692;310;382
70;132;666;313;353
70;45;687;333;354
70;1525;218;106;112
70;1438;231;101;130
70;1351;244;108;136
70;1264;266;120;146
70;1177;267;125;142
70;1090;266;104;162
70;1003;306;128;178
70;916;393;170;223
70;829;423;191;232
70;742;525;248;277
70;655;606;272;334
70;568;655;278;377
70;481;661;308;353
70;394;747;367;380
70;307;680;308;372
70;220;639;298;341
70;133;656;315;341
70;46;630;310;320
70;1526;222;95;127
70;1439;244;109;135
70;1352;257;118;139
70;1265;265;124;141
70;1178;265;102;163
70;1091;300;124;176
70;1004;382;167;215
70;917;414;189;225
70;830;508;240;268
70;743;590;265;325
70;656;630;261;369
70;569;645;297;348
70;482;720;348;372
70;395;672;304;368
70;308;630;294;336
70;221;645;312;333
70;134;612;300;312
70;47;522;252;270
70;1527;251;113;138
70;1440;248;112;136
70;1353;254;120;134
70;1266;262;102;160
70;1179;297;128;169
70;1092;370;159;211
70;1005;412;186;226
70;918;471;225;246
70;831;572;255;317
70;744;616;253;363
70;657;626;282;344
70;570;706;340;366
70;483;656;296;360
70;396;616;286;330
70;309;632;306;326
70;222;599;294;305
70;135;501;246;255
70;48;548;250;298
70;1528;240;108;132
70;1441;249;117;132
70;1354;256;99;157
70;1267;289;123;166
70;1180;360;155;205
70;1093;388;171;217
70;1006;462;221;241
70;919;527;236;291
70;832;599;243;356
70;745;607;276;331
70;658;686;325;361
70;571;648;290;358
70;484;602;276;326
70;397;610;293;317
70;310;594;296;298
70;223;490;238;252
70;136;525;240;285
70;49;445;212;233
70;1529;249;119;130
70;1442;257;102;155
70;1355;286;122;164
70;1268;352;152;200
70;1181;383;167;216
70;1094;446;213;233
70;1007;515;233;282
70;920;605;263;342
70;833;590;268;322
70;746;671;319;352
70;659;625;277;348
70;572;587;267;320
70;485;597;289;308
70;398;578;287;291
70;311;487;239;248
70;224;509;234;275
70;137;433;207;226
70;50;473;237;236
70;1530;255;104;151
70;1443;286;119;167
70;1356;349;150;199
70;1269;379;167;212
70;1182;438;208;230
70;1095;500;221;279
70;1008;587;255;332
70;921;619;287;332
70;834;650;307;343
70;747;614;269;345
70;660;570;256;314
70;573;581;279;302
70;486;565;277;288
70;399;477;233;244
70;312;504;233;271
70;225;424;201;223
70;138;457;227;230
70;51;416;200;216
70;1531;276;113;163
70;1444;339;147;192
70;1357;367;154;213
70;1270;435;205;230
70;1183;483;215;268
70;1096;578;250;328
70;1009;602;281;321
70;922;646;317;329
70;835;601;262;339
70;748;555;248;307
70;661;556;261;295
70;574;548;269;279
70;487;464;226;238
70;400;488;225;263
70;313;419;201;218
70;226;442;219;223
70;139;396;189;207
70;52;377;166;211
70;1532;326;134;192
70;1445;359;149;210
70;1358;426;197;229
70;1271;475;209;266
70;1184;569;242;327
70;1097;592;272;320
70;1010;634;310;324
70;923;645;281;364
70;836;537;236;301
70;749;540;251;289
70;662;530;256;274
70;575;465;224;241
70;488;476;217;259
70;401;414;199;215
70;314;434;221;213
70;227;384;184;200
70;140;365;158;207
70;53;334;157;177
70;1533;355;146;209
70;1446;420;195;225
70;1359;478;210;268
70;1272;551;236;315
70;1185;578;266;312
70;1098;614;297;317
70;1011;638;278;360
70;924;567;260;307
70;837;522;241;281
70;750;512;246;266
70;663;447;212;235
70;576;469;214;255
70;489;394;189;205
70;402;419;214;205
70;315;380;180;200
70;228;365;161;204
70;141;321;154;167
70;54;286;139;147
70;1534;414;191;223
70;1447;467;204;263
70;1360;544;239;305
70;1273;566;261;305
70;1186;600;289;311
70;1099;621;271;350
70;1012;550;247;303
70;925;549;248;301
70;838;495;235;260
70;751;440;206;234
70;664;452;204;248
70;577;384;183;201
70;490;399;202;197
70;403;368;177;191
70;316;369;164;205
70;229;310;149;161
70;142;277;137;140
70;55;245;112;133
70;1535;461;203;258
70;1448;535;236;299
70;1361;554;254;300
70;1274;586;282;304
70;1187;609;264;345
70;1100;544;242;302
70;1013;541;248;293
70;926;489;239;250
70;839;428;201;227
70;752;435;197;238
70;665;374;175;199
70;578;387;194;193
70;491;352;164;188
70;404;361;161;200
70;317;310;149;161
70;230;268;136;132
70;143;239;111;128
70;56;185;69;116
70;1536;523;231;292
70;1449;552;257;295
70;1362;576;273;303
70;1275;603;261;342
70;1188;531;236;295
70;1101;528;243;285
70;1014;486;236;250
70;927;441;207;234
70;840;422;188;234
70;753;359;167;192
70;666;372;183;189
70;579;343;159;184
70;492;349;154;195
70;405;306;144;162
70;318;261;134;127
70;231;233;109;124
70;144;178;66;112
70;57;163;84;79
70;1537;545;256;289
70;1450;564;266;298
70;1363;598;259;339
70;1276;514;228;286
70;1189;521;233;288
70;1102;479;230;249
70;1015;431;202;229
70;928;397;174;223
70;841;345;160;185
70;754;364;177;187
70;667;332;151;181
70;580;345;149;196
70;493;294;138;156
70;406;260;130;130
70;319;230;106;124
70;232;172;63;109
70;145;155;81;74
70;58;122;50;72
70;1538;559;267;292
70;1451;591;258;333
70;1364;508;224;284
70;1277;513;228;285
70;1190;471;223;248
70;1103;416;198;218
70;1016;387;166;221
70;929;351;162;189
70;842;355;169;186
70;755;321;143;178
70;668;334;140;194
70;581;286;132;154
70;494;253;125;128
70;407;224;105;119
70;320;173;62;111
70;233;154;80;74
70;146;117;50;67
70;59;199;98;101
70;1539;588;255;333
70;1452;499;223;276
70;1365;508;223;285
70;1278;459;214;245
70;1191;406;190;216
70;1104;383;166;217
70;1017;347;160;187
70;930;359;177;182
70;843;316;141;175
70;756;323;133;190
70;669;269;120;149
70;582;248;121;127
70;495;218;102;116
70;408;171;62;109
70;321;152;77;75
70;234;114;48;66
70;147;189;91;98
70;60;213;98;115
70;1540;491;221;270
70;1453;505;223;282
70;1366;454;209;245
70;1279;392;181;211
70;1192;375;165;210
70;1105;343;158;185
70;1018;357;174;183
70;931;315;143;172
70;844;316;127;189
70;757;271;122;149
70;670;244;116;128
70;583;213;101;112
70;496;168;63;105
70;409;146;77;69
70;322;112;46;66
70;235;183;90;93
70;148;206;95;111
70;61;202;87;115
70;1541;498;219;279
70;1454;440;200;240
70;1367;386;179;207
70;1280;374;161;213
70;1193;346;156;190
70;1106;347;167;180
70;1019;307;140;167
70;932;314;126;188
70;845;265;116;149
70;758;240;115;125
70;671;204;96;108
70;584;161;62;99
70;497;142;74;68
70;410;109;44;65
70;323;186;92;94
70;236;199;90;109
70;149;199;85;114
70;62;244;115;129
70;1542;431;192;239
70;1455;379;175;204
70;1368;367;158;209
70;1281;344;156;188
70;1194;336;159;177
70;1107;306;138;168
70;1020;308;122;186
70;933;279;128;151
70;846;232;110;122
70;759;195;93;102
70;672;152;56;96
70;585;134;70;64
70;498;104;41;63
70;411;178;86;92
70;324;203;93;110
70;237;197;84;113
70;150;239;113;126
70;63;251;111;140
70;1543;378;172;206
70;1456;367;158;209
70;1369;333;149;184
70;1282;335;157;178
70;1195;292;128;164
70;1108;299;115;184
70;1021;274;123;151
70;934;239;116;123
70;847;189;89;100
70;760;147;55;92
70;673;122;63;59
70;586;100;37;63
70;499;173;83;90
70;412;196;91;105
70;325;200;89;111
70;238;242;114;128
70;151;253;113;140
70;64;227;101;126
70;1544;361;153;208
70;1457;330;150;180
70;1370;330;152;178
70;1283;293;130;163
70;1196;293;112;181
70;1109;270;121;149
70;1022;229;110;119
70;935;194;88;106
70;848;140;51;89
70;761;124;64;60
70;674;97;36;61
70;587;170;80;90
70;500;189;87;102
70;413;198;89;109
70;326;248;118;130
70;239;247;109;138
70;152;222;96;126
70;65;167;67;100
70;1545;315;138;177
70;1458;319;144;175
70;1371;284;121;163
70;1284;281;108;173
70;1197;266;118;148
70;1110;222;106;116
70;1023;188;85;103
70;936;144;46;98
70;849;121;61;60
70;762;90;32;58
70;675;157;72;85
70;588;178;83;95
70;501;197;86;111
70;414;238;110;128
70;327;251;112;139
70;240;220;93;127
70;153;164;65;99
70;66;142;56;86
70;1546;321;146;175
70;1459;282;118;164
70;1372;273;105;168
70;1285;256;111;145
70;1198;216;100;116
70;1111;184;84;100
70;1024;138;43;95
70;937;131;63;68
70;850;86;29;57
70;763;152;67;85
70;676;169;78;91
70;589;189;80;109
70;502;233;108;125
70;415;245;107;138
70;328;223;95;128
70;241;161;61;100
70;154;137;51;86
70;67;101;28;73
70;1547;279;116;163
70;1460;262;99;163
70;1373;249;104;145
70;1286;209;93;116
70;1199;178;81;97
70;1112;134;40;94
70;1025;128;58;70
70;938;100;36;64
70;851;142;60;82
70;764;168;75;93
70;677;179;69;110
70;590;218;102;116
70;503;231;97;134
70;416;211;87;124
70;329;167;65;102
70;242;137;50;87
70;155;98;27;71
70;68;119;54;65
70;1548;259;97;162
70;1461;248;103;145
70;1374;201;88;113
70;1287;171;78;93
70;1200;130;38;92
70;1113;125;57;68
70;1026;99;35;64
70;939;139;55;84
70;852;165;74;91
70;765;173;68;105
70;678;208;99;109
70;591;229;94;135
70;504;208;84;124
70;417;159;62;97
70;330;136;49;87
70;243;96;25;71
70;156;114;54;60
70;69;129;52;77
70;1549;244;104;140
70;1462;193;82;111
70;1375;165;72;93
70;1288;127;36;91
70;1201;123;53;70
70;1114;94;32;62
70;1027;130;53;77
70;940;167;79;88
70;853;166;63;103
70;766;199;94;105
70;679;216;85;131
70;592;199;79;120
70;505;155;61;94
70;418;135;49;86
70;331;95;23;72
70;244;111;49;62
70;157;124;52;72
70;70;98;36;62
70;1550;196;84;112
70;1463;156;69;87
70;1376;124;34;90
70;1289;117;49;68
70;1202;93;32;61
70;1115;125;50;75
70;1028;165;77;88
70;941;179;65;114
70;854;193;91;102
70;767;207;82;125
70;680;193;76;117
70;593;146;55;91
70;506;133;48;85
70;419;93;23;70
70;332;119;52;67
70;245;116;49;67
70;158;94;32;62
70;71;83;32;51
70;1551;148;65;83
70;1464;121;33;88
70;1377;112;44;68
70;1290;92;32;60
70;1203;125;50;75
70;1116;162;74;88
70;1029;179;65;114
70;942;208;92;116
70;855;198;78;120
70;768;185;73;112
70;681;135;49;86
70;594;123;43;80
70;507;89;22;67
70;420;116;50;66
70;333;112;47;65
70;246;89;29;60
70;159;77;29;48
70;72;95;37;58
70;1552;116;30;86
70;1465;105;39;66
70;1378;86;32;54
70;1291;119;47;72
70;1204;156;68;88
70;1117;174;64;110
70;1030;205;91;114
70;943;220;84;136
70;856;176;67;109
70;769;129;48;81
70;682;122;44;78
70;595;86;21;65
70;508;108;45;63
70;421;112;45;67
70;334;89;28;61
70;247;74;27;47
70;160;91;35;56
70;73;100;31;69
70;1553;104;40;64
70;1466;82;28;54
70;1379;117;45;72
70;1292;152;66;86
70;1205;171;64;107
70;1118;196;85;111
70;1031;216;82;134
70;944;203;78;125
70;857;118;42;76
70;770;117;40;77
70;683;85;21;64
70;596;103;43;60
70;509;106;40;66
70;422;86;27;59
70;335;73;27;46
70;248;86;31;55
70;161;102;33;69
70;74;94;39;55
70;1554;81;28;53
70;1467;114;43;71
70;1380;149;63;86
70;1293;160;58;102
70;1206;191;79;112
70;1119;212;80;132
70;1032;190;69;121
70;945;134;46;88
70;858;111;37;74
70;771;83;21;62
70;684;93;37;56
70;597;102;36;66
70;510;87;28;59
70;423;69;26;43
70;336;80;29;51
70;249;97;30;67
70;162;87;35;52
70;75;73;24;49
70;1555;111;41;70
70;1468;143;57;86
70;1381;157;57;100
70;1294;187;74;113
70;1207;204;74;130
70;1120;186;66;120
70;1033;128;43;85
70;946;106;32;74
70;859;77;20;57
70;772;92;35;57
70;685;93;29;64
70;598;83;25;58
70;511;63;26;37
70;424;72;27;45
70;337;97;30;67
70;250;84;34;50
70;163;66;19;47
70;76;75;19;56
70;1556;137;53;84
70;1469;149;52;97
70;1382;174;65;109
70;1295;198;67;131
70;1208;177;65;112
70;1121;124;39;85
70;1034;100;28;72
70;947;90;23;67
70;860;86;31;55
70;773;91;27;64
70;686;82;25;57
70;599;57;22;35
70;512;68;26;42
70;425;92;28;64
70;338;87;33;54
70;251;64;18;46
70;164;63;14;49
70;77;44;9;35
70;1557;144;50;94
70;1470;166;57;109
70;1383;192;65;127
70;1296;165;56;109
70;1209;118;36;82
70;1122;95;26;69
70;1035;87;20;67
70;948;93;35;58
70;861;84;23;61
70;774;77;23;54
70;687;51;22;29
70;600;66;25;41
70;513;84;25;59
70;426;85;33;52
70;339;62;15;47
70;252;63;12;51
70;165;44;8;36
70;78;31;7;24
70;1558;156;51;105
70;1471;184;60;124
70;1384;150;50;100
70;1297;108;34;74
70;1210;91;25;66
70;1123;83;17;66
70;1036;88;31;57
70;949;99;34;65
70;862;71;22;49
70;775;51;21;30
70;688;61;18;43
70;601;79;22;57
70;514;76;30;46
70;427;59;14;45
70;340;57;8;49
70;253;40;6;34
70;166;26;5;21
70;79;25;8;17
70;1559;177;57;120
70;1472;143;48;95
70;1385;105;33;72
70;1298;85;22;63
70;1211;78;13;65
70;1124;84;28;56
70;1037;89;33;56
70;950;82;22;60
70;863;50;21;29
70;776;52;16;36
70;689;73;20;53
70;602;76;28;48
70;515;55;12;43
70;428;55;8;47
70;341;40;7;33
70;254;27;6;21
70;167;22;6;16
70;80;18;5;13
70;1560;138;44;94
70;1473;101;33;68
70;1386;81;22;59
70;1299;76;12;64
70;1212;79;27;52
70;1125;80;30;50
70;1038;76;21;55
70;951;72;23;49
70;864;47;14;33
70;777;64;17;47
70;690;61;21;40
70;603;52;10;42
70;516;46;6;40
70;429;39;8;31
70;342;29;6;23
70;255;23;6;17
70;168;19;3;16
70;81;28;8;20
70;1561;92;31;61
70;1474;77;21;56
70;1387;71;11;60
70;1300;76;27;49
70;1213;66;25;41
70;1126;73;22;51
70;1039;68;20;48
70;952;58;17;41
70;865;62;17;45
70;778;57;20;37
70;691;47;9;38
70;604;37;5;32
70;517;31;8;23
70;430;19;4;15
70;343;23;8;15
70;256;19;3;16
70;169;26;8;18
70;82;12;2;10
70;1562;66;18;48
70;1475;65;11;54
70;1388;74;27;47
70;1301;51;19;32
70;1214;65;21;44
70;1127;61;16;45
70;1040;54;14;40
70;953;70;18;52
70;866;47;17;30
70;779;43;8;35
70;692;31;4;27
70;605;27;8;19
70;518;13;1;12
70;431;22;7;15
70;344;15;2;13
70;257;25;8;17
70;170;12;1;11
70;83;16;4;12
70;1563;54;9;45
70;1476;64;21;43
70;1389;44;16;28
70;1302;62;18;44
70;1215;53;12;41
70;1128;53;12;41
70;1041;64;14;50
70;954;56;16;40
70;867;40;7;33
70;780;22;4;18
70;693;25;6;19
70;606;11;1;10
70;519;17;6;11
70;432;14;2;12
70;345;25;8;17
70;258;11;1;10
70;171;15;3;12
70;84;11;2;9
70;1564;58;20;38
70;1477;39;16;23
70;1390;51;17;34
70;1303;47;10;37
70;1216;50;11;39
70;1129;59;11;48
70;1042;47;12;35
70;955;43;8;35
70;868;14;0;14
70;781;18;5;13
70;694;9;1;8
70;607;15;5;10
70;520;14;1;13
70;433;24;7;17
70;346;10;1;9
70;259;14;3;11
70;172;11;2;9
70;85;6;0;6
70;1565;206;47;159
70;1478;203;43;160
70;1391;194;34;160
70;1304;188;34;154
70;1217;167;27;140
70;1130;137;23;114
70;1043;123;15;108
70;956;109;14;95
70;869;52;10;42
70;782;53;6;47
70;695;58;7;51
70;608;69;9;60
70;521;65;7;58
70;434;50;5;45
70;347;55;8;47
70;260;42;3;39
70;173;51;4;47
70;86;58;7;51
70;1566;18686;8719;9967
70;1479;19178;8978;10200
70;1392;19774;9252;10522
70;1305;20249;9522;10727
70;1218;20627;9663;10964
70;1131;21237;9939;11298
70;1044;21921;10282;11639
70;957;22708;10675;12033
70;870;23992;11242;12750
70;783;24644;11622;13022
70;696;25232;11898;13334
70;609;25897;12319;13578
70;522;26421;12612;13809
70;435;27302;13108;14194
70;348;27915;13422;14493
70;261;28066;13382;14684
70;174;28718;13701;15017
70;87;29697;14127;15570
71;1480;123;58;65
71;1393;139;71;68
71;1306;120;60;60
71;1219;152;69;83
71;1132;131;61;70
71;1045;171;93;78
71;958;143;88;55
71;871;124;58;66
71;784;155;82;73
71;697;159;85;74
71;610;140;68;72
71;523;169;92;77
71;436;175;89;86
71;349;159;83;76
71;262;167;88;79
71;175;181;96;85
71;88;200;96;104
71;1;218;114;104
71;1481;134;69;65
71;1394;116;60;56
71;1307;150;69;81
71;1220;128;58;70
71;1133;169;91;78
71;1046;143;88;55
71;959;121;58;63
71;872;135;79;56
71;785;157;84;73
71;698;140;67;73
71;611;167;91;76
71;524;173;87;86
71;437;159;83;76
71;350;161;84;77
71;263;176;92;84
71;176;200;94;106
71;89;218;117;101
71;2;224;114;110
71;1482;115;62;53
71;1395;144;67;77
71;1308;125;58;67
71;1221;162;86;76
71;1134;139;85;54
71;1047;122;58;64
71;960;131;79;52
71;873;136;75;61
71;786;138;66;72
71;699;167;90;77
71;612;171;86;85
71;525;156;81;75
71;438;159;83;76
71;351;173;91;82
71;264;197;93;104
71;177;224;122;102
71;90;227;117;110
71;3;217;112;105
71;1483;147;67;80
71;1396;124;56;68
71;1309;156;83;73
71;1222;135;81;54
71;1135;119;57;62
71;1048;130;79;51
71;961;131;68;63
71;874;118;57;61
71;787;162;89;73
71;700;167;84;83
71;613;151;76;75
71;526;157;81;76
71;439;169;89;80
71;352;197;93;104
71;265;220;119;101
71;178;227;117;110
71;91;217;112;105
71;4;210;103;107
71;1484;125;57;68
71;1397;152;82;70
71;1310;137;79;58
71;1223;114;55;59
71;1136;130;81;49
71;1049;129;66;63
71;962;119;57;62
71;875;148;79;69
71;788;164;83;81
71;701;149;75;74
71;614;148;78;70
71;527;166;89;77
71;440;191;92;99
71;353;221;121;100
71;266;229;118;111
71;179;209;107;102
71;92;207;102;105
71;5;229;126;103
71;1485;151;79;72
71;1398;129;74;55
71;1311;112;54;58
71;1224;125;79;46
71;1137;127;65;62
71;1050;115;54;61
71;963;144;78;66
71;876;152;80;72
71;789;148;75;73
71;702;150;78;72
71;615;162;88;74
71;528;191;92;99
71;441;217;119;98
71;354;225;116;109
71;267;209;107;102
71;180;206;102;104
71;93;230;125;105
71;6;235;116;119
71;1486;127;71;56
71;1399;112;55;57
71;1312;126;79;47
71;1225;118;60;58
71;1138;114;53;61
71;1051;146;82;64
71;964;152;80;72
71;877;119;64;55
71;790;148;77;71
71;703;157;84;73
71;616;189;90;99
71;529;214;116;98
71;442;221;114;107
71;355;203;106;97
71;268;201;101;100
71;181;225;124;101
71;94;236;117;119
71;7;243;118;125
71;1487;111;53;58
71;1400;124;78;46
71;1313;118;62;56
71;1226;114;53;61
71;1139;142;83;59
71;1052;154;82;72
71;965;116;63;53
71;878;146;75;71
71;791;159;84;75
71;704;187;89;98
71;617;209;114;95
71;530;219;111;108
71;443;203;106;97
71;356;200;101;99
71;269;224;124;100
71;182;234;117;117
71;95;243;120;123
71;8;290;158;132
71;1488;124;77;47
71;1401;120;62;58
71;1314;113;55;58
71;1227;140;79;61
71;1140;154;82;72
71;1053;114;62;52
71;966;146;76;70
71;879;143;76;67
71;792;184;88;96
71;705;208;113;95
71;618;217;110;107
71;531;204;107;97
71;444;197;98;99
71;357;221;124;97
71;270;226;113;113
71;183;246;120;126
71;96;289;155;134
71;9;339;161;178
71;1489;120;64;56
71;1402;113;54;59
71;1315;139;79;60
71;1228;155;83;72
71;1141;112;61;51
71;1054;148;76;72
71;967;140;74;66
71;880;171;89;82
71;793;207;112;95
71;706;220;112;108
71;619;201;105;96
71;532;194;96;98
71;445;222;124;98
71;358;222;111;111
71;271;243;118;125
71;184;291;158;133
71;97;337;158;179
71;10;348;188;160
71;1490;111;51;60
71;1403;139;79;60
71;1316;155;85;70
71;1229;111;60;51
71;1142;145;74;71
71;1055;136;74;62
71;968;169;87;82
71;881;200;105;95
71;794;218;110;108
71;707;197;104;93
71;620;191;94;97
71;533;215;121;94
71;446;221;111;110
71;359;242;117;125
71;272;288;156;132
71;185;335;160;175
71;98;346;187;159
71;11;362;184;178
71;1491;139;79;60
71;1404;155;82;73
71;1317;111;58;53
71;1230;;72;70
71;1143;133;73;60
71;1056;166;87;79
71;969;195;102;93
71;882;201;100;101
71;795;197;105;92
71;708;190;94;96
71;621;215;123;92
71;534;220;111;109
71;447;240;116;124
71;360;290;158;132
71;273;333;158;175
71;186;349;187;162
71;99;360;183;177
71;12;335;154;181
71;1492;152;81;71
71;1405;112;58;54
71;1318;136;66;70
71;1231;133;72;61
71;1144;169;89;80
71;1057;194;100;94
71;970;198;96;102
71;883;194;104;90
71;796;186;95;91
71;709;216;124;92
71;622;221;111;110
71;535;241;119;122
71;448;288;157;131
71;361;329;156;173
71;274;342;185;157
71;187;357;182;175
71;100;332;152;180
71;13;357;174;183
71;1493;112;58;54
71;1406;136;67;69
71;1319;135;73;62
71;1232;169;89;80
71;1145;192;99;93
71;1058;193;94;99
71;971;193;103;90
71;884;199;103;96
71;797;212;121;91
71;710;218;109;109
71;623;240;118;122
71;536;282;153;129
71;449;330;155;175
71;362;337;181;156
71;275;354;183;171
71;188;330;153;177
71;101;356;173;183
71;14;400;206;194
71;1494;135;65;70
71;1407;133;73;60
71;1320;166;87;79
71;1233;195;100;95
71;1146;193;94;99
71;1059;193;103;90
71;972;198;102;96
71;885;209;119;90
71;798;218;108;110
71;711;236;116;120
71;624;281;151;130
71;537;328;156;172
71;450;332;180;152
71;363;349;180;169
71;276;328;152;176
71;189;354;170;184
71;102;394;204;190
71;15;403;221;182
71;1495;130;73;57
71;1408;165;87;78
71;1321;195;100;95
71;1234;193;95;98
71;1147;192;102;90
71;1060;197;101;96
71;973;207;116;91
71;886;212;103;109
71;799;235;115;120
71;712;278;148;130
71;625;322;150;172
71;538;330;178;152
71;451;339;177;162
71;364;325;148;177
71;277;347;168;179
71;190;386;198;188
71;103;396;215;181
71;16;366;187;179
71;1496;166;87;79
71;1409;192;98;94
71;1322;191;94;97
71;1235;191;102;89
71;1148;193;99;94
71;1061;207;116;91
71;974;214;104;110
71;887;235;117;118
71;800;275;146;129
71;713;319;149;170
71;626;330;177;153
71;539;334;175;159
71;452;313;141;172
71;365;345;165;180
71;278;381;195;186
71;191;389;209;180
71;104;363;186;177
71;17;342;168;174
71;1497;190;96;94
71;1410;190;94;96
71;1323;189;99;90
71;1236;196;98;98
71;1149;205;115;90
71;1062;215;105;110
71;975;233;115;118
71;888;265;140;125
71;801;316;148;168
71;714;330;178;152
71;627;329;173;156
71;540;311;141;170
71;453;335;161;174
71;366;373;191;182
71;279;385;208;177
71;192;357;182;175
71;105;332;164;168
71;18;361;194;167
71;1498;187;93;94
71;1411;186;97;89
71;1324;196;98;98
71;1237;204;112;92
71;1150;216;105;111
71;1063;232;113;119
71;976;261;136;125
71;889;299;140;159
71;802;326;174;152
71;715;321;169;152
71;628;301;138;163
71;541;330;159;171
71;454;361;183;178
71;367;375;202;173
71;280;349;177;172
71;193;329;161;168
71;106;349;192;157
71;19;282;147;135
71;1499;170;89;81
71;1412;189;98;91
71;1325;195;107;88
71;1238;211;103;108
71;1151;232;113;119
71;1064;257;134;123
71;977;291;134;157
71;890;281;158;123
71;803;318;169;149
71;716;297;134;163
71;629;319;155;164
71;542;349;177;172
71;455;352;189;163
71;368;332;168;164
71;281;317;158;159
71;194;344;189;155
71;107;277;145;132
71;20;225;127;98
71;1500;174;92;82
71;1413;190;108;82
71;1326;201;97;104
71;1239;223;108;115
71;1152;252;131;121
71;1065;290;132;158
71;978;273;154;119
71;891;270;141;129
71;804;293;132;161
71;717;314;154;160
71;630;342;173;169
71;543;336;185;151
71;456;311;157;154
71;369;302;151;151
71;282;343;187;156
71;195;269;141;128
71;108;218;120;98
71;21;215;123;92
71;1501;176;102;74
71;1414;196;92;104
71;1327;216;103;113
71;1240;249;129;120
71;1153;281;128;153
71;1066;268;150;118
71;979;269;140;129
71;892;226;113;113
71;805;302;149;153
71;718;336;169;167
71;631;327;177;150
71;544;295;149;146
71;457;284;142;142
71;370;328;178;150
71;283;261;138;123
71;196;210;118;92
71;109;213;118;95
71;22;207;114;93
71;1502;181;86;95
71;1415;215;101;114
71;1328;234;118;116
71;1241;277;127;150
71;1154;261;144;117
71;1067;259;136;123
71;980;210;104;106
71;893;234;117;117
71;806;325;164;161
71;719;314;169;145
71;632;290;146;144
71;545;276;140;136
71;458;300;165;135
71;371;248;132;116
71;284;205;117;88
71;197;210;116;94
71;110;212;118;94
71;23;220;127;93
71;1503;197;90;107
71;1416;224;117;107
71;1329;267;121;146
71;1242;254;139;115
71;1155;250;132;118
71;1068;199;100;99
71;981;211;111;100
71;894;240;135;105
71;807;297;155;142
71;720;285;146;139
71;633;270;136;134
71;546;289;160;129
71;459;228;123;105
71;372;197;116;81
71;285;195;112;83
71;198;213;116;97
71;111;226;129;97
71;24;214;105;109
71;1504;218;111;107
71;1417;252;116;136
71;1330;238;133;105
71;1243;245;131;114
71;1156;196;102;94
71;1069;187;105;82
71;982;224;125;99
71;895;225;128;97
71;808;276;140;136
71;721;259;133;126
71;634;281;158;123
71;547;213;117;96
71;460;181;113;68
71;373;180;109;71
71;286;197;110;87
71;199;225;130;95
71;112;207;100;107
71;25;244;125;119
71;1505;234;116;118
71;1418;220;124;96
71;1331;236;127;109
71;1244;186;97;89
71;1157;175;99;76
71;1070;210;121;89
71;983;204;123;81
71;896;200;115;85
71;809;252;129;123
71;722;269;153;116
71;635;207;115;92
71;548;169;105;64
71;461;158;98;60
71;374;186;105;81
71;287;215;126;89
71;200;209;101;108
71;113;239;125;114
71;26;226;125;101
71;1506;200;112;88
71;1419;217;121;96
71;1332;172;88;84
71;1245;160;96;64
71;1158;192;115;77
71;1071;188;116;72
71;984;188;110;78
71;897;174;93;81
71;810;259;147;112
71;723;196;108;88
71;636;158;100;58
71;549;147;94;53
71;462;175;96;79
71;375;204;122;82
71;288;197;94;103
71;201;231;122;109
71;114;223;126;97
71;27;226;125;101
71;1507;197;108;89
71;1420;152;77;75
71;1333;147;95;52
71;1246;177;112;65
71;1159;173;109;64
71;1072;172;99;73
71;985;161;87;74
71;898;201;118;83
71;811;186;107;79
71;724;155;98;57
71;637;128;86;42
71;550;170;91;79
71;463;190;114;76
71;376;181;86;95
71;289;220;118;102
71;202;216;120;96
71;115;223;125;98
71;28;235;123;112
71;1508;140;72;68
71;1421;128;89;39
71;1334;164;106;58
71;1247;164;109;55
71;1160;163;98;65
71;1073;154;88;66
71;986;194;114;80
71;899;160;81;79
71;812;148;95;53
71;725;115;78;37
71;638;160;86;74
71;551;177;109;68
71;464;171;78;93
71;377;214;114;100
71;290;202;110;92
71;203;220;122;98
71;116;231;125;106
71;29;276;151;125
71;1509;116;86;30
71;1422;155;103;52
71;1335;146;103;43
71;1248;153;94;59
71;1161;148;86;62
71;1074;188;110;78
71;987;143;73;70
71;900;140;79;61
71;813;109;76;33
71;726;150;82;68
71;639;169;108;61
71;552;161;71;90
71;465;202;110;92
71;378;192;108;84
71;291;208;115;93
71;204;229;122;107
71;117;269;147;122
71;30;252;124;128
71;1510;135;89;46
71;1423;136;97;39
71;1336;145;91;54
71;1249;143;84;59
71;1162;166;99;67
71;1075;133;70;63
71;988;128;77;51
71;901;142;80;62
71;814;141;75;66
71;727;159;104;55
71;640;155;67;88
71;553;192;105;87
71;466;190;107;83
71;379;199;110;89
71;292;225;119;106
71;205;264;143;121
71;118;245;122;123
71;31;276;138;138
71;1511;121;82;39
71;1424;130;81;49
71;1337;124;73;51
71;1250;159;93;66
71;1163;128;69;59
71;1076;125;74;51
71;989;133;78;55
71;902;167;87;80
71;815;154;101;53
71;728;148;66;82
71;641;177;94;83
71;554;181;102;79
71;467;188;102;86
71;380;220;115;105
71;293;262;142;120
71;206;244;122;122
71;119;276;137;139
71;32;285;149;136
71;1512;118;76;42
71;1425;104;57;47
71;1338;150;87;63
71;1251;119;65;54
71;1164;118;71;47
71;1077;131;76;55
71;990;160;82;78
71;903;176;99;77
71;816;137;61;76
71;729;169;91;78
71;642;174;97;77
71;555;178;96;82
71;468;205;111;94
71;381;250;132;118
71;294;236;119;117
71;207;273;137;136
71;120;282;149;133
71;33;282;148;134
71;1513;104;57;47
71;1426;146;86;60
71;1339;120;67;53
71;1252;116;72;44
71;1165;134;79;55
71;1078;153;82;71
71;991;172;94;78
71;904;175;90;85
71;817;160;85;75
71;730;169;97;72
71;643;176;97;79
71;556;202;112;90
71;469;241;129;112
71;382;228;117;111
71;295;272;137;135
71;208;280;151;129
71;121;282;149;133
71;34;291;141;150
71;1514;131;76;55
71;1427;109;61;48
71;1340;114;66;48
71;1253;136;81;55
71;1166;151;84;67
71;1079;165;89;76
71;992;169;88;81
71;905;195;103;92
71;818;168;98;70
71;731;171;92;79
71;644;194;107;87
71;557;231;122;109
71;470;223;115;108
71;383;266;134;132
71;296;279;153;126
71;209;276;147;129
71;122;282;137;145
71;35;289;140;149
71;1515;103;60;43
71;1428;104;61;43
71;1341;129;73;56
71;1254;145;81;64
71;1167;167;91;76
71;1080;167;88;79
71;993;185;99;86
71;906;196;110;86
71;819;165;89;76
71;732;189;106;83
71;645;226;120;106
71;558;218;112;106
71;471;259;128;131
71;384;270;148;122
71;297;271;143;128
71;210;277;135;142
71;123;281;134;147
71;36;315;169;146
71;1516;96;53;43
71;1429;121;69;52
71;1342;144;78;66
71;1255;154;82;72
71;1168;159;84;75
71;1081;176;92;84
71;994;188;103;85
71;907;199;102;97
71;820;183;103;80
71;733;222;117;105
71;646;212;109;103
71;559;256;129;127
71;472;266;145;121
71;385;265;139;126
71;298;274;132;142
71;211;280;133;147
71;124;309;168;141
71;37;329;174;155
71;1517;114;64;50
71;1430;138;77;61
71;1343;156;83;73
71;1256;161;87;74
71;1169;175;95;80
71;1082;186;101;85
71;995;194;98;96
71;908;213;107;106
71;821;223;119;104
71;734;204;102;102
71;647;253;125;128
71;560;259;141;118
71;473;258;137;121
71;386;273;127;146
71;299;276;131;145
71;212;308;168;140
71;125;325;170;155
71;38;324;167;157
71;1518;136;75;61
71;1431;148;78;70
71;1344;159;85;74
71;1257;177;98;79
71;1170;180;97;83
71;1083;188;94;94
71;996;211;105;106
71;909;231;113;118
71;822;204;102;102
71;735;245;121;124
71;648;257;141;116
71;561;256;136;120
71;474;266;123;143
71;387;267;127;140
71;300;305;165;140
71;213;324;167;157
71;126;318;165;153
71;39;324;169;155
71;1519;142;74;68
71;1432;154;81;73
71;1345;174;97;77
71;1258;174;95;79
71;1171;184;93;91
71;1084;206;100;106
71;997;228;110;118
71;910;235;123;112
71;823;246;122;124
71;736;251;138;113
71;649;260;140;120
71;562;257;117;140
71;475;262;125;137
71;388;302;166;136
71;301;319;166;153
71;214;313;165;148
71;127;321;166;155
71;40;337;164;173
71;1520;149;79;70
71;1433;173;96;77
71;1346;171;94;77
71;1259;183;91;92
71;1172;205;100;105
71;1085;223;105;118
71;998;241;126;115
71;911;261;134;127
71;824;250;137;113
71;737;248;130;118
71;650;256;117;139
71;563;258;122;136
71;476;293;160;133
71;389;312;161;151
71;302;306;161;145
71;215;319;166;153
71;128;330;160;170
71;41;327;178;149
71;1521;167;92;75
71;1434;174;95;79
71;1347;180;91;89
71;1260;207;103;104
71;1173;224;102;122
71;1086;243;127;116
71;999;257;131;126
71;912;257;142;115
71;825;249;131;118
71;738;251;114;137
71;651;252;120;132
71;564;287;156;131
71;477;311;160;151
71;390;300;157;143
71;303;313;164;149
71;216;328;158;170
71;129;323;175;148
71;42;333;180;153
71;1522;169;93;76
71;1435;176;85;91
71;1348;208;103;105
71;1261;226;105;121
71;1174;245;132;113
71;1087;254;132;122
71;1000;251;137;114
71;913;274;140;134
71;826;242;108;134
71;739;247;117;130
71;652;278;152;126
71;565;306;158;148
71;478;294;156;138
71;391;310;160;150
71;304;327;158;169
71;217;321;172;149
71;130;328;177;151
71;43;320;149;171
71;1523;178;85;93
71;1436;210;105;105
71;1349;226;104;122
71;1262;241;130;111
71;1175;251;129;122
71;1088;253;137;116
71;1001;270;141;129
71;914;267;122;145
71;827;249;119;130
71;740;274;149;125
71;653;304;157;147
71;566;291;153;138
71;479;302;156;146
71;392;325;158;167
71;305;319;172;147
71;218;322;172;150
71;131;316;144;172
71;44;304;153;151
71;1524;204;101;103
71;1437;224;102;122
71;1350;240;128;112
71;1263;249;127;122
71;1176;251;136;115
71;1089;271;141;130
71;1002;267;124;143
71;915;273;132;141
71;828;268;145;123
71;741;299;153;146
71;654;283;149;134
71;567;299;157;142
71;480;324;157;167
71;393;316;172;144
71;306;312;164;148
71;219;313;144;169
71;132;301;151;150
71;45;277;135;142
71;1525;219;100;119
71;1438;236;126;110
71;1351;249;129;120
71;1264;253;137;116
71;1177;269;142;127
71;1090;264;122;142
71;1003;270;130;140
71;916;286;146;140
71;829;297;151;146
71;742;277;149;128
71;655;288;149;139
71;568;321;157;164
71;481;316;172;144
71;394;305;159;146
71;307;305;138;167
71;220;296;147;149
71;133;269;131;138
71;46;282;150;132
71;1526;235;128;107
71;1439;245;127;118
71;1352;251;135;116
71;1265;266;138;128
71;1178;261;121;140
71;1091;272;129;143
71;1004;285;144;141
71;917;310;163;147
71;830;273;146;127
71;743;283;147;136
71;656;320;157;163
71;569;312;173;139
71;482;302;158;144
71;395;304;137;167
71;308;292;144;148
71;221;269;131;138
71;134;282;150;132
71;47;276;150;126
71;1527;242;127;115
71;1440;251;136;115
71;1353;266;139;127
71;1266;263;123;140
71;1179;267;123;144
71;1092;287;143;144
71;1005;304;161;143
71;918;289;150;139
71;831;276;140;136
71;744;317;155;162
71;657;310;173;137
71;570;295;152;143
71;483;300;135;165
71;396;284;135;149
71;309;266;128;138
71;222;283;149;134
71;135;275;147;128
71;48;230;120;110
71;1528;247;134;113
71;1441;265;137;128
71;1354;260;121;139
71;1267;268;121;147
71;1180;282;141;141
71;1093;301;158;143
71;1006;292;150;142
71;919;287;141;146
71;832;315;154;161
71;745;305;169;136
71;658;289;145;144
71;571;295;131;164
71;484;283;134;149
71;397;261;127;134
71;310;272;139;133
71;223;271;145;126
71;136;224;115;109
71;49;275;134;141
71;1529;261;136;125
71;1442;258;118;140
71;1355;266;117;149
71;1268;281;140;141
71;1181;301;157;144
71;1094;288;149;139
71;1007;283;137;146
71;920;310;148;162
71;833;302;166;136
71;746;288;145;143
71;659;295;131;164
71;572;278;133;145
71;485;257;123;134
71;398;262;136;126
71;311;265;142;123
71;224;225;117;108
71;137;270;130;140
71;50;257;121;136
71;1530;256;115;141
71;1443;265;119;146
71;1356;276;136;140
71;1269;304;160;144
71;1182;281;146;135
71;1095;284;140;144
71;1008;308;148;160
71;921;296;163;133
71;834;284;141;143
71;747;288;127;161
71;660;273;127;146
71;573;248;116;132
71;486;258;134;124
71;399;258;137;121
71;312;218;110;108
71;225;267;129;138
71;138;255;119;136
71;51;273;117;156
71;1531;265;114;151
71;1444;274;134;140
71;1357;299;157;142
71;1270;282;145;137
71;1183;285;141;144
71;1096;310;148;162
71;1009;295;161;134
71;922;289;146;143
71;835;289;128;161
71;748;271;127;144
71;661;241;110;131
71;574;257;131;126
71;487;260;140;120
71;400;214;109;105
71;313;268;128;140
71;226;252;118;134
71;139;270;118;152
71;52;269;131;138
71;1532;269;132;137
71;1445;294;152;142
71;1358;281;146;135
71;1271;281;138;143
71;1184;310;148;162
71;1097;298;161;137
71;1010;286;144;142
71;923;282;123;159
71;836;271;127;144
71;749;237;107;130
71;662;252;127;125
71;575;252;134;118
71;488;205;102;103
71;401;265;127;138
71;314;248;116;132
71;227;268;118;150
71;140;262;128;134
71;53;257;126;131
71;1533;291;149;142
71;1446;280;146;134
71;1359;276;135;141
71;1272;311;147;164
71;1185;297;160;137
71;1098;279;139;140
71;1011;278;117;161
71;924;270;136;134
71;837;239;108;131
71;750;240;120;120
71;663;246;132;114
71;576;197;96;101
71;489;268;130;138
71;402;248;113;135
71;315;260;113;147
71;228;260;127;133
71;141;253;124;129
71;54;258;125;133
71;1534;284;147;137
71;1447;271;132;139
71;1360;309;143;166
71;1273;295;158;137
71;1186;276;134;142
71;1099;278;115;163
71;1012;269;135;134
71;925;255;121;134
71;838;237;118;119
71;751;243;130;113
71;664;189;91;98
71;577;268;128;140
71;490;241;109;132
71;403;252;106;146
71;316;256;124;132
71;229;248;119;129
71;142;257;127;130
71;55;211;108;103
71;1535;266;128;138
71;1448;301;138;163
71;1361;294;157;137
71;1274;277;134;143
71;1187;278;115;163
71;1100;268;133;135
71;1013;254;120;134
71;926;237;111;126
71;839;244;130;114
71;752;185;88;97
71;665;264;127;137
71;578;240;108;132
71;491;250;107;143
71;404;254;122;132
71;317;244;116;128
71;230;248;120;128
71;143;207;107;100
71;56;261;127;134
71;1536;297;136;161
71;1449;291;154;137
71;1362;279;137;142
71;1275;277;114;163
71;1188;267;131;136
71;1101;254;118;136
71;1014;233;108;125
71;927;251;137;114
71;840;184;88;96
71;753;253;119;134
71;666;233;104;129
71;579;247;105;142
71;492;242;112;130
71;405;241;114;127
71;318;243;117;126
71;231;206;105;101
71;144;259;127;132
71;57;239;114;125
71;1537;285;149;136
71;1450;273;134;139
71;1363;277;113;164
71;1276;270;130;140
71;1189;254;118;136
71;1102;230;105;125
71;1015;244;135;109
71;928;199;98;101
71;841;251;120;131
71;754;226;98;128
71;667;242;104;138
71;580;239;109;130
71;493;238;112;126
71;406;242;116;126
71;319;205;104;101
71;232;257;123;134
71;145;230;109;121
71;58;266;114;152
71;1538;272;134;138
71;1451;275;111;164
71;1364;272;131;141
71;1277;257;118;139
71;1190;227;100;127
71;1103;238;129;109
71;1016;194;96;98
71;929;256;121;135
71;842;222;95;127
71;755;234;100;134
71;668;239;108;131
71;581;233;109;124
71;494;241;117;124
71;407;202;103;99
71;320;251;118;133
71;233;228;107;121
71;146;261;110;151
71;59;274;121;153
71;1539;264;105;159
71;1452;265;123;142
71;1365;254;114;140
71;1278;226;99;127
71;1191;238;128;110
71;1104;192;93;99
71;1017;252;116;136
71;930;227;97;130
71;843;236;103;133
71;756;233;103;130
71;669;226;104;122
71;582;236;115;121
71;495;201;102;99
71;408;248;118;130
71;321;226;106;120
71;234;254;105;149
71;147;268;119;149
71;60;305;143;162
71;1540;263;123;140
71;1453;247;109;138
71;1366;220;94;126
71;1279;238;125;113
71;1192;187;90;97
71;1105;243;109;134
71;1018;229;98;131
71;931;239;100;139
71;844;231;101;130
71;757;217;100;117
71;670;234;114;120
71;583;196;99;97
71;496;241;113;128
71;409;215;98;117
71;322;254;105;149
71;235;260;114;146
71;148;309;145;164
71;61;263;115;148
71;1541;245;107;138
71;1454;216;90;126
71;1367;236;124;112
71;1280;180;85;95
71;1193;238;105;133
71;1106;220;91;129
71;1019;233;95;138
71;932;228;95;133
71;845;218;100;118
71;758;231;112;119
71;671;189;94;95
71;584;234;111;123
71;497;214;97;117
71;410;249;102;147
71;323;250;108;142
71;236;305;143;162
71;149;263;114;149
71;62;265;110;155
71;1542;216;89;127
71;1455;233;120;113
71;1368;176;83;93
71;1281;232;102;130
71;1194;213;88;125
71;1107;229;91;138
71;1020;225;92;133
71;933;223;103;120
71;846;224;107;117
71;759;183;92;91
71;672;232;110;122
71;585;208;91;117
71;498;242;98;144
71;411;243;104;139
71;324;299;141;158
71;237;262;111;151
71;150;264;108;156
71;63;300;122;178
71;1543;223;115;108
71;1456;173;82;91
71;1369;225;96;129
71;1282;210;87;123
71;1195;223;85;138
71;1108;223;91;132
71;1021;218;98;120
71;934;221;105;116
71;847;182;90;92
71;760;227;107;120
71;673;207;91;116
71;586;237;96;141
71;499;234;97;137
71;412;300;142;158
71;325;261;110;151
71;238;261;105;156
71;151;298;120;178
71;64;250;110;140
71;1544;164;75;89
71;1457;220;92;128
71;1370;202;79;123
71;1283;217;82;135
71;1196;221;90;131
71;1109;214;93;121
71;1022;215;100;115
71;935;176;84;92
71;848;220;101;119
71;761;202;87;115
71;674;232;95;137
71;587;228;92;136
71;500;288;134;154
71;413;256;107;149
71;326;255;100;155
71;239;297;119;178
71;152;250;109;141
71;65;296;134;162
71;1545;219;92;127
71;1458;200;79;121
71;1371;217;82;135
71;1284;220;90;130
71;1197;210;91;119
71;1110;209;96;113
71;1023;171;79;92
71;936;210;96;114
71;849;199;86;113
71;762;227;89;138
71;675;223;90;133
71;588;286;133;153
71;501;241;96;145
71;414;255;99;156
71;327;288;114;174
71;240;247;103;144
71;153;294;135;159
71;66;296;134;162
71;1546;202;80;122
71;1459;216;84;132
71;1372;218;87;131
71;1285;208;85;123
71;1198;203;91;112
71;1111;171;79;92
71;1024;202;90;112
71;937;211;91;120
71;850;219;82;137
71;763;214;86;128
71;676;275;123;152
71;589;233;88;145
71;502;249;96;153
71;415;281;105;176
71;328;245;99;146
71;241;295;132;163
71;154;292;131;161
71;67;275;128;147
71;1547;208;79;129
71;1460;215;85;130
71;1373;199;79;120
71;1286;197;85;112
71;1199;165;75;90
71;1112;201;90;111
71;1025;206;87;119
71;938;215;81;134
71;851;210;84;126
71;764;273;123;150
71;677;234;88;146
71;590;243;91;152
71;503;273;100;173
71;416;232;93;139
71;329;278;115;163
71;242;285;127;158
71;155;272;124;148
71;68;319;118;201
71;1548;211;83;128
71;1461;192;75;117
71;1374;189;78;111
71;1287;165;75;90
71;1200;192;85;107
71;1113;202;83;119
71;1026;210;76;134
71;939;209;88;121
71;852;264;116;148
71;765;229;85;144
71;678;239;89;150
71;591;268;98;170
71;504;220;85;135
71;417;272;110;162
71;330;278;120;158
71;243;263;116;147
71;156;311;114;197
71;69;289;98;191
71;1549;188;70;118
71;1462;186;74;112
71;1375;163;71;92
71;1288;185;78;107
71;1201;198;81;117
71;1114;199;73;126
71;1027;205;86;119
71;940;252;111;141
71;853;224;80;144
71;766;233;85;148
71;679;261;93;168
71;592;214;81;133
71;505;263;103;160
71;418;272;116;156
71;331;259;111;148
71;244;304;106;198
71;157;282;96;186
71;70;320;117;203
71;1550;181;71;110
71;1463;158;67;91
71;1376;185;79;106
71;1289;190;76;114
71;1202;190;68;122
71;1115;196;82;114
71;1028;240;104;136
71;941;213;76;137
71;854;221;76;145
71;767;252;88;164
71;680;205;73;132
71;593;256;101;155
71;506;258;106;152
71;419;251;106;145
71;332;291;97;194
71;245;272;91;181
71;158;315;115;200
71;71;267;114;153
71;1551;154;64;90
71;1464;175;73;102
71;1377;181;68;113
71;1290;185;63;122
71;1203;185;75;110
71;1116;228;94;134
71;1029;203;68;135
71;942;218;72;146
71;855;247;85;162
71;768;199;72;127
71;681;247;95;152
71;594;250;99;151
71;507;246;103;143
71;420;278;88;190
71;333;262;83;179
71;246;308;113;195
71;159;261;107;154
71;72;273;94;179
71;1552;169;70;99
71;1465;168;61;107
71;1378;181;61;120
71;1291;177;70;107
71;1204;217;87;130
71;1117;201;67;134
71;1030;215;69;146
71;943;233;79;154
71;856;191;65;126
71;769;239;90;149
71;682;242;96;146
71;595;240;100;140
71;508;263;81;182
71;421;253;78;175
71;334;287;104;183
71;247;258;106;152
71;160;269;92;177
71;73;295;90;205
71;1553;161;60;101
71;1466;172;57;115
71;1379;170;65;105
71;1292;209;80;129
71;1205;193;62;131
71;1118;213;68;145
71;1031;228;78;150
71;944;178;58;120
71;857;227;83;144
71;770;240;94;146
71;683;236;97;139
71;596;256;79;177
71;509;244;76;168
71;422;274;97;177
71;335;252;101;151
71;248;263;90;173
71;161;285;85;200
71;74;276;102;174
71;1554;164;53;111
71;1467;167;63;104
71;1380;206;78;128
71;1293;184;56;128
71;1206;204;63;141
71;1119;227;78;149
71;1032;171;55;116
71;945;212;73;139
71;858;223;81;142
71;771;220;91;129
71;684;249;75;174
71;597;232;71;161
71;510;254;84;170
71;423;246;98;148
71;336;254;84;170
71;249;284;84;200
71;162;272;101;171
71;75;222;61;161
71;1555;161;60;101
71;1468;194;69;125
71;1381;173;53;120
71;1294;196;60;136
71;1207;215;71;144
71;1120;169;53;116
71;1033;204;69;135
71;946;213;75;138
71;859;206;85;121
71;772;244;75;169
71;685;219;64;155
71;598;238;75;163
71;511;226;90;136
71;424;239;81;158
71;337;271;80;191
71;250;262;96;166
71;163;216;56;160
71;76;240;74;166
71;1556;191;68;123
71;1469;163;51;112
71;1382;186;55;131
71;1295;207;68;139
71;1208;164;51;113
71;1121;195;63;132
71;1034;206;70;136
71;947;198;79;119
71;860;231;65;166
71;773;210;60;150
71;686;223;66;157
71;599;218;84;134
71;512;227;72;155
71;425;249;71;178
71;338;241;86;155
71;251;206;49;157
71;164;234;71;163
71;77;196;52;144
71;1557;150;44;106
71;1470;178;53;125
71;1383;194;61;133
71;1296;153;47;106
71;1209;184;60;124
71;1122;197;68;129
71;1035;187;72;115
71;948;221;60;161
71;861;200;52;148
71;774;208;59;149
71;687;203;80;123
71;600;214;68;146
71;513;237;66;171
71;426;225;79;146
71;339;196;49;147
71;252;221;64;157
71;165;188;50;138
71;78;201;53;148
71;1558;172;50;122
71;1471;184;56;128
71;1384;147;44;103
71;1297;174;56;118
71;1210;184;60;124
71;1123;174;62;112
71;1036;206;57;149
71;949;179;47;132
71;862;196;54;142
71;775;193;76;117
71;688;200;60;140
71;601;228;60;168
71;514;214;76;138
71;427;178;44;134
71;340;210;56;154
71;253;186;49;137
71;166;192;48;144
71;79;170;45;125
71;1559;174;49;125
71;1472;137;40;97
71;1385;162;47;115
71;1298;180;58;122
71;1211;161;56;105
71;1124;198;52;146
71;1037;164;45;119
71;950;182;50;132
71;863;177;71;106
71;776;193;58;135
71;689;209;51;158
71;602;200;66;134
71;515;162;43;119
71;428;194;51;143
71;341;175;45;130
71;254;177;43;134
71;167;161;40;121
71;80;149;37;112
71;1560;130;35;95
71;1473;150;45;105
71;1386;170;54;116
71;1299;152;50;102
71;1212;186;45;141
71;1125;159;44;115
71;1038;164;43;121
71;951;159;59;100
71;864;181;51;130
71;777;195;47;148
71;690;185;61;124
71;603;147;36;111
71;516;187;51;136
71;429;165;41;124
71;342;171;40;131
71;255;144;34;110
71;168;140;35;105
71;81;154;44;110
71;1561;143;41;102
71;1474;160;49;111
71;1387;145;46;99
71;1300;171;43;128
71;1213;151;42;109
71;1126;148;37;111
71;1039;143;51;92
71;952;160;40;120
71;865;183;43;140
71;778;164;54;110
71;691;142;34;108
71;604;176;49;127
71;517;160;38;122
71;430;156;35;121
71;343;130;26;104
71;256;137;32;105
71;169;135;39;96
71;82;89;21;68
71;1562;153;45;108
71;1475;134;41;93
71;1388;153;38;115
71;1301;145;41;104
71;1214;136;34;102
71;1127;129;48;81
71;1040;153;38;115
71;953;152;33;119
71;866;146;47;99
71;779;130;27;103
71;692;161;42;119
71;605;151;34;117
71;518;147;32;115
71;431;118;26;92
71;344;126;29;97
71;257;123;34;89
71;170;80;18;62
71;83;74;11;63
71;1563;123;39;84
71;1476;137;30;107
71;1389;137;39;98
71;1302;127;31;96
71;1215;121;46;75
71;1128;141;32;109
71;1041;131;28;103
71;954;131;37;94
71;867;118;23;95
71;780;143;37;106
71;693;134;29;105
71;606;136;29;107
71;519;109;24;85
71;432;108;25;83
71;345;108;29;79
71;258;70;17;53
71;171;69;11;58
71;84;72;17;55
71;1564;125;26;99
71;1477;119;34;85
71;1390;111;28;83
71;1303;111;41;70
71;1216;125;24;101
71;1129;114;21;93
71;1042;115;31;84
71;955;105;20;85
71;868;124;32;92
71;781;121;26;95
71;694;118;28;90
71;607;100;21;79
71;520;104;20;84
71;433;92;27;65
71;346;61;15;46
71;259;64;9;55
71;172;63;14;49
71;85;58;16;42
71;1565;556;118;438
71;1478;565;127;438
71;1391;555;131;424
71;1304;545;113;432
71;1217;521;115;406
71;1130;499;119;380
71;1043;489;111;378
71;956;472;106;366
71;869;422;104;318
71;782;397;100;297
71;695;392;106;286
71;608;382;101;281
71;521;345;93;252
71;434;331;86;245
71;347;351;90;261
71;260;361;98;263
71;173;401;103;298
71;86;407;104;303
71;1566;15668;7300;8368
71;1479;16169;7564;8605
71;1392;16636;7786;8850
71;1305;17035;7991;9044
71;1218;17316;8132;9184
71;1131;17693;8298;9395
71;1044;18013;8442;9571
71;957;18472;8644;9828
71;870;19013;8899;10114
71;783;19409;9093;10316
71;696;19891;9306;10585
71;609;20376;9531;10845
71;522;20816;9735;11081
71;435;21386;10008;11378
71;348;21927;10246;11681
71;261;22394;10481;11913
71;174;22647;10599;12048
71;87;22863;10690;12173
